9 0.40764396296099303 0.8585169159640671 0.027073420688572547 0.060248019237293705
9 0.3944048637792997 0.7698810018989166 0.02685516587924912 0.05399801923729371
9 0.448670723127794 0.6703373588851582 0.025074411069925695 0.04769345553496294
9 0.3608333841129017 0.38948417376861544 0.028090283665263983 0.04467758293962447
9 0.4148537068009072 0.2829092807548571 0.026636911069925696 0.0477480192372937
9 0.3382515120657176 0.18971978674530687 0.030034729581579888 0.055669646641955416
3 0.6185367235911302 0.14956853501602635 0.030034729581580065 0.055669646641955416
3 0.6199851509031247 0.25808043946253006 0.029761911069925696 0.047857146641955416
3 0.628328418959292 0.3629316305695226 0.026636911069925696 0.0477480192372937
3 0.5405630680483181 0.5533805265785059 0.02485615626060227 0.04144345553496294
3 0.6751662796585487 0.8327456227649744 0.029980165879248944 0.05410714664195524
11 0.3463344407284744 0.8680803997219982 0.040228185116542824 0.07943452885594056
11 0.3132813162342196 0.5025273215916972 0.04258929328391083 0.05766865626060227
5 0.7083854851086936 0.5327109064302383 0.04555060217691818 0.053090283665263985
5 0.6828894002701524 0.13777042866275685 0.04486112141421188 0.07803571996293313
8 0.6047198264858386 0.6476960109694092 0.03343254809323426 0.06359127404661713
2 0.5812897278522995 0.35660721949959695 0.04102679328391083 0.057614092558271324
6 0.5142807879264332 0.26999510770403184 0.031597229581580066 0.055724210344286276
6 0.3499281112474109 0.27830113710812654 0.039627984390903315 0.06224702885594056
0 0.5494147675928313 0.6504464995366639 0.03019842068857237 0.06035714664195542
0 0.4981523679556509 0.6572396473597456 0.030198420688572546 0.06035714664195542
7 0.28904517494974175 0.2777356527172232 0.055853185116542824 0.07998016587924912
1 0.7016022278522994 0.3608086245790728 0.05541667549789597 0.06748016587924913
4 0.6167635026167068 0.8361682339275672 0.04061013103285873 0.09037202885594056
10 0.45431557711881077 0.7649504544386545 0.037321439925866076 0.08557540145127866