9 0.38894574522642206 0.8349458829775003 0.02999657220870704 0.05381598423243048
9 0.3841133203619953 0.7254435964083684 0.03153180113146821 0.04916485182361115
9 0.37603772082953346 0.6361810746568753 0.02996021077238851 0.04756598423243048
9 0.3688024586310892 0.5367804867009726 0.03310339149054773 0.05076371941479181
9 0.3622893590986275 0.44755433254065996 0.02996021077238851 0.04756598423243048
9 0.3542728469001831 0.34813556078916696 0.031577252926866264 0.05697735182361115
9 0.33995633772680095 0.2571650686729517 0.03000566256778665 0.055378484232430567
9 0.33890744301479936 0.1688474510817711 0.03162270472226432 0.06478985182361115
3 0.5992045935805335 0.15068390501333384 0.034747704722264315 0.06486258700597225
3 0.6111409913175972 0.2478498457427783 0.03470225292686635 0.05705008700597229
3 0.6183898890546609 0.34490668369868105 0.033103391490547904 0.05076371941479172
3 0.6186802596643615 0.4292998674942714 0.034629530054229286 0.044550087005972114
3 0.6369302899149825 0.515673778588438 0.033085210772388504 0.04763871941479163
3 0.6418354376520462 0.61267606515757 0.03465680113146803 0.04923758700597229
3 0.6521638835937118 0.7176181382958339 0.03467498184962743 0.052362587005972114
3 0.6695235795353774 0.8227238655944102 0.03626475292686635 0.05708645459715278
11 0.27640289783525956 0.16817399743454886 0.0457670179539809 0.07917966014423614
11 0.32946620609700644 0.8515326645126391 0.05201701795398091 0.07932513050895836
5 0.6632625484009937 0.15295622625173666 0.050445427594901206 0.07772626291777782
5 0.7328184650739968 0.8218530030372229 0.05042724687674198 0.07460126291777769
8 0.31437299210316405 0.7597627386008335 0.055032933645025484 0.060647865691319504
8 0.2766387262904825 0.2619421812301391 0.05355224687674198 0.07467399810013893
2 0.7240752450300303 0.7130410474901395 0.05664088544042354 0.06849673328249999
2 0.6705614431129951 0.24141931420763943 0.05665906615858276 0.07162173328249999
6 0.2909688710024841 0.35056892334635437 0.044131795081344016 0.06664329255305557
6 0.30722408831597614 0.6455184006449308 0.04409543364502548 0.06039329255305574
0 0.673949542645457 0.33057273318559083 0.04722952400410509 0.062028527735416714
0 0.7066473713952675 0.6196540701915632 0.050345433645025396 0.060538762917777864
7 0.298213223560008 0.4484070113022572 0.05513292759490129 0.0778353656913195
1 0.6851774132551577 0.415220490119445 0.05980224687674198 0.07481946846486114
4 0.7001797236582038 0.5226154160312506 0.059747704722264317 0.06544446846486114
10 0.2976041695016736 0.5530945113022572 0.056622704722264314 0.06537173328249998