11 0.18164308804104357 0.3044164220241807 0.0866465720082723 0.06193747334499946
11 0.3724948073679075 0.2589873853834977 0.07100339067472694 0.06019316000954502
8 0.19951238804899774 0.3632101666931806 0.08184998400699968 0.05250792934436319
8 0.48316013470718 0.3040191693984515 0.06469884667409058 0.055432934675363296
6 0.21492939739813338 0.4797800486950896 0.07392839600572695 0.04304202267663584
6 0.5990947647199066 0.3991054974140417 0.059865896005727136 0.04287839067472685
10 0.37558399204327075 0.32307715738381587 0.07888861600890866 0.0665340666772722
7 0.47452947469763496 0.23361576273072435 0.08215906667727228 0.07907042934436319
5 0.5603487960295895 0.22445948607572377 0.07412839067472685 0.06022952267663593
5 0.3926629513844522 0.381080561386043 0.06618862133990877 0.04920111600890866
0 0.4932714787157705 0.3674095073997242 0.06458975867281787 0.0460579346753633
0 0.20566293805695196 0.4218675513605897 0.08339430267345423 0.050963610677908555
2 0.40579929805854276 0.43591351205440654 0.08655566534054522 0.05412497334499946
2 0.5063351000556793 0.41599245806808777 0.07093066534054522 0.05394316000954493
4 0.3015294213876339 0.4034544533736345 0.09291475334181776 0.06357269867918128
1 0.2913908053787252 0.33772036537236183 0.09772952267663584 0.07456474267981754