11 0.5620155696228822 0.3019332551309023 0.06057513050895835 0.05294446846486114
11 0.3761137840036808 0.2742115646857983 0.06849673328249999 0.057813806420763926
6 0.7205586874984032 0.4975697973996175 0.07125805737069442 0.04226154160312508
6 0.33859886626000035 0.4423628058520831 0.06816942496187509 0.04375130642076393
8 0.3664673334905906 0.32993488782406216 0.07936149810013893 0.05494337955902786
8 0.6427038315907294 0.37665919177628415 0.06995013050895835 0.05316267401194459
10 0.5421583177230211 0.35554921761183983 0.07485583605604162 0.06264677678548622
7 0.662397429330278 0.31601197929534663 0.08917290919430557 0.07391158510611114
5 0.7371253256068059 0.3361595187142702 0.07943423328249999 0.05806837955902786
5 0.5356732348011114 0.4127623055677426 0.06831489532659737 0.050001306420763926
2 0.6294972764042365 0.48092911768808977 0.07463763050895836 0.053271776785486225
2 0.5322040491056601 0.46521515834128435 0.06973192496187508 0.04378767401194459
0 0.6307499986688198 0.4339995663013189 0.06660692496187508 0.04371493882958344
0 0.35055269918191 0.38502243132704833 0.06824216014423623 0.04687630642076392
4 0.450226044071667 0.4022443392870829 0.07162173328249999 0.05788654160312508
1 0.4620525904244447 0.3394352147620482 0.07805357123840295 0.06584451196784728