9 0.1634982609697348 0.7895103336024946 0.06948034034363304 0.04492276217486477
9 0.2532568017883377 0.7777836753226639 0.06158595318850333 0.04322389448011297
9 0.34194416553771906 0.756654743503883 0.06158595318850324 0.04322389448011279
9 0.44461214213197076 0.737333773535655 0.05212906603337366 0.041497753246410876
9 0.5353157072608331 0.7224957520252996 0.05221095318850324 0.04306025324641087
9 0.6346949095448252 0.706245234979171 0.05056656603337366 0.04147047970746058
9 0.7239588054063824 0.6890361899298652 0.05541784034363299 0.04467730032431163
9 0.8365783141128096 0.6737987479648145 0.06314845318850323 0.04325116801906326
3 0.13206563376422775 0.5238756509729348 0.06273901741285455 0.03543866801906326
3 0.23012799751360916 0.5029103603878557 0.0612584045679843 0.03697389448011279
3 0.32329814337516616 0.4857694991859258 0.05336401741285455 0.035275026785361166
3 0.40902760346107436 0.47631840705871936 0.04695024310259512 0.03204093262956
3 0.494835628675845 0.4504474281620377 0.050239017412854636 0.03522047970746058
3 0.5917073066495778 0.4372810008074836 0.050239017412854636 0.03522047970746058
3 0.6951565332438294 0.4179736676087309 0.0532821302577247 0.033712526785361165
3 0.7997964456137299 0.3908674711794533 0.059695904567984216 0.036946620941162675
11 0.16881652476454473 0.8521603380667214 0.08921298620519007 0.0640000446422686
11 0.8576444086403141 0.7343777378185449 0.08789614767057934 0.06866027110331849
5 0.7938197625516146 0.3258600799457513 0.08263543758467104 0.057640950486467266
5 0.1306945635469827 0.46051258035608367 0.08090916327441158 0.05448867694751698
8 0.261577234850453 0.8428319768647914 0.08477114767057933 0.06860572402541791
8 0.7633245205806732 0.7585362122509995 0.07399742198083885 0.07153980925276535
2 0.21745093509828023 0.4463876249983524 0.07630355042954129 0.05596935633066593
2 0.6831345680695385 0.34895093221922746 0.07169793758467122 0.057450035713814886
6 0.3487020985998344 0.8216757715070602 0.07498671189493056 0.06062958279171582
6 0.6512406004088567 0.7784747909855254 0.06865482473980081 0.0589579886359143
0 0.30885386307201285 0.4331257402574721 0.0649566146538925 0.047965941558013724
0 0.5934612364323326 0.3739724772685333 0.06323034034363317 0.04481366801906326
7 0.4503431637286968 0.8070286647693571 0.08509869629109837 0.07485572402541756
1 0.3918677589335699 0.4158076010523649 0.0795923247398008 0.05914890340856669
4 0.4963848405707757 0.39104515462308737 0.06676477611928178 0.052680715096963926
10 0.5564670109697347 0.7963696286485049 0.07893058344622794 0.0763091298696164