9 0.24604084802672604 0.1997112880330894 0.05397952267663593 0.07405566534054513
9 0.2642192307049528 0.2850675327020893 0.04131589067472685 0.0598477146721816
9 0.29256295404995225 0.3713232060391346 0.04131589067472685 0.0598477146721816
9 0.318717468730088 0.47083285737586167 0.038063621339908774 0.04887385200509069
9 0.3416106234086329 0.5585873960454979 0.041206802673454224 0.0504727146721816
9 0.3661844567552232 0.6565163660486796 0.03964430267345431 0.05045453333863605
9 0.39063102076699535 0.7435078360518613 0.04126134667409058 0.055160214672181594
9 0.4137514421148583 0.8507936247214974 0.04129770934118149 0.0582852146721816
3 0.5022448473504083 0.13160836740131504 0.041334072008272396 0.06141021467218155
3 0.5291533400302258 0.2287833594048149 0.04131589067472703 0.0598477146721816
3 0.554444788709407 0.32125267007476926 0.036537484006999674 0.051980670671545236
3 0.5702703307208612 0.405800392743451 0.03806362133990895 0.04887385200509069
3 0.602474850731997 0.48819526941435987 0.03490225867281786 0.04571248933799978
3 0.6238691400779509 0.5814003767504508 0.03650112133990877 0.04885567067154532
3 0.6524128580919504 0.684843550087496 0.03964430267345413 0.05045453333863605
3 0.6848173727720861 0.7844259267584048 0.04286020934118149 0.058303396005727134
11 0.1852124360279987 0.20837721602481704 0.06509883601209036 0.08980793467536322
11 0.35625711545190364 0.877464665380316 0.06502611067790856 0.0835579346753633
5 0.7487344221037225 0.7726713614337681 0.058703385343726745 0.07723520934118148
5 0.5646539406826812 0.12452312074313285 0.05875792934436319 0.08192270934118144
8 0.2019010440404072 0.2999652793602715 0.07291133601209036 0.08989884134309048
8 0.326323620106586 0.7888470607097253 0.06642497867599957 0.06951361600890867
2 0.7201725227561777 0.6676656880967229 0.06015679734245403 0.06787839067472685
2 0.5859664140276806 0.21069697807922366 0.06340906667727211 0.07885225334181775
6 0.23180726738540672 0.3862391340308622 0.05550566000954502 0.07094884667409058
6 0.29768899542485944 0.67759138737268 0.053888616008908666 0.06624316534054522
0 0.6871049367440873 0.5782304707590412 0.05227157200827239 0.061537484006999675
0 0.6057436593729981 0.29919640408176895 0.052362478675999566 0.06934998400699968
7 0.2532379193984515 0.48256924136695306 0.0712942920114541 0.0851931600095451
10 0.2716253874124509 0.5858942360359529 0.07114884134309048 0.07269316000954511
4 0.6641208753978152 0.48266343208940493 0.06175566000954511 0.07102157200827222
1 0.630916929384134 0.3815094647517233 0.06498974801081765 0.08043293467536321