11 0.4902996878484379 0.730220848648699 0.05201701795398091 0.07842498184962743
11 0.5358945098607533 0.5476674238824681 0.04882838544042354 0.06746930113146803
8 0.6214916422761146 0.4723815984523073 0.06292724687674198 0.07380111436318479
8 0.544914464975801 0.7430390112164856 0.056713608313060604 0.08001475292686636
6 0.6509326608192707 0.7835009056338997 0.06453519867214012 0.08162270472226432
6 0.7492353680756179 0.40437246271729615 0.06134656615858276 0.0706670240041051
10 0.592789404474559 0.5714367219888741 0.06293633723582168 0.0753636143631848
7 0.5622211814055303 0.4540674148072818 0.05355224687674216 0.07374657220870695
5 0.6442973623200812 0.5811117038385015 0.05823065651766228 0.07221134328594588
5 0.5845552445390509 0.3752884298343965 0.05039997579950324 0.06904089149054773
0 0.5971264047691466 0.7659997882456528 0.058257927594901206 0.07689884328594587
0 0.6753024435057787 0.4891014658405541 0.05509656615858276 0.07063066256778665
2 0.6957780490883646 0.5954741856881289 0.0645261083130606 0.08006020472226431
2 0.727591651351301 0.4987809928697214 0.06289997579950324 0.06911361436318479
4 0.6273684166730031 0.6708600050681655 0.06925906010845857 0.08789997579950323
1 0.5688973865205781 0.6494253666026799 0.06300906010845857 0.0878636143631848