11 0.4856457509514021 0.41691077679665034 0.036921679847775654 0.06430151741285464
11 0.5920403309894582 0.43814504692303835 0.04004667984777566 0.06446529172311397
6 0.34990327464021725 0.6932132479638351 0.043235346843970034 0.06619156603337366
6 0.5633781842220379 0.738066481794176 0.037049013840164416 0.06742651741285463
8 0.42269081171208633 0.5208712584792847 0.03736734882113648 0.07523901741285463
8 0.5802168102292116 0.5361731111473895 0.04135451186299797 0.058297178878243726
10 0.4813163952101835 0.5231607767966503 0.04167284684397003 0.06610967887824373
7 0.4254258339552077 0.41532062132415487 0.04954901384016441 0.06808161465389251
5 0.38102191794759654 0.409861837402957 0.04648768083635888 0.069480340343633
5 0.4697157089366172 0.6157200910210016 0.036985346843970035 0.06586401741285464
2 0.4009882721687593 0.707634274083117 0.043617348821136305 0.07556656603337367
2 0.45573943916495374 0.7089378245126582 0.04167284684397003 0.06610967887824373
0 0.41411962494422844 0.6159380970138955 0.036730678859192525 0.05961401741285464
0 0.5739575399632565 0.632144030414695 0.04023768083635879 0.06915279172311414
4 0.5167989559708677 0.632280149252459 0.0404923488211363 0.07540279172311415
1 0.5242214782139891 0.5269751735627185 0.04023768083635879 0.06915279172311398