9 0.6953597285700897 0.8193817588179689 0.03148810217691818 0.05311835594746519
9 0.6127257886442233 0.7308305139063516 0.02970734736759475 0.04678646879233561
9 0.6572892657787326 0.6224315157153739 0.031324411069925694 0.04843085594746519
9 0.617475253713015 0.4425459418800843 0.03143353847458741 0.05155585594746519
9 0.49196927830778636 0.2651878245126582 0.031597229581580066 0.05624335594746528
9 0.571716287293461 0.15941253731209992 0.03348711179556503 0.06570024310259504
3 0.3077281983633867 0.1923667209400421 0.036393856986241604 0.05961401741285455
3 0.34119300670824 0.3914150525772479 0.03455853847458741 0.051719630257724705
3 0.4116444051642939 0.466070893825392 0.031160719962933035 0.04374335594746519
3 0.5330953084296712 0.5496380676152532 0.028090283665263983 0.04514208163720586
3 0.5119817441791863 0.7489453488229177 0.02981647477225664 0.049911468792335614
3 0.5838691570632104 0.8423921336486269 0.029925602176918177 0.05303646879233561
11 0.6297098365678216 0.14529580562946562 0.04814981252120454 0.08362472749876279
11 0.7597496107840748 0.8321141321782888 0.05445437622353531 0.08551477611928178
5 0.30115333846673814 0.49537221223361483 0.0504563569862416 0.06035100180902227
8 0.5992957165043721 0.6365482473980082 0.04124504809323426 0.06454717887824372
8 0.5247867235911302 0.15539342265820738 0.04836806733052797 0.0898747274987628
2 0.5131424177781657 0.4472157524863908 0.03957342068857237 0.06134029172311415
2 0.6775149749418926 0.7326663308442363 0.04497024881887377 0.08189845318850324
6 0.3420065500769688 0.7720099553362099 0.05234623920022674 0.0698078889641522
6 0.6524454760382008 0.327405620758328 0.042916675497895795 0.06775406603337357
0 0.6391989754900467 0.5286848377416412 0.03801092068857255 0.06125840456798422
7 0.6765129478152325 0.41366734735257965 0.05579862141421188 0.07934666327441171
1 0.36923370507162667 0.5691239727490645 0.058541675497895976 0.06857293758467105
10 0.25549357576804843 0.1927485012431954 0.06604664065150559 0.10483798620519007