9 0.6991870557434062 0.959703543643678 0.051111513840164415 0.06816350180902227
9 0.7309092410283894 0.8728962624360136 0.05404551285158128 0.06363977611928177
9 0.6891130132715106 0.7650118413596859 0.045978344866803765 0.056980340343633175
9 0.834916239088404 0.49158538670084456 0.050729511862998324 0.058788501809022266
9 0.7957502628144002 0.3767925463572115 0.04591467787060921 0.05541784034363299
9 0.8929382806088974 0.2973307756649966 0.050856845855386724 0.06191350180902226
3 0.42438998559118185 0.8826685736081471 0.038484179847775656 0.06438340456798422
3 0.607805957948034 0.6276546042499846 0.03647601087441501 0.05336401741285464
3 0.5532961659704302 0.4282853680447946 0.03484984387822045 0.051719630257724705
3 0.5816214372249684 0.3287733689493057 0.0331600098858317 0.048512743102595034
3 0.602357042966187 0.2233831840781681 0.03842051285158128 0.06282090456798431
11 0.7618634692795595 0.9661561030067892 0.07231535178688589 0.0676877939864216
11 0.8658240463890472 0.6169062912688288 0.06823534684397004 0.06750176051544958
5 0.44836463235860224 0.5825014772716202 0.04141817885919252 0.05985967887824373
5 0.5442089619395478 0.20937491576080242 0.04686968281352506 0.07885534034363299
8 0.5253025226630509 0.7118005529159321 0.0482411818249421 0.07424972749876275
2 0.6055762489742358 0.4325910877416413 0.05273768083635879 0.06980788896415202
6 0.867434261825817 0.38524685549318 0.07186968281352506 0.0801655348257091
6 0.6888609342592189 0.3484860826532586 0.047795512851581276 0.06331222749876275
0 0.6367520172258434 0.7434776780852743 0.054363847832553346 0.07145227611928177
0 0.5818881036896901 0.7257269340781681 0.04798651384016441 0.06799972749876275
7 0.9351801773391367 0.3942776967413243 0.0928188527754692 0.09685506784239584
1 0.487957667453305 0.41781485752934505 0.05123884783255335 0.07128850180902227
4 0.48325564962162676 0.8982802855030776 0.06045202174882984 0.10607293758467122
10 0.6703537430055556 0.8603276633859533 0.0775121877564409 0.10384869629109801