9 0.6930262877490005 0.8352742597154006 0.04018071509696384 0.06588186517764641
9 0.6812859926996946 0.7463744255550007 0.0385091209411625 0.05955909057054054
9 0.6007002402640627 0.6597412586819431 0.035275026785361166 0.053163541356328815
9 0.6096520949698755 0.3708606951997078 0.038345479707460585 0.05018409057054054
9 0.5268453234595201 0.27708711641599154 0.03683752678536116 0.05323631596343468
9 0.5763698108776184 0.17227549193272018 0.04166139448011279 0.06126713978475231
3 0.2907771842544129 0.18399412613590121 0.04166139448011297 0.06126713978475231
3 0.3194322439142153 0.28931948097446536 0.03998980032431154 0.054944365177646406
3 0.34030207711296806 0.39271846277750033 0.03683752678536125 0.05323631596343477
3 0.47885824229265755 0.5625858147205804 0.03360343262955982 0.04684076674922295
3 0.4236626331226178 0.8579132772931931 0.04166139448011279 0.06126713978475209
11 0.7556081083658513 0.8334977439996347 0.05775004464226861 0.08855738585581108
11 0.6876349987854793 0.47222845016210657 0.054270488635914306 0.06809933664159917
5 0.3082320965947286 0.572622132546042 0.057313668019063256 0.06355738585581072
5 0.22431638717651223 0.18402620533390227 0.062410271103318316 0.0872132096771284
8 0.44187466518298474 0.6656358860606987 0.048075035713814884 0.07093323821317572
2 0.38433844927194666 0.3783499017764643 0.052680715096963836 0.06646406203449332
6 0.4258867954563429 0.2825494042576637 0.04325116801906326 0.06290241439185813
6 0.5896862426963994 0.2604668507002258 0.05276253571381488 0.07115156203449331
0 0.4967394431861619 0.6580267473094036 0.043305715096963834 0.06602741439185814
0 0.549165013803013 0.6557771966474499 0.043305715096963834 0.06602741439185814
7 0.6493067045469524 0.2491697857702484 0.07342959172016936 0.09241013192686945
1 0.2673867284929398 0.404178193547078 0.07008640340856669 0.07976458271265763
4 0.481652411125795 0.8504496877561097 0.0610386858759707 0.09807793507002245
10 0.6217609882354678 0.752202740484978 0.05626936525911965 0.09317211124870503