9 0.781047471502084 0.7569140682966811 0.04531380642076392 0.06948034034363318
9 0.7633313350092019 0.6678891898479786 0.04040810087368065 0.05985967887824373
9 0.676538543406077 0.6020395398025501 0.03557513050895835 0.05336401741285464
9 0.6593997158994099 0.3025718063108935 0.03699216014423605 0.0471959045679843
9 0.5708989539315628 0.23055404342059468 0.03553876291777769 0.05180151741285455
9 0.6095412670018404 0.10963403380965628 0.04197060087368065 0.05994156603337357
3 0.34206478590354183 0.21204081806953848 0.03884560087368065 0.05977779172311406
3 0.3764053779435072 0.30958088138937856 0.03706489532659729 0.050320904567984305
3 0.4052954037790629 0.40818879975217276 0.03550239532659738 0.050239017412854636
3 0.5490843842117713 0.536756455790495 0.030705792553055566 0.04530585594746519
3 0.525253372812605 0.8571441988930901 0.03899107123840295 0.06602779172311415
11 0.8423479942035076 0.735710775669056 0.0613024823325695 0.08592421189493056
11 0.7441396982319795 0.3810442870890166 0.05447060087368065 0.06059666327441153
5 0.28229039561093766 0.23159972354203395 0.05795927678548622 0.07638543758467105
5 0.39327144851631995 0.5973298648810352 0.051491071238402866 0.06668288896415202
8 0.5244136521635422 0.6530332310052657 0.04378767401194459 0.07096095318850323
2 0.4460834047289934 0.3794562901412344 0.04665810087368065 0.06018722749876275
6 0.47476948955076415 0.2676622970386393 0.04044446846486114 0.06142217887824382
6 0.6318721683123613 0.1952882507929695 0.054725174011944586 0.07153416327441153
0 0.5747766748649659 0.6324031484635488 0.043678571238402776 0.06627345318850324
0 0.6252124327487506 0.6148980659218319 0.04527743882958326 0.06791784034363299
7 0.6882488016711112 0.16417436963073356 0.07394795269729179 0.09282930913596857
1 0.3403068366247226 0.43897181026762233 0.0641001740119445 0.07202548620519007
4 0.5794499103316675 0.8331843984635487 0.05548889342673604 0.10434666327441136
10 0.7059916136945492 0.6912315145877794 0.061629790653194405 0.09998671189493073