11 0.24072849971765137 0.2903736327529566 0.061907736775233244 0.0719946719450392
11 0.34675098656347175 0.2833758235026143 0.055657736775233245 0.07181281551854841
8 0.2378680812029778 0.3890611853393814 0.0629242052052021 0.06266513605166191
8 0.4013313417263215 0.38743518619731115 0.04968075256024882 0.07631845909205773
6 0.45347621260359966 0.5706053873718101 0.03957771046687384 0.0635456744523216
6 0.2225902336502871 0.5835840751519669 0.0676117052052021 0.06280152837152997
10 0.3361235706796341 0.3830719466221525 0.0667772472985769 0.07525606426490725
7 0.40130197867096395 0.27944082977082046 0.0596927893919517 0.08752874373179384
5 0.3378141442724528 0.47927935688870915 0.053367194681858444 0.05926735141192587
5 0.45193901550266685 0.28892347835889465 0.04793624203690498 0.073147994985435
0 0.3977351758424839 0.4869267208370472 0.045554694681858444 0.05904003087881229
0 0.22600438901078101 0.4809675405122308 0.06145271046687402 0.0641821719450391
2 0.3328906968185842 0.5694186235817565 0.0613617052052021 0.06261967194503928
2 0.3981439704961075 0.5745631131569153 0.04931673151356133 0.07006845909205772
4 0.28270941531914023 0.4871433326738144 0.0711007262518895 0.0691424565847754
1 0.28750406015629043 0.3813563339274556 0.0718287683452643 0.08164245658477531