11 0.6629018926352401 0.8093146758148965 0.04173612141421188 0.07747168977951376
11 0.6657019665043721 0.6212516313619797 0.041354175497895974 0.06653418977951393
8 0.6065973289329094 0.8064429425323963 0.03866568511654265 0.07896145459715279
8 0.5997644532575281 0.5213594277147575 0.04124504809323426 0.06340918977951375
6 0.4975769929980599 0.8140534611497573 0.03564981252120454 0.08201371941479181
6 0.4933656311176768 0.42520916669684067 0.03165179328391084 0.05694098423243066
10 0.6027208168671917 0.6283724939191672 0.04157243030721922 0.07278418977951392
7 0.6643899484482046 0.5166186827487506 0.05078373920022692 0.06831489532659737
5 0.6575918222246694 0.43371526377079916 0.04124504809323426 0.06340918977951393
5 0.5494321257601993 0.6224484958190282 0.0382291754978958 0.06646145459715277
0 0.5530457429980599 0.8153445106366671 0.03564981252120454 0.08201371941479181
0 0.5428423306621898 0.5231570106366672 0.03477679328391083 0.05701371941479181
2 0.4988145668671917 0.6259540491056601 0.03543155771188111 0.0757637194147918
2 0.4927332032575281 0.5188682477188893 0.04426092068857237 0.06035692496187508
4 0.5472371979000505 0.7160712092498962 0.03877481252120454 0.08208645459715277
1 0.6063939430907271 0.7112031777147575 0.04233632213985139 0.09465918977951375