9 0.8154538081752172 0.4475076789696434 0.05901290145127902 0.03471134328594587
9 0.7168774097191634 0.5191604860530399 0.04316964664195524 0.028370439695149584
9 0.6195683893007432 0.4650502238545956 0.04467758293962447 0.026817030054229286
9 0.43847215672393836 0.4840689103282914 0.043115082939624474 0.026807939695149587
9 0.2432464475607785 0.5945574793155446 0.055833337748947984 0.03313066256778665
9 0.15656739229596814 0.5044551749626226 0.06353671034428628 0.030051114363184795
3 0.1369716217927301 0.7748267622966403 0.06391865626060227 0.040988614363184794
3 0.3366268814113769 0.7611677415139889 0.052926592558271326 0.03936248184962743
3 0.4215946476534457 0.6989672024827691 0.04812996515360979 0.03621021077238851
3 0.5257142071794254 0.5804166695016736 0.052599210344286364 0.029987481849627427
3 0.7178272961094997 0.6261644649758009 0.055887901451278664 0.03469316256778647
3 0.8192831579050648 0.5615247271742453 0.057395837748947895 0.03313975292686635
11 0.8401561970126243 0.3887821187629889 0.07792659255827132 0.0395079275949012
11 0.15699646743104437 0.4474330153217022 0.07943452885594056 0.0379545179539809
5 0.42924840182979696 0.815305274789672 0.06613592068857255 0.059747704722264317
8 0.1447196675237116 0.5529517622966401 0.08573909255827142 0.03955337939029935
8 0.6229637186121707 0.5243934075978169 0.06402778366526399 0.0441136143631848
2 0.4229885112631093 0.5919495880213885 0.05777778366526398 0.04407725292686635
2 0.726845175961232 0.4573962842576417 0.0778174651536098 0.03638292759490121
6 0.3352851585380369 0.4417092143866258 0.06057540145127884 0.034720433645025396
6 0.7053843158949475 0.8035445764121194 0.05988592068857255 0.05971134328594587
0 0.5240376344914198 0.47185473575845227 0.060629965153609786 0.0362829336450254
7 0.4231671044543529 0.43026265427816723 0.07329365626060227 0.04104315651766246
1 0.515724104369535 0.7546581453993727 0.06958830290255769 0.06914088544042354
10 0.13115564221115011 0.8295369881943392 0.10708830290255764 0.06935905405833438