9 0.318276617663355 0.8531026303150686 0.03743153349844599 0.06682540145127902
9 0.3075810202683889 0.7645584854872117 0.035359611248705035 0.0558333377489479
9 0.30796847208763445 0.6725073947430389 0.03684933664159917 0.05432540145127884
9 0.3017613215495152 0.5713268406593548 0.03321491439185813 0.04327877404661713
9 0.296570861458102 0.48181047287334 0.03328768899896399 0.04484127404661713
9 0.2901817744022181 0.38453616878965596 0.03321491439185813 0.04327877404661713
9 0.28584533891791075 0.2934300191524757 0.03826628742738745 0.0512549651536097
9 0.27531456141532074 0.18460065617578425 0.035359611248705035 0.055833337748947984
3 0.5586557543432262 0.14662690790506477 0.03521406203449331 0.05270833774894799
3 0.5560872183635808 0.2520138123515685 0.031943512820281586 0.04947421034428619
3 0.5605863196874884 0.35637393013758334 0.031943512820281586 0.04947421034428619
3 0.5693555440469252 0.45278513866777104 0.03008991439185813 0.04316964664195542
3 0.5637540533525501 0.5395584523701019 0.030235463606069858 0.046294646641955414
3 0.5754492245688339 0.6233878153467934 0.03350601282028158 0.04952877404661713
3 0.5810570616247177 0.7206894012816428 0.0354323858558109 0.057395837748947895
3 0.5827950359841546 0.8173461464723193 0.032380160462916766 0.05884921034428601
11 0.2554127446278257 0.8630976784083029 0.05371150496239867 0.08143353847458741
11 0.21079829714729711 0.17983379982251474 0.06003427956950454 0.08321429328391083
5 0.6451323701445544 0.8019096302302506 0.04902400496239867 0.08126984736759475
5 0.6230821273787555 0.13657729610949967 0.050222631926869356 0.07351191106992569
8 0.2431910345364125 0.7738268472827767 0.05988873035529289 0.08008929328391083
8 0.21033807072094568 0.2734473905666876 0.057816808105551856 0.06909722958157997
2 0.6391242727495883 0.7132017942954011 0.053202082712657625 0.07049603847458741
2 0.6274720667920043 0.24328116389551452 0.05454625889134022 0.06586310217691826
6 0.24276084905210515 0.6825842883897694 0.04978598428423435 0.0641369110699257
6 0.21745274979511225 0.38863588094804075 0.04964043507002262 0.06101191106992569
0 0.623032815758547 0.33859366389551454 0.0448073858558109 0.05772321996293313
0 0.6292099253546221 0.6246303676163788 0.04339043507002245 0.06079365626060227
1 0.6291971168347855 0.541173026872206 0.0565454065339754 0.07529266587924913
4 0.6294582901179838 0.4350867179791985 0.05454625889134022 0.06586310217691818
10 0.2216800233687608 0.482085780585221 0.06406680810555195 0.06931548439090349
7 0.2348456492997742 0.5845832980084162 0.0627954065339753 0.07551092068857254