11 0.40390625 0.6046875 0.0375 0.05625
11 0.29296875 0.62109375 0.04609375 0.0578125
8 0.396875 0.5078125 0.04140625 0.05390625
8 0.23828125 0.51328125 0.05078125 0.0671875
6 0.4078125 0.31328125 0.0328125 0.06171875
6 0.184375 0.334375 0.05390625 0.06171875
10 0.29296875 0.51484375 0.053125 0.06171875
7 0.228125 0.621875 0.0671875 0.06484375
5 0.2953125 0.41953125 0.04765625 0.06484375
5 0.1859375 0.61875 0.0515625 0.05078125
0 0.4078125 0.41171875 0.034375 0.0625
0 0.23984375 0.4171875 0.053125 0.0609375
2 0.23671875 0.3265625 0.0515625 0.07109375
2 0.29296875 0.32734375 0.04765625 0.0640625
4 0.34609375 0.41015625 0.0515625 0.0671875
1 0.3421875 0.5140625 0.04921875 0.0609375