11 0.42301592558271395 0.369170565356005 0.06251984736759475 0.048506099050060314
11 0.41830608901489236 0.2567115089335699 0.06597222958157989 0.058044873360319826
8 0.5201091803920374 0.3703435617379604 0.0594494110699257 0.049904824739800804
8 0.5317857464566209 0.2116303030315331 0.07551092068857254 0.06322369629109836
6 0.712824959247978 0.3978123852345658 0.06860615626060226 0.04414614767057934
6 0.7151513179635002 0.1730613687262224 0.0708779843909035 0.0645405348257091
10 0.5242931941870355 0.26602787596231164 0.07087798439090331 0.0645405348257091
7 0.42466272721932724 0.19219862958035625 0.07761905771188111 0.07893058344622812
5 0.618588831210344 0.27673964665452655 0.07383929328391084 0.06001680913596861
5 0.4318105391075596 0.15034200022714264 0.0582688569862416 0.06076043758467105
0 0.6147049177781657 0.3896490824301753 0.06866071996293321 0.04570864767057934
0 0.6268353516287641 0.22151988014618312 0.06931548439090349 0.06445864767057934
2 0.7177877338427493 0.22614542514865751 0.08025298439090349 0.06503185775648763
2 0.7111309952754945 0.2820645545018712 0.07222222958158006 0.05837242198083885
4 0.6227331833872622 0.3281793159218319 0.07556548439090349 0.06478619629109836
1 0.5197346689592919 0.31479292458283065 0.0692063569862416 0.06133364767057934