9 0.757509376155546 0.7618079306857375 0.04235263605166182 0.06079365626060227
9 0.6737003289793977 0.6648362161651 0.03743781551854859 0.052817465153609786
9 0.7304708176966266 0.5645162684346856 0.040426423198680436 0.04823909255827132
9 0.634216909475134 0.27832828649085284 0.03900031551854859 0.052872028855940556
9 0.6916095238191835 0.18344980690927287 0.0438696719450391 0.05928571996293312
9 0.675496442003299 0.09347957133724313 0.04878449247815268 0.0672619110699257
3 0.3965674599499876 0.10400044220330092 0.03458560015828462 0.06208333774894799
3 0.5357219220115462 0.39103167233303504 0.031096887305303154 0.04947421034428636
3 0.4525958702830513 0.5656348574495779 0.032613923198680436 0.04796627404661713
3 0.4629446854058884 0.6659523159797656 0.032613923198680436 0.04796627404661713
3 0.4662849825820368 0.7657340611704421 0.03587531551854859 0.05276290145127884
11 0.7819771448936574 0.45735604366242893 0.05806856426490725 0.06446429328391083
11 0.740408388163233 0.08887142769051262 0.06334709765100222 0.08494048439090338
5 0.37016511817148023 0.39447167478010575 0.05043792069139794 0.07044147477225655
5 0.40289007231548 0.7718501411148418 0.05365384890464338 0.07367560217691818
8 0.4691685709953319 0.2911160070867581 0.044324313011265916 0.07491071996293304
2 0.5007151215366925 0.5748808826773213 0.04717652837152997 0.06564484736759475
6 0.5690355610327089 0.6677107342212674 0.043960600158284534 0.062410719962933216
6 0.7452343481797274 0.6740450358578807 0.05682431301126591 0.07534722958158006
0 0.5245691248353979 0.2915227456540127 0.04097199247815268 0.06698909255827142
0 0.5793020889420205 0.2880505160724328 0.044142456584775405 0.06866071996293313
7 0.8114132776466141 0.6795385785088193 0.07763691818411544 0.09324405771188111
1 0.3808799946562307 0.5626760377567972 0.059767456584775315 0.0692063569862416
4 0.4543344958433648 0.10354408521705924 0.054563131037096826 0.10492560217691822
10 0.6283964699791174 0.18331588685367253 0.06531877461060631 0.09905754809323426