11 0.8133710254356753 0.2807433604698951 0.06486732878371626 0.08579333605604171
11 0.774695861458102 0.47440309470232567 0.06428513192686935 0.07329333605604163
8 0.7535422611676518 0.27511226273034656 0.06017982878371626 0.0856842332825
8 0.6863182580672799 0.5623044446260759 0.06108735731976367 0.07165810087368066
6 0.6402267779168748 0.24497278068211753 0.05214900496239867 0.0808148953265972
6 0.5495588126581751 0.6333826236720134 0.04502570967712849 0.06191942496187508
7 0.7533409381749037 0.5810349544097215 0.08332623035529281 0.07997974715020835
10 0.7147044313504781 0.45550893075836746 0.07068068114108109 0.07656380642076392
5 0.6541671916895604 0.4483335168144092 0.054764582712657627 0.06995013050895835
5 0.7266456974805287 0.6682810344818396 0.0679195541766104 0.08430357123840296
2 0.5732018279596559 0.5446467787822564 0.056472631926869354 0.07311149810013902
2 0.5976453639393013 0.4387234338924995 0.05214900496239867 0.0808148953265972
0 0.6974570810600278 0.2561271798084369 0.05222177956950454 0.0823773953265972
0 0.6254364160489972 0.5457722144777077 0.05163958271265763 0.0698773953265972
4 0.6740495062052531 0.3565635909026036 0.06679370181924557 0.09364220364722228
1 0.7389831474377473 0.36987990207302024 0.07624147642635144 0.09542290919430566