9 0.36210734492185476 0.19453125 0.02956567363517095 0.0515625
9 0.422962273959872 0.28984375 0.02763915258848364 0.0453125
9 0.3545014293203659 0.3921875 0.02920165258848364 0.0453125
9 0.35249306633559546 0.57421875 0.029383663111827295 0.0484375
9 0.4354589428274814 0.759375 0.029747684158514788 0.0546875
9 0.33211486397299084 0.85703125 0.030293715728545757 0.0640625
3 0.6021921455430219 0.84765625 0.03452618942018652 0.05625
3 0.6145765664061826 0.6484375 0.03250866311182747 0.0484375
3 0.5621865847514469 0.56875 0.028928636803468067 0.040625
3 0.46061565045175784 0.475 0.025894642065139806 0.0421875
3 0.5281958055299031 0.28046875 0.027821163111827297 0.0484375
3 0.47767913701522957 0.18203125 0.028003173635170953 0.0515625
11 0.27145808503379565 0.865625 0.0452662683452643 0.0796875
11 0.30065390543108106 0.1765625 0.05151626834526431 0.0796875
5 0.6789491505223451 0.54921875 0.048497684158514784 0.0546875
8 0.41515820825956107 0.38359375 0.0379242052052021 0.0609375
8 0.3777080850337956 0.865625 0.0440677893919517 0.0859375
2 0.4561263005505799 0.57890625 0.03617969468185826 0.0578125
2 0.36013605026823126 0.28203125 0.04205026308359248 0.078125
6 0.7020883318382622 0.27265625 0.049043715728545934 0.0640625
6 0.2906084453877301 0.684375 0.03966871572854576 0.0640625
0 0.3497313583583831 0.4875 0.03461719468185844 0.0578125
7 0.28711099004135365 0.596875 0.052714747298576906 0.0734375
1 0.6280761662367734 0.4703125 0.05520271046687384 0.0625
10 0.6535271323888423 0.8515625 0.06354583148532651 0.0984375