9 0.6425020855768082 0.16106817570130957 0.044142456584775405 0.0696446420651399
9 0.5540951519532864 0.26782713894019383 0.03601170783841638 0.058252115756780666
9 0.6842276181714803 0.44835534407480876 0.038909387305303154 0.05062162628012441
9 0.7218543356433151 0.6344517387707846 0.040471887305303156 0.050712631541796324
9 0.6733366161264162 0.7419688361823009 0.03743781551854859 0.05365562101845249
9 0.7590946082088573 0.8338293834667605 0.045477636051661816 0.0619231473268119
3 0.3700444123781278 0.1921537628012438 0.0378469924781526 0.0677181210184525
3 0.4001852387837359 0.39346563381969635 0.03426735141192587 0.05191111049510884
3 0.468429121932404 0.46865462059492946 0.030960494985435006 0.04547909997176518
3 0.5896161486545812 0.5531877862670056 0.032522994985435004 0.04557010523343692
3 0.5650240109535666 0.7528769731269433 0.032704851411925875 0.05182010523343692
3 0.6396171825028945 0.8519129835796999 0.037574207838416564 0.058343121018452494
11 0.7062152445897236 0.14991013879901946 0.06500052586424747 0.08957771046687393
11 0.8267223774091873 0.8495068623494859 0.06830738229073816 0.09600972099021768
5 0.36055678595988433 0.49132701017040786 0.04864810015828454 0.06366765785015538
8 0.5939963894168742 0.16059076258948227 0.05888691818411544 0.09390118942018658
8 0.661220712523777 0.6473542861964183 0.0536538489046432 0.07487817363517095
2 0.5754292796916781 0.44906172838861524 0.04235263605166182 0.061741136803468065
2 0.7413735622863502 0.7435838150650265 0.05718802586424747 0.08912268415851479
6 0.3963505673009151 0.7673126574972196 0.04873902837152997 0.06679265785015538
6 0.7265862659016247 0.33734922561660496 0.059949313011265916 0.07680469468185844
0 0.7066816282006101 0.5373114282615583 0.05181856426490725 0.06541216837349921
7 0.7507164361973111 0.4224900650650264 0.07102320533113407 0.08212923151356133
1 0.4287324729486183 0.5688597469456411 0.04878449247815268 0.06835515785015538
10 0.3215159841648824 0.19245759968941645 0.062375631037097 0.10658319994353027