9 0.16666904547652747 0.7621126639775733 0.06866071996293313 0.04531680810555194
9 0.25694930509517433 0.7537972038861602 0.06073909255827141 0.04182793507002262
9 0.34604901063013715 0.7344714691876412 0.05599702885594056 0.04004711124870504
9 0.4468129024627691 0.717254044042416 0.04662202885594056 0.03961046360606986
9 0.5364483213372431 0.7049959466474498 0.04812996515360979 0.03812073821317572
9 0.6355405857652133 0.6908307468951189 0.04969246515360979 0.038193512820281585
9 0.7244766001931836 0.6761925121965998 0.052926592558271326 0.04146406203449331
9 0.8344518009188231 0.6640992346940099 0.059176592558271325 0.04175516046291676
3 0.11950390191461499 0.4993365281217626 0.0637549651536097 0.038848484284234173
3 0.21711551189608153 0.48275480376232566 0.0606299651536097 0.03870293507002263
3 0.3107390263240518 0.4683348928851242 0.05281746515360961 0.03833906203449331
3 0.3955232540915332 0.46054597166884054 0.049583337748947985 0.03506851282028158
3 0.48160708703115773 0.4379496877561097 0.049583337748947895 0.03506851282028158
3 0.5767385377567973 0.4251650514860141 0.049637901451278665 0.03663101282028158
3 0.6806001477382637 0.4088744255550007 0.052872028855940556 0.03990156203449331
3 0.78398060808255 0.3839536623204344 0.0654811562606021 0.043608758891340124
11 0.1762325292344587 0.8243772235308672 0.08801092068857255 0.06337760339082195
11 0.8597221302302506 0.7247477903183623 0.08499504809323426 0.06635705417661057
5 0.11619041815668378 0.437363066996892 0.08148810217691826 0.05527400496239885
5 0.7728546243246188 0.32161632816003455 0.07841766587924912 0.056690955748187034
8 0.2679934432996093 0.81847828804656 0.08672123920022674 0.07111732878371627
8 0.7682513928441224 0.7447456131062227 0.07572917549789597 0.0690454065339754
2 0.20270083703115777 0.42495942038771417 0.07534722958157998 0.05810790653397522
2 0.6666492643431523 0.3377977921803892 0.06915179328391083 0.05937930810555185
6 0.3563391806857375 0.798334916044488 0.07060516587924912 0.05632708271265781
6 0.6557687510114902 0.7614172286981539 0.07227679328391083 0.05952485731976367
0 0.29300837850097006 0.41586271029630095 0.06720734736759484 0.04836903349844608
0 0.5750421177011968 0.3617018649682494 0.06106647477225664 0.051202935070022625
1 0.37499498848243656 0.39855323986580554 0.07863592068857254 0.06294095574818703
4 0.4798561032732266 0.37604900123834506 0.06909722958158007 0.05781680810555194
10 0.5605008910300238 0.7781081149682494 0.07583830290255769 0.0721704065339754
7 0.456158131411377 0.7857686035957099 0.08203373920022691 0.07089900496239868