9 0.3227501775194474 0.8793237427612898 0.0467798247398008 0.059850188998964174
9 0.37487152023792963 0.7734226532242066 0.041764776119281775 0.053381865177646405
9 0.2887901780852743 0.6774508736547018 0.04472600180902227 0.05040241439185813
9 0.2964234571452322 0.3769799927612897 0.04028416327441153 0.05487159057054054
9 0.21305435719066074 0.2881486251024439 0.04686171189493056 0.061412688998963995
9 0.20119176503800534 0.19563363937046754 0.048833647670579336 0.06929796360606985
3 0.6106695793738982 0.8561046823794263 0.03576043758467105 0.05777826674922295
3 0.5832671964026399 0.7496170878799442 0.033706614653892686 0.048330492142117085
3 0.5631007813192062 0.6473632291124385 0.033706614653892686 0.048330492142117265
3 0.4279810736081471 0.47818723593686413 0.03198034034363317 0.045132717535011226
3 0.47537621551297515 0.17800960752465136 0.034361711894930556 0.06083049214211713
11 0.20620565015697018 0.5738485306029618 0.06906426051544959 0.0686815334984459
11 0.13511306365852435 0.19879071856846858 0.06856629353213636 0.08892125889134017
5 0.58949842774659 0.4670057950758733 0.0436548247398008 0.05970463978475227
5 0.6721836114860739 0.8550730293601078 0.04768058344622812 0.07703768899896417
8 0.4615161906368888 0.37453785111451054 0.04414614767057934 0.06907963978475226
2 0.5162634028705037 0.66076860359571 0.041928550429541286 0.0565068651776464
6 0.47956234226419703 0.7634911892038518 0.042092324739800804 0.059631865177646404
6 0.3063229160994867 0.7889341832079958 0.06322369629109836 0.07620293507002263
0 0.4079374892574078 0.3782771271693585 0.040857373360319825 0.06580909057054055
0 0.3519331507227971 0.3803447413135476 0.047107373360319824 0.066100188998964
7 0.2438195940732193 0.8008305616202085 0.08575379353213641 0.08972177956950453
1 0.6287700469230384 0.6363936499144376 0.05352114767057934 0.06951628742738744
4 0.4180550384437537 0.1846919470617346 0.05359639077317428 0.10069351282028158
10 0.2727602278374471 0.2823566974760194 0.0656869549975256 0.09346320967712848