11 0.694582653818899 0.6076200652836705 0.0495829886359143 0.06759867688202607
11 0.815045158283126 0.6039286739906388 0.06071140340856651 0.07898184585538673
6 0.5590305320636622 0.3112650356261753 0.03870003571381488 0.07027800790866542
6 0.7979117999205697 0.28659925254582 0.062273903408566686 0.07904551285158128
8 0.8058940750843732 0.501139255017278 0.06372730925276535 0.07285917984777565
8 0.6262202118538484 0.4930363004549229 0.04187958279171564 0.07353034190105419
7 0.6313968612052252 0.5995728019377977 0.049637535713814886 0.07072367688202608
5 0.6833253741908687 0.40154647881982386 0.05278980925276535 0.07241351087441501
5 0.5821508376662748 0.5991297915576743 0.03859094155801372 0.06402800790866543
2 0.6131140600668396 0.30330529699488185 0.04508640340856651 0.07834517589344295
2 0.6787799703752649 0.3036355608350463 0.05898526217486459 0.06954317885919252
0 0.8045691286550956 0.39788692102488915 0.06383640340856686 0.07910917984777566
0 0.6200850344992943 0.39662421547395094 0.03859094155801355 0.06402800790866543
1 0.7472321412369973 0.5026579926599883 0.06698867694751698 0.08079901384016441
10 0.6948883912369974 0.5005251482874762 0.057477309252765355 0.07260451186299814
4 0.7413696992719465 0.3906209076790163 0.06545345048646745 0.08229784684397004