11 0.33943537038316796 0.702169991415793 0.054550263083592475 0.07841589149054791
11 0.2243718125047777 0.6856460876286051 0.06576077886860805 0.0831670240041051
8 0.3531422836361696 0.6020563619272978 0.060072220990217674 0.06595225292686617
8 0.18450640472520935 0.5647432351692772 0.07357327886860796 0.08321247579950324
6 0.4007698996047118 0.4134342234618121 0.04913472099021767 0.06588862041330898
6 0.15347069439950975 0.35391481947823256 0.07587923151356132 0.06916815651766246
10 0.24276622575777934 0.585505187062871 0.08018729991529536 0.08949883723582168
7 0.15654727567307472 0.6750994730690287 0.09534186305535756 0.10833065046753809
5 0.2634133837491091 0.4837881509585175 0.06503273677523325 0.0706670240041051
5 0.1132222099021766 0.6558136627641783 0.0784427893919517 0.08636474687674216
0 0.3814122258283665 0.510454669207086 0.05078822625188959 0.06746021077238851
0 0.20258229956235957 0.45913358460354303 0.07284523677523325 0.07071247579950324
2 0.2756032996329467 0.3844648618291019 0.06668624203690507 0.07223861436318471
2 0.2121477443853923 0.36842222619228665 0.07991428413027987 0.08481133723582168
4 0.3176836547957965 0.48972453357027074 0.0718287683452643 0.08007838544042353
1 0.295929023112826 0.5992631600337038 0.07944384727034208 0.10355224687674217