9 0.7945063911148418 0.44933165723054885 0.055724210344286186 0.031278743731793845
9 0.6840574752355927 0.49929690182027253 0.046294646641955414 0.02944345909205772
9 0.6014657192451429 0.4233816080093364 0.04629464664195524 0.02944345909205772
9 0.3069245455613455 0.4374906059642723 0.04936508293962456 0.027971887305303155
9 0.22899300771973027 0.36249295447320423 0.055669646641955416 0.029716243731793844
9 0.13853169882672284 0.35516853628908873 0.06202877404661713 0.03302310015828454
3 0.07699396498397366 0.6169267387172289 0.06370040145127884 0.03619356426490725
3 0.3896601452911931 0.5540763638818311 0.046294646641955414 0.02944345909205772
3 0.5399552672535591 0.6843585604374766 0.04812996515360979 0.03730142319868044
3 0.641835225783747 0.7006177094212622 0.04812996515360979 0.03730142319868044
3 0.7426611158022803 0.7246666263517364 0.059122028855940555 0.039182171945039104
11 0.5124875539988659 0.3511907077719095 0.05939484736759475 0.04699467194503919
11 0.14922615136646084 0.29526233887551345 0.0828869110699257 0.04923913354437941
5 0.7318575358578807 0.7876978237653116 0.06898810217691817 0.0535174565847754
5 0.3525991109929569 0.7195733317493775 0.06112103847458741 0.05172763605166182
8 0.27797611162592906 0.5946211443649321 0.07329365626060227 0.042716348904643375
2 0.5602057690676576 0.6419353797169487 0.0594494110699257 0.0485571719450391
6 0.6665847438399142 0.5965439748606685 0.057450401451278846 0.03601170783841638
6 0.710404209626496 0.4390640954729241 0.06224702885594056 0.03927310015828454
0 0.29241312305867445 0.5395161072179135 0.06370040145127884 0.03619356426490725
0 0.3004910070867581 0.48735421364440423 0.06380952885594056 0.03931856426490725
7 0.7272395347615723 0.3824647544858395 0.08154266587924912 0.05544366943775669
1 0.5186953369463397 0.7556879911580043 0.06786211179556503 0.06597199247815269
4 0.09145825826788447 0.5610404515702104 0.10174603847458738 0.05290970282385175
10 0.21282980517999234 0.4222400275136001 0.09059028366526398 0.046341454077492725