9 0.6308881776242353 0.8243768761404103 0.04048083605604162 0.0627568651776464
9 0.6384116965259368 0.7358409150155399 0.035720600873680654 0.059413541356328994
9 0.6319636344055898 0.6440536753546221 0.03586607123840295 0.06566354135632899
9 0.6303485426499649 0.5457981118723867 0.035429660144236055 0.04691354135632882
9 0.6332209291428468 0.4559179745688338 0.02776263050895835 0.0527996683207995
9 0.633241072569583 0.3544646364794926 0.037283100873680655 0.05948631596343468
9 0.6314259590624649 0.26480282299725727 0.035429660144236055 0.04691354135632882
9 0.6401307714671527 0.15904297456883382 0.040553571238402954 0.06588186517764645
3 0.35884440387597205 0.17370490384788814 0.0340853656913195 0.056215766749222996
3 0.3673998266536456 0.2755392315981472 0.03074216014423623 0.04669521753501123
3 0.3673251318401386 0.3793363196874884 0.030851262917777865 0.051382717535011224
3 0.36427090739135376 0.4770289569910412 0.02747168977951393 0.040299668320799495
3 0.37395307228524255 0.5639831474377474 0.030814895326597293 0.04982021753501122
3 0.36728353856590223 0.6493577212590649 0.03074216014423614 0.04669521753501123
3 0.36664579929947855 0.7438161966519591 0.030887630508958354 0.052945217535011226
3 0.3698415748506937 0.8412177355270885 0.027908100873680654 0.0590496683207995
11 0.6940421410551034 0.8268982545526231 0.042479747150208524 0.08157963978475244
11 0.7029398959921874 0.14285074028459951 0.04862064437666689 0.07718323821317571
5 0.30588817762423537 0.8395139944184287 0.045532011967847286 0.07860018899896418
5 0.2948546390583332 0.1735636627392283 0.04862064437666671 0.07718323821317571
8 0.7078072743169442 0.23549200455262315 0.05130923328249999 0.058578787427387445
8 0.7017474979127076 0.7305497934277527 0.05795927678548622 0.07605738585581072
2 0.30634407893475635 0.7528680190255346 0.05312630642076392 0.0695890620344933
2 0.29388959147128446 0.2820846381321225 0.05610583605604171 0.06348461124870504
6 0.6951539654276383 0.6450125537668349 0.04371493882958326 0.06758991439185813
6 0.7067694915475344 0.3471379799455173 0.04200696846486114 0.06126713978475227
0 0.3115783992232286 0.6620974698113229 0.04040810087368065 0.059631865177646404
0 0.30344446979604134 0.3745075785788285 0.045059233282499986 0.05828768899896399
7 0.6982263736720135 0.546538666463282 0.05330814437666671 0.0774015620344933
10 0.7069130022811108 0.4415600680348585 0.0545433360560418 0.06341183664159918
4 0.3027521791428468 0.4713098039717226 0.05305357123840278 0.06646406203449332
1 0.30651099914697866 0.5780499555432993 0.054834276785486226 0.07591183664159899