11 0.4155567311952078 0.7304542983933764 0.03604790919430556 0.07367651741285464
11 0.3044010256481244 0.734015310379164 0.04549564437666671 0.077292840343633
6 0.4294250883371524 0.43707279059146026 0.035756968464861136 0.06117651741285464
6 0.18818249249746494 0.4173899751239136 0.059194468464861136 0.0624048247398008
8 0.2476444922131245 0.6184035984842334 0.050292247150208344 0.08222600180902226
8 0.4139598232351731 0.631030830505552 0.04044446846486114 0.06142217887824373
10 0.3107439042572217 0.6295325282669884 0.05170927678548622 0.07605788896415203
5 0.19131979739961746 0.7194847416322571 0.05654224715020843 0.0825535504295413
7 0.23864873907899248 0.7360447998637144 0.06308318787965286 0.09538109905006031
5 0.3130350625015968 0.5310950282669884 0.04371493882958344 0.06783595318850325
2 0.310584169359201 0.43475561680159913 0.043496733282500075 0.05846095318850324
2 0.24988305870187463 0.4214057677515388 0.0500376740119445 0.07128850180902227
0 0.4247719962971871 0.5361687098587657 0.03742857123840295 0.06594590456798421
0 0.25162543702663154 0.5145792356393631 0.04669446846486114 0.06174972749876275
4 0.36636008425308986 0.5252854415413999 0.042079703647222286 0.06462906603337366
1 0.3614524190748606 0.6353188608087054 0.0441149823325695 0.08502345318850324