11 0.71015625 0.28828125 0.053125 0.0734375
11 0.603125 0.2875 0.046875 0.06875
8 0.55703125 0.3953125 0.040625 0.071875
8 0.7171875 0.38671875 0.05625 0.0734375
6 0.74921875 0.578125 0.059375 0.0640625
6 0.521875 0.58359375 0.0375 0.0578125
10 0.61953125 0.3859375 0.053125 0.0734375
7 0.546875 0.28671875 0.05 0.090625
5 0.5 0.3 0.0390625 0.0765625
5 0.6265625 0.48046875 0.046875 0.0609375
0 0.73671875 0.4796875 0.05625 0.0640625
0 0.56953125 0.4953125 0.040625 0.059375
2 0.63671875 0.57421875 0.0515625 0.0609375
2 0.57421875 0.58203125 0.0375 0.0671875
4 0.68046875 0.490625 0.059375 0.06875
1 0.6671875 0.3828125 0.0609375 0.0828125