11 0.1296875 0.2384656393158655 0.05625 0.08354201186299806
11 0.12265625 0.43718964079874023 0.0578125 0.06641817885919252
8 0.18984375 0.23913945996238142 0.0515625 0.08178851087441492
8 0.19296875 0.5327621259699926 0.0546875 0.06629084486680377
6 0.31328125 0.22082851726302452 0.0421875 0.07828150889724857
6 0.31484375 0.6238898502668302 0.040625 0.06415534190105418
7 0.1171875 0.5452249752854207 0.08125 0.07206068380210837
10 0.18515625 0.4252679609509646 0.065625 0.06986151384016441
5 0.2515625 0.425687113612703 0.0484375 0.06603617688202608
5 0.128125 0.6354043063120599 0.059375 0.07273184585538672
2 0.3109375 0.4209240177573161 0.040625 0.07821784190105419
2 0.31015625 0.5279871012554133 0.05 0.06766234387822045
0 0.2515625 0.227249613612703 0.0453125 0.08622134288963731
0 0.2578125 0.5293386956279253 0.0484375 0.06603617688202608
4 0.25078125 0.3296251971108002 0.059375 0.0821068458553869
1 0.18046875 0.33639646193954775 0.071875 0.08886618182494202