11 0.7015625 0.24609375 0.04296875 0.078125
11 0.70703125 0.43828125 0.0421875 0.06171875
6 0.5296875 0.23671875 0.0296875 0.0734375
6 0.53125 0.62578125 0.03125 0.05546875
8 0.64140625 0.246875 0.034375 0.07578125
8 0.64140625 0.53515625 0.040625 0.06328125
10 0.64375 0.42890625 0.04296875 0.0671875
7 0.7078125 0.54140625 0.05625 0.07109375
5 0.70234375 0.62734375 0.04296875 0.0640625
5 0.58671875 0.43203125 0.0328125 0.06484375
2 0.53359375 0.43125 0.03046875 0.07265625
2 0.53203125 0.53203125 0.03828125 0.05859375
0 0.58046875 0.53046875 0.03203125 0.05625
0 0.5859375 0.24140625 0.03203125 0.08359375
4 0.5828125 0.33984375 0.0375 0.07734375
1 0.646875 0.34296875 0.04609375 0.08984375