9 0.09998571687177157 0.672666435351681 0.0598596788782438 0.039735209341181486
9 0.22526235583592363 0.6240936700349984 0.05180151741285455 0.034956802673454135
9 0.29666264303648193 0.7085692147119526 0.04884029172311406 0.03804544000636341
9 0.6047208045018712 0.7074634374204051 0.051883404567984216 0.036519302673454136
9 0.6707342288575593 0.7903128474299501 0.05994156603337366 0.04129770934118149
9 0.761526325194086 0.8030952054423587 0.06635534034363318 0.0444954346753633
3 0.8659902544110143 0.5400872227879944 0.062493355947465544 0.030396572008272216
3 0.5394377204898161 0.5808458460773146 0.049911468792335614 0.02868862133990895
3 0.4087343543655856 0.44955838872531545 0.04843085594746519 0.030232940006363406
3 0.30979888738227235 0.428082283378407 0.048430855947465365 0.030232940006363406
3 0.21509721901947815 0.4004016313653621 0.05320024310259504 0.031849984006999676
11 0.3760392045472997 0.7900106660566337 0.06380355042954129 0.055396572008272395
11 0.7395417825664609 0.8645957794398133 0.08427982473980081 0.05875792934436319
5 0.6038764360027914 0.4252503740849507 0.06956222749876276 0.04609429734245403
5 0.23547831806953848 0.3396641260343621 0.07285100180902226 0.049255660009545024
8 0.660688600747541 0.5494242180935411 0.07392217887824373 0.03989884134309048
2 0.3807421511770823 0.4914458967218156 0.06627345318850333 0.0429329346753633
6 0.26557749660909796 0.5260652500397709 0.06142217887824373 0.03975339067472703
6 0.18748903889803895 0.6885374306969986 0.07309666327441153 0.05394316000954511
0 0.6368516310506942 0.6015225200906776 0.06594590456798421 0.0366829346753633
0 0.6184834113538477 0.6536844567552232 0.06767217887824373 0.03982611600890866
7 0.1554301334255435 0.7483573260264078 0.09282930913596857 0.07291133601209036
1 0.4410798648810352 0.3842697433959062 0.06849105042954129 0.05545111600890866
4 0.8428117039814728 0.5945383654519036 0.10401911465389269 0.04805678668045381
10 0.6964612471749249 0.7319827267663591 0.09842421189493074 0.060484061346272