9 0.15171055014950952 0.696015961066976 0.06425339754067201 0.033185204722264314
9 0.24957081234795378 0.5962245184449602 0.054842036104353474 0.026880662567786474
9 0.44005088748352705 0.7044950398167866 0.0454943071815924 0.03151362041330898
9 0.6276508814334028 0.7205916967272324 0.0455033975406721 0.033076120413308985
9 0.7304213574292977 0.6590542330279778 0.048610216822512695 0.029969301131468028
9 0.8292997398446591 0.7342627904059619 0.05645907825883114 0.03626475292686617
3 0.1587089421310366 0.4217472140920382 0.06421703610435348 0.026935204722264315
3 0.3610981439264347 0.4283825125912277 0.048592036104353475 0.026844301131468205
3 0.4411310775714602 0.4872939042781672 0.04233294574527378 0.025245439695149585
3 0.5363122882456528 0.5984626875538505 0.04234203610435348 0.026807939695149587
3 0.7321333274732643 0.5504468474893583 0.048582945745273956 0.025281801131468207
3 0.8364077370159888 0.6131235886105637 0.054851126463433174 0.02844316256778647
11 0.14583780005131364 0.7608960725032945 0.079996572208707 0.0535886083130606
11 0.8507752849260031 0.799765070558387 0.08625566256778647 0.05518746974937887
5 0.45455270725634717 0.3770558410464507 0.05647725897699054 0.039389752926866264
8 0.14674124901804136 0.647605732144215 0.0862011204133089 0.045812469749379046
8 0.6358810170702182 0.6580416997522947 0.06743293969514959 0.04257838544042354
2 0.4316066075274936 0.5959467416121849 0.05644089754067192 0.03313975292686635
2 0.7378525832288009 0.7277633264121195 0.08151362041330898 0.04578519867214013
6 0.7311470235131259 0.3809155974893583 0.05960225897699054 0.03940793364502539
6 0.33333780005131364 0.7598052294137405 0.06746930113146812 0.04882838544042371
0 0.529967360356164 0.7164723441697086 0.05805793969514959 0.04252384328594587
7 0.4209196132830302 0.773358669305282 0.0706670240041051 0.06134656615858276
1 0.5377106409013725 0.4359490520152309 0.061164758976990544 0.03941702400410509
10 0.15451634582002866 0.37255118998973724 0.09871021077238855 0.04744769262201594