9 0.14799858250776995 0.32337400085792983 0.062392992142117173 0.03302310015828454
9 0.23769678329355823 0.32388481472712566 0.05607021753501131 0.031278743731793845
9 0.3268855618296055 0.3353331285963215 0.052945217535011316 0.031187815518548413
9 0.4257040514905233 0.34103990782578125 0.04520549214211709 0.032522994985435004
9 0.516001565758547 0.34543423964166575 0.04825771753501122 0.03105142319868044
9 0.6125126927230177 0.3504279650310595 0.045132717535011226 0.030960494985435093
9 0.7034459077768296 0.35792456479363266 0.05152826674922295 0.03426735141192579
9 0.8110400839555121 0.35947504143666764 0.05607021753501122 0.031278743731793845
3 0.7768832919800106 0.6405575568760739 0.05948631596343468 0.0376196719450391
3 0.6745951999617279 0.6255894379131708 0.04840326674922295 0.03417642319868044
3 0.571198372211469 0.617675301003579 0.051601041356328814 0.03582985141192587
3 0.4730155833363394 0.615070789720808 0.04684076674922295 0.034130959092057725
3 0.38869624131805686 0.5995798335317442 0.04527826674922295 0.034085494985435005
3 0.3020502659251627 0.6005405914493029 0.048330492142117085 0.032613923198680436
3 0.2079556635677978 0.5939161698999751 0.060976041356328815 0.03610263605166182
3 0.11244411042464471 0.5842122124572701 0.06402826674922305 0.03463106426490725
11 0.15403456679200425 0.2607830726446845 0.08350601282028158 0.05080163354437941
11 0.8334095436326404 0.29796924010388415 0.07896406203449331 0.05379024122451135
5 0.7708109203922234 0.7039297350893192 0.0774015620344933 0.05374477711788863
5 0.11024160153330453 0.6482519804039587 0.08350601282028158 0.0508016335443795
8 0.7410593777930402 0.28739310444793364 0.06653683664159918 0.05498902837152997
8 0.24614929218489837 0.25966319035394625 0.08550516046291676 0.06022209765100213
2 0.6657424307313056 0.6984048122863502 0.06980738585581073 0.05820495658477522
2 0.19503397849777523 0.6535866865930225 0.07278683664159913 0.05517088479802066
6 0.33214029611383983 0.2727649324363875 0.06461046360606985 0.04713106426490725
6 0.6282147754356754 0.28131425217807804 0.06468323821317572 0.04869356426490725
0 0.2854406546764577 0.655637268408907 0.06453768899896399 0.045568564264907255
0 0.5728657260165759 0.6823826586837111 0.05828768899896417 0.045386707838416564
1 0.36848859512316373 0.6649236887045936 0.07776543507002254 0.06155727711788863
10 0.5357190603818635 0.2738631165221276 0.0666823858558109 0.05811402837152997
4 0.4747920990521052 0.6774343974009399 0.0666823858558109 0.05811402837152997
7 0.4311043349889693 0.2753467116658472 0.07910961124870504 0.056915241224511345