11 0.7341629456184987 0.27032350185751763 0.08056025324641088 0.05371150496239867
11 0.7284505081176749 0.14964712882198833 0.08546594155801372 0.06642982878371631
8 0.6324777146932221 0.2726244023956369 0.07291139448011297 0.06272263192686944
8 0.607393714286185 0.09709570946773145 0.0808602621748646 0.07089900496239872
6 0.40093520860414217 0.05464057402620535 0.06353639448011297 0.062285984284234305
6 0.43330382914156296 0.305569527293193 0.06013865909060954 0.04651543507002254
10 0.625093683036597 0.15812525475300174 0.0872466298696164 0.07900260339082213
7 0.7241545202925395 0.08220491769711784 0.10780459172016954 0.0940111732831983
5 0.5224499241081432 0.1705460179875681 0.06666139448011296 0.06243153349844599
5 0.7058954439936456 0.05320662241184755 0.08508411201270896 0.044554828783716305
0 0.5343578145310663 0.29463848945152077 0.06956820616851012 0.0500770827126578
0 0.5008846156661568 0.10699078618453317 0.06844208279171564 0.07500430810555185
2 0.40624427151035547 0.10883792245462878 0.08096935633066593 0.07714900496239871
2 0.41839366964391633 0.17430025661502854 0.07299321509696402 0.06741013192686944
4 0.5207277370143565 0.22441588068401516 0.07778980925276535 0.07387845574818694
1 0.6327464959428102 0.21243176509208395 0.1075591298696164 0.07994867328319835