11 0.91796875 0.2484375 0.0578125 0.075
11 0.92734375 0.44765625 0.0578125 0.0640625
8 0.8578125 0.24765625 0.053125 0.0765625
8 0.8578125 0.546875 0.0546875 0.06015625
6 0.73359375 0.234375 0.04296875 0.07578125
6 0.73671875 0.64140625 0.04375 0.0609375
10 0.865625 0.4375 0.071875 0.06640625
7 0.93515625 0.55546875 0.084375 0.06875
5 0.79921875 0.4390625 0.0515625 0.0640625
5 0.92421875 0.64609375 0.0609375 0.06953125
0 0.7953125 0.23984375 0.05078125 0.0828125
0 0.79296875 0.5421875 0.05234375 0.0625
2 0.73828125 0.4390625 0.046875 0.08046875
2 0.7390625 0.54453125 0.05390625 0.0609375
4 0.79765625 0.33984375 0.06328125 0.0859375
1 0.86875 0.34609375 0.07421875 0.08671875