9 0.8625 0.29498466687756675 0.0640625 0.035796258891340124
9 0.771875 0.2882680940897065 0.05625 0.0338698858558109
9 0.68046875 0.29174415860539915 0.0515625 0.03365156203449331
9 0.578125 0.29182339537083274 0.0421875 0.03321491439185813
9 0.48828125 0.28897668527941955 0.04375 0.031725188998963996
9 0.38828125 0.28582176013419447 0.0453125 0.03179796360606986
9 0.2984375 0.2853188000427812 0.0484375 0.03506851282028158
9 0.18828125 0.2795119098437442 0.0546875 0.033797111248705033
3 0.84921875 0.5612282510379665 0.0609375 0.02940070967712849
3 0.75 0.5611619385891885 0.05625 0.03074488585581072
3 0.65546875 0.5600960523190929 0.0484375 0.031943512820281586
3 0.57109375 0.5530883811028091 0.0453125 0.028672963606069857
3 0.48125 0.5611791710113959 0.0453125 0.028672963606069857
3 0.3859375 0.5570246720448532 0.0453125 0.030235463606069858
3 0.28125 0.5556505707209457 0.0484375 0.03350601282028158
3 0.175 0.562942994004144 0.0609375 0.034088209677128486
11 0.8671875 0.23148509305624915 0.0796875 0.05214900496239876
11 0.17734375 0.2151775820934852 0.078125 0.053638730355292895
5 0.83828125 0.6226751732877075 0.075 0.044118181141081084
5 0.17109375 0.6264061805219086 0.071875 0.04553513192686935
8 0.77578125 0.22246115757194182 0.078125 0.05988873035529281
8 0.2703125 0.21084749297068667 0.0671875 0.05937930810555185
2 0.75078125 0.6205005512856354 0.0671875 0.048441808105551945
2 0.278125 0.6276711199351575 0.0609375 0.05127570967712849
6 0.684375 0.22749972208763447 0.0625 0.046660984284234354
6 0.384375 0.21334744665195907 0.0640625 0.04985875889134021
0 0.6609375 0.6145288411942224 0.0609375 0.04033820967712849
0 0.3734375 0.6201068689017001 0.0546875 0.043172111248705035
1 0.5765625 0.6168961699779386 0.0703125 0.05171235731976367
4 0.46953125 0.6218812305646899 0.0609375 0.049713209677128486
10 0.48125 0.21274167101139593 0.065625 0.06243153349844599
7 0.58515625 0.22274590963885638 0.0734375 0.059670406533975304