11 0.6859375 0.37960308236404783 0.05 0.06747839149054773
11 0.80625 0.3640593747149173 0.0609375 0.07691702400410509
6 0.603125 0.6925848713952676 0.0375 0.06896816861791084
6 0.84375 0.6786849560970063 0.0625 0.07692611436318479
8 0.8140625 0.4671389229195192 0.0625 0.0722386143631848
8 0.63828125 0.5033178383159761 0.040625 0.07211134933607007
7 0.625 0.3979263563681529 0.0484375 0.07059430113146811
5 0.71015625 0.5833684317983138 0.0515625 0.07217498184962742
5 0.57578125 0.4052439526791609 0.0390625 0.06272725897699054
2 0.6578125 0.6914854588274809 0.0453125 0.07682612041330898
2 0.72265625 0.6801707089256768 0.059375 0.0675329336450254
0 0.83125 0.5686014289696434 0.0640625 0.07849770472226432
0 0.64921875 0.5985667058024188 0.0390625 0.06272725897699054
1 0.75625 0.474506516205465 0.0671875 0.08007838544042353
10 0.7046875 0.4849627480550923 0.05625 0.07063975292686635
4 0.76953125 0.5861479981532882 0.065625 0.08163179508134402