9 0.71953125 0.83515625 0.03125 0.05390625
9 0.64765625 0.73203125 0.02734375 0.046875
9 0.7125 0.63359375 0.03203125 0.046875
9 0.70234375 0.4453125 0.02890625 0.04453125
9 0.60078125 0.25078125 0.02421875 0.05234375
9 0.7046875 0.15703125 0.03203125 0.06171875
3 0.43125 0.153125 0.0234375 0.05703125
3 0.4296875 0.35390625 0.02265625 0.0453125
3 0.4859375 0.4375 0.02265625 0.040625
3 0.59375 0.53828125 0.025 0.04296875
3 0.5390625 0.7328125 0.0234375 0.04375
3 0.59921875 0.83671875 0.025 0.05078125
11 0.78515625 0.86015625 0.05234375 0.07890625
11 0.76875 0.15625 0.04453125 0.0828125
5 0.37578125 0.45 0.03671875 0.0546875
8 0.65703125 0.14609375 0.04296875 0.084375
8 0.64921875 0.63671875 0.03671875 0.05703125
2 0.59453125 0.434375 0.03359375 0.059375
2 0.7140625 0.73671875 0.04609375 0.08984375
6 0.36953125 0.7234375 0.03671875 0.0546875
6 0.7609375 0.3375 0.0421875 0.06015625
0 0.7125 0.534375 0.0390625 0.05625
7 0.771875 0.42734375 0.05859375 0.06953125
1 0.43125 0.53125 0.040625 0.06015625
10 0.38125 0.146875 0.04296875 0.09921875