9 0.170858070789089 0.4863889586155702 0.05103671034428627 0.03230788896415202
9 0.25657482677953874 0.5644530828804012 0.044786710344286274 0.03198034034363317
9 0.36457086525412613 0.5200214094292244 0.04316964664195542 0.03033595318850324
9 0.5410415960168324 0.5543156015364511 0.043115082939624474 0.028773453188503238
9 0.7166641001931836 0.6801388743763727 0.05103671034428636 0.03230788896415202
9 0.8189111356725463 0.5986199587271119 0.061974210344286365 0.032881099050060314
3 0.7837449288716389 0.866018820667471 0.060848219962933034 0.04529921189493038
3 0.5867434432996093 0.8369100955435573 0.05141865626060227 0.0432453889641522
3 0.5140624006486706 0.7665732620973292 0.045114092558271326 0.041355340343633175
3 0.4338888057281466 0.6418388557203226 0.0448958377489479 0.035105340343633176
3 0.23255199502104054 0.6696385498637144 0.05125496515360961 0.03855788896415202
3 0.1396130160724328 0.5966746834007995 0.060684528855940556 0.040611711894930555
11 0.8317856471052915 0.5437244188130201 0.07943452885594056 0.041594357756487454
11 0.16037692777533064 0.4279213613745322 0.07636409255827141 0.042993083446227945
5 0.4834894685273527 0.8800249304601234 0.06468254809323426 0.06577548620519025
8 0.34838038086322276 0.5802219250330566 0.060902783665263985 0.046861711894930734
8 0.8218798790491242 0.6480843701925011 0.08272321996293322 0.04644563206674697
2 0.534905668704838 0.6627865208037566 0.06262897477225664 0.05163109905006032
2 0.2594567793192767 0.5043377764579662 0.08099702885594055 0.04167624491161739
6 0.20769086035998469 0.8436559040021574 0.06791667549789597 0.06906426051544941
6 0.6517534067239384 0.5217664523955338 0.06213790145127884 0.03756859905006031
0 0.4579662011889756 0.5350908887370094 0.057450401451278846 0.03732293758467105
7 0.5678967618960815 0.5025007960185273 0.07323909255827132 0.04282930913596861
1 0.4074924529182561 0.814993072703636 0.0696974303072194 0.07539614767057934
10 0.7786829174388936 0.9213237963572116 0.10574405771188111 0.08040455223856355