9 0.7487713321132675 0.8214746160764891 0.036701116008908664 0.0662522913958579
9 0.742238974100859 0.7301638234628154 0.036592028007635946 0.05687729139585791
9 0.7232338880887687 0.6414149691607444 0.03501134667409058 0.05528751785690744
9 0.7087890327418602 0.5416467942418222 0.033321577339272324 0.04432274431795715
9 0.6968061060629971 0.45199395901447453 0.033357940006363405 0.047447744317957154
9 0.6831606820496341 0.35377464732607733 0.03174089600572696 0.04273297077900686
9 0.6696061647039983 0.26336783563767996 0.036519302673454136 0.050627291395857824
9 0.6589766526893626 0.15571897687138203 0.03344884667409058 0.055260244317957154
3 0.38404992536599847 0.23397025649611702 0.035029528007635945 0.056850017856907444
3 0.4062890993793616 0.3320395637202875 0.03177725867281787 0.045857970779006864
3 0.4215424767265882 0.43413785186973436 0.02861589600572696 0.042678423701106284
3 0.43202653807286034 0.5292867106360324 0.028615896005727136 0.042678423701106104
3 0.4533390114178597 0.6148696546296779 0.030287484006999675 0.052080697240056394
3 0.4597895534293137 0.6991491972433517 0.030251121339908947 0.0489556972400564
3 0.47260827410881323 0.7934758957012242 0.030323846674090583 0.055205697240056396
3 0.4893696074554034 0.8908594103117208 0.028834072008272215 0.06142842370110628
11 0.8111167907781311 0.8071024245184756 0.05250792934436319 0.08215002678536117
11 0.7195687073519992 0.12496780885231877 0.054034066677272286 0.07905230032431154
5 0.3209232167011348 0.2483560848236058 0.046076116008908666 0.06641593262955983
5 0.42696960478990337 0.9005441018697343 0.04313292934436319 0.08198638555165942
8 0.7386192466979532 0.21762291315438986 0.06015679734245403 0.06822389448011297
8 0.8061287514321773 0.7142018583658515 0.06026588534372692 0.07759889448011296
2 0.41502304077813124 0.8140162666423867 0.05090906667727228 0.07899775324641105
2 0.33697602538190685 0.3520032362035776 0.0539067973424542 0.06811480032431164
6 0.7871327560868597 0.6262342540637803 0.050727253341817755 0.06337275324641087
6 0.7531731900461343 0.326766088073312 0.050727253341817755 0.06337275324641087
0 0.3591061113939972 0.440697543427748 0.04124316534054513 0.05383411201270878
0 0.40849977343249544 0.7234867240287131 0.03982611600890866 0.06630683847375848
1 0.3919202534213596 0.6417282094182164 0.054070429344363104 0.08217730032431163
4 0.3719339227402694 0.5358054918856204 0.04916475334181776 0.06334547970746059
10 0.7691260013924064 0.42181948945328374 0.06644316000954512 0.07145798863591431
7 0.7758129007399511 0.5264115320669576 0.06495338534372674 0.07768071509696402