9 0.8311348078689633 0.41295650855350524 0.05488748789975162 0.03501134667409058
9 0.7234086662802197 0.3993672705681409 0.05019998789975162 0.034956802673454225
9 0.6352228650505557 0.3839882659134585 0.048628397540672094 0.03337612133990877
9 0.5376620638208918 0.3687183492600488 0.05177157825883114 0.036537484006999674
9 0.4486859222321481 0.3549109352721392 0.04862839754067192 0.03337612133990877
9 0.3511342113615637 0.3380785186187295 0.05644998789975162 0.035029528007636035
9 0.2621989763886784 0.31723985463081983 0.05644998789975162 0.035029528007635945
9 0.1747580637226959 0.30810175930936473 0.06583407825883122 0.036701116008908664
3 0.12638315447455895 0.566459699315728 0.06585225897699046 0.03982611600890884
3 0.22157293462698413 0.586444387969456 0.05803975897699045 0.039735209341181486
3 0.31678998585664814 0.6017415766231838 0.05177157825883123 0.036537484006999674
3 0.40111953406125006 0.6085722846117297 0.045530668617910844 0.038027258672817865
3 0.4853399979568966 0.6341529926002758 0.04864657825883114 0.03650112133990877
3 0.5813564799047197 0.6463160905872309 0.05021816861791084 0.03808180267345414
3 0.6843633052366848 0.6654286225732315 0.053352258976990544 0.03968066534054522
3 0.7865479739527915 0.691581495226005 0.05804884933607006 0.04129770934118149
11 0.18136258772680097 0.24709153397518296 0.08154998184962733 0.0525079293443631
11 0.8541274011549091 0.35488037921709625 0.08001475292686636 0.05717724801081765
5 0.12054624493183445 0.6298045839831371 0.07844316256778665 0.055596566677272106
5 0.7783718595896068 0.7541724018937321 0.07688975292686635 0.057140885343726924
8 0.7651967113615636 0.33326046522918656 0.0628454336450254 0.060102253341817756
8 0.27428134075186306 0.25460349462922893 0.07690793364502549 0.06026588534372675
2 0.6706684438985622 0.736676913908368 0.0706670240041051 0.06175566000954511
2 0.20795534134103827 0.6444114293045923 0.07379202400410509 0.06179202267663584
6 0.3608728257247484 0.2754694306174568 0.0690318011314682 0.04923747867599957
6 0.6528012504909794 0.3166007712444586 0.06277271077238851 0.04760225334181776
0 0.2961638684684013 0.6558841839592746 0.06279089149054773 0.050727253341817755
0 0.5801934348233758 0.7119501812540037 0.06280907220870695 0.05385225334181776
7 0.4576523769544124 0.29074843793763927 0.0800329336450254 0.06030224801081765
1 0.3796485341594459 0.6736614826145934 0.07850679508134402 0.0665340666772721
4 0.48419058841417206 0.6974433332670485 0.06912270472226431 0.06486247867599956
10 0.5615040847999347 0.29891437925686715 0.0675420240041051 0.06171929734245411