9 0.20023247008038178 0.18664209555534703 0.04044446846486114 0.06028418977951393
9 0.28079017942718726 0.2815896132227776 0.03553876291777787 0.05080008700597229
9 0.22364786702249967 0.388331228914097 0.040153527735416715 0.04778418977951393
9 0.24740875608083285 0.5751766122728471 0.038591027735416714 0.04774782218833344
9 0.36809919652593687 0.7574234549784025 0.03412173328250008 0.05701371941479181
9 0.26800631791683954 0.8643839294271872 0.04215243882958344 0.06657055737069442
3 0.32396091080982625 0.17126905585208307 0.03412173328249999 0.05701371941479172
3 0.39269076738309006 0.27117683045336777 0.02761716014423623 0.04593074905006951
3 0.3529522008943399 0.4688701012549302 0.030778527735416717 0.04756598423243048
3 0.4695746968102773 0.5575124143252079 0.027508057370694415 0.04124324905006951
3 0.5318006334556592 0.6349275930868051 0.027689895326597203 0.04905574905006951
3 0.5466950155801381 0.833691748197048 0.029506968464861318 0.06002961664124982
11 0.2053062961653465 0.8744323830744095 0.056614982332569494 0.08408536569131933
11 0.13349956497013876 0.168674651976111 0.06293771751493064 0.08735583605604172
5 0.5786412254956245 0.5346723667381592 0.03880923328249999 0.05712282218833344
8 0.287928572569583 0.3774651576756942 0.048402438829583436 0.06671602773541671
8 0.31798813412124927 0.8640014165094094 0.055307055470833436 0.09498649810013901
2 0.36141670469406206 0.5748655281166662 0.04683993882958344 0.06667966014423606
2 0.21060496599631923 0.27775740482590255 0.061593423062013916 0.09669446846486114
6 0.19633460572024247 0.6895852575994443 0.05468880642076397 0.06842399810013902
6 0.560786803952222 0.2617985644014579 0.04204333605604162 0.06188305737069451
0 0.23074989257371487 0.48576927336701364 0.05312630642076392 0.06838763050895835
7 0.17805869082635367 0.6025580362847915 0.0719854091943056 0.07351154160312508
1 0.5155613036678816 0.4604003717721524 0.042079703647222286 0.06344555737069442
10 0.5950779641933673 0.8349081028704509 0.050837761017916705 0.10425239532659739