11 0.4986150126153938 0.357424131084137 0.06282963978475227 0.041688668019063256
11 0.30542793879407626 0.35874334902377003 0.06915241439185812 0.04336026217486459
8 0.3019433738640988 0.29925925486796867 0.07264128742738744 0.05122730925276535
8 0.5918427818458161 0.2863361095737816 0.06973461124870503 0.055860262174864596
6 0.6902696273787555 0.17077138514132678 0.0776198858558109 0.05755912986961631
6 0.27268186703967323 0.17208310024158602 0.07932793507002263 0.06071140340856664
10 0.48839029611383983 0.29156730600305913 0.06831766046291676 0.0589579886359143
7 0.6074998610438171 0.3530696420411856 0.08499573821317571 0.04832049756436803
5 0.6843170721686878 0.3489372954497523 0.07852741439185813 0.04352390340856669
0 0.5883582169158388 0.2268520154179802 0.06802656203449331 0.052707988635914305
0 0.2829429708447802 0.2371586753226639 0.07903683664159918 0.054461403408566686
2 0.5903060146823084 0.16824462864850503 0.07605738585581072 0.05753185633066597
2 0.48685352895033207 0.1734758250777826 0.07620293507002263 0.060656856330665976
4 0.3936450303980741 0.22736270981866288 0.07642125889134022 0.06534435633066593
1 0.40361503577475755 0.2986882848997408 0.0760573858558109 0.05753185633066593
5 0.48483295657675657 0.23364571184725777 0.0695890620344933 0.05273526217486459