9 0.891684443427723 0.7364665403183623 0.0661704400063634 0.0499315334984459
9 0.7875049260820871 0.6410384162493757 0.056649989337999786 0.0369948858558109
9 0.6039122707669954 0.7667896253073316 0.04889203333863605 0.04131851282028158
9 0.4184293041056315 0.7971919470617347 0.05049089600572696 0.044516287427387446
9 0.31392307009863185 0.7407899356891952 0.05199885200509069 0.03990156203449331
9 0.21809349677749487 0.826121660048632 0.0630090773392725 0.046660984284234173
3 0.8650106660566337 0.45724992121177443 0.0628636266709087 0.034160984284234176
3 0.6676907707272244 0.47695018341288353 0.050345445337363515 0.03201628742738745
3 0.5911560900699968 0.5428790903611436 0.042532945337363515 0.03165241439185813
3 0.5019765060868596 0.6628769131490039 0.047274989337999784 0.03655823821317572
3 0.30638219541690526 0.6295613372607717 0.05038180800445433 0.035141287427387445
3 0.20727308076063206 0.7014662624059967 0.056649989337999786 0.03699488585581072
11 0.8986980594366315 0.8023826387467856 0.08353975334181811 0.06635705417661057
11 0.20014347545349448 0.8939983647633618 0.08982611600890866 0.06977315260503403
5 0.5727049873885883 0.43348481968297914 0.06142839600572696 0.04502570967712849
8 0.40829977876349555 0.7319115494190995 0.06620680267345432 0.05305653349844608
8 0.893464572087814 0.6881382022290212 0.09295111600890849 0.06991870181924557
2 0.30930884277526777 0.8139727245643247 0.08662839067472686 0.06337760339082195
2 0.6064912834181779 0.6529090618250963 0.0583215773392725 0.046442660462916764
6 0.7161310074394951 0.8149617597154005 0.06787839067472703 0.06250430810555159
6 0.30361918006045174 0.4592124499572188 0.06142839600572696 0.04502570967712849
0 0.5166940814369497 0.7869329973094037 0.06626134667409059 0.057744033498446076
7 0.6273684994429949 0.8365948571103665 0.08059656667727211 0.0818365049623985
1 0.49460780673136073 0.4993409520241334 0.06771475867281787 0.048441808105551945
10 0.8691254540499521 0.40824949503309205 0.10534202800763595 0.061125898676092305