11 0.412021995631597 0.27443942777533065 0.039136541603125075 0.07162202885594056
11 0.4264260684855204 0.46050341334736034 0.037246733282499986 0.05750496515360979
8 0.35720720906246506 0.2818179073569106 0.04393314437666671 0.07647321996293303
8 0.36628604264996484 0.562522270333602 0.05130923328249999 0.05799603847458741
6 0.2638312302452772 0.6714830972827768 0.05294446846486114 0.06117560217691818
6 0.2447435766536456 0.2841839939247322 0.05156380642076393 0.06893353847458741
10 0.3632357374634719 0.45880699329176 0.05308993882958344 0.06742560217691818
7 0.42809571162791615 0.5564607540915333 0.04524107123840295 0.06559028366526398
5 0.4316187954997564 0.6398635311333752 0.04044446846486114 0.060739092558271326
5 0.3115095833031593 0.4676388454686783 0.04996493882958335 0.06731647477225647
0 0.30102994424482615 0.2806572006408214 0.05021951196784728 0.07825397477225655
0 0.3100542264455551 0.5637053136175127 0.049892203647222286 0.06419147477225665
2 0.25667661293843713 0.47579857505025824 0.05650587955902786 0.08003472958158006
2 0.2589638519205203 0.5787598839432656 0.05308993882958344 0.06742560217691818
4 0.3010825360004511 0.37901285508732513 0.05963087955902786 0.0801438569862416
1 0.362020036000451 0.37688487069642174 0.05501611474138901 0.08310516587924913