5 0.502809184370762 0.8850926597629865 0.04093801779449713 0.08524782218833345
2 0.5062432490857789 0.796975063923299 0.045307182813525235 0.07754442496187508
0 0.5080511468046014 0.7072586004924309 0.04023768083635879 0.06806032218833344
1 0.5124256290101042 0.6230654384483337 0.04218218281352524 0.07747168977951394
4 0.5244706897707885 0.5164160481557296 0.043299013840164415 0.06657055737069442
0 0.5306477525086389 0.4189961874984032 0.036667011862997964 0.05705008700597229
2 0.5417988167293644 0.3287166796146185 0.04310801285158128 0.06188305737069451
5 0.5475938774900484 0.22192181895729216 0.038802514828747546 0.07114895459715279
3 0.44265293437076203 0.8836925075025353 0.030735346843970036 0.06471711664124982
3 0.451078246614321 0.7839834482319795 0.03197951186299797 0.05694098423243066
3 0.45663322684265745 0.6904516537790629 0.028536176882026254 0.04905574905006951
3 0.4553797915576744 0.6022249551658337 0.031597509885831696 0.04756598423243048
3 0.4705644397707885 0.5151613662600003 0.029844008897248565 0.04284211664125
3 0.47133641950483335 0.4191767190335421 0.029971342889637497 0.04596711664124999
3 0.47657306475219785 0.3178324245806254 0.030098676882026255 0.049092116641249996
3 0.4894948760071737 0.2135449680836115 0.031915844866803766 0.05537848423243066
9 0.16481709444687423 0.8460054438635766 0.04642401384016441 0.06664329255305575
9 0.1634681586675995 0.7554349952503474 0.0477318458553869 0.06042966014423605
9 0.17221180589213042 0.6635384359797918 0.0444795118629981 0.05723192496187508
9 0.17738478414330056 0.5606316415268752 0.04409750988583174 0.04785692496187508
9 0.18062784786973426 0.4678265456871877 0.04728617688202612 0.049492160144236054
9 0.18427015961900164 0.3656646336430904 0.04559634288963732 0.04633079255305557
9 0.19063822334543534 0.27293227298576406 0.0490396778706093 0.054216027735416714
9 0.19155478311753632 0.161340809554896 0.0477318458553869 0.06042966014423614
11 0.09968684296399945 0.8374649388295834 0.06443918479069152 0.08735583605604162
11 0.12829077916320364 0.14113610590767373 0.07349584980971957 0.07976154160312507
8 0.09586682319233597 0.7437149388295834 0.07349584980971957 0.0797615416031249
8 0.11329713193867275 0.23288719481350703 0.07767401384016445 0.0673706443766667
6 0.10392472091115845 0.6541439457634375 0.06842634783255322 0.07027743882958326
6 0.10788407315515491 0.34905705547083343 0.06829901384016446 0.06715243882958344
7 0.1036607826604258 0.551891114741389 0.08618685079830275 0.08473998233256949
10 0.10008084342110998 0.44487804853697926 0.08567751482874764 0.0722399823325695