9 0.12600828972080802 0.5015256176828344 0.061664925705962895 0.025354524004105095
9 0.21309075257378945 0.4885211027539157 0.05546038981258557 0.026880662567786474
9 0.30841997294861834 0.5410825004909793 0.04921038981258565 0.02684430113146803
9 0.5864062321198183 0.46369680211342673 0.046085389812585476 0.026826120413308986
9 0.6887439704413358 0.5169985432346322 0.046039925705962936 0.025263620413308985
9 0.7798068911327338 0.44773039276709403 0.052380853919208194 0.02842498184962743
3 0.1361572133817069 0.7701710785534188 0.058949102665567035 0.039398843285945874
3 0.4204222162847008 0.6380706090986275 0.04622178213245363 0.03151362041330898
3 0.6043676557807173 0.7322968111886131 0.04640363855894449 0.03776362041330898
3 0.7092370122072079 0.7254377571302787 0.04635817445232178 0.03620112041330899
3 0.8138790481005852 0.7263912030719444 0.05586956677218957 0.04094316256778665
11 0.1198097655059132 0.4461023194782324 0.08068771034569897 0.034838608313060605
11 0.47913094121187616 0.4190160820694603 0.052471782132453626 0.03154998184962743
5 0.4318274145562058 0.8098501603282914 0.05779577962517113 0.05345225292686635
5 0.8190235376757439 0.791194046456086 0.07502874373179366 0.05511474687674216
8 0.32320022380654817 0.7042501210024842 0.07006845909205772 0.04571247579950324
2 0.613498614872775 0.6869388593932151 0.05940374373179384 0.055023843285945874
6 0.7029990355641729 0.6176797992847565 0.05586956677218975 0.040943162567786476
6 0.692838088546309 0.45682865769601283 0.05881271034569906 0.03471134328594587
0 0.32175739575158735 0.6464558017206434 0.06046613855894432 0.03784543364502539
0 0.3163173894833812 0.5918092083365016 0.06350021034569905 0.034738614363184796
7 0.6943611361181689 0.4044849076960128 0.07296613855894432 0.03791815651766228
1 0.6044836645562058 0.8088456756499938 0.06615384890464338 0.07224770472226431
4 0.1354501712201234 0.7139347140920382 0.09851170783841652 0.05681360226293641
10 0.21446538446881624 0.5486591720357563 0.08863660266556703 0.03957156010845857