9 0.11570080331134056 0.7855800891227985 0.05177310015828458 0.06326628742738745
9 0.2027485107540457 0.6936708790313852 0.04851170783841656 0.05843323821317572
9 0.1481171835570147 0.585800566996892 0.05159124373179384 0.05701628742738727
9 0.18399954460235896 0.39788534408519727 0.04998327962517117 0.055381012820281586
9 0.31912338770101456 0.21537255872472444 0.04230717194503919 0.05970463978475227
9 0.22319947077054025 0.1094799696019259 0.05512542069139794 0.07122433664159913
3 0.5121399503165691 0.14556313461295659 0.03467652837152997 0.065590766749223
3 0.48829458801758363 0.3449616670779453 0.03279577962517113 0.05458049214211709
3 0.41867006129540635 0.41895778515107585 0.034130959092057725 0.04684076674922295
3 0.28778142563945586 0.505704306243525 0.038954851411925784 0.05174659057054072
3 0.3208991171805364 0.7054153618678776 0.03743781551854841 0.05323631596343468
3 0.2418003020576993 0.8023759449948201 0.04230717194503928 0.05970463978475209
11 0.15739261434404953 0.10017343610347988 0.07285848997087015 0.09077485731976358
11 0.05287419437756737 0.7982577175350113 0.062102846397360856 0.09651543507002262
5 0.5270735946815013 0.44429173304138 0.039182171945039104 0.05955909057054054
8 0.21399223614343948 0.5974508504953381 0.06293792069139795 0.07158820967712849
8 0.27304034639736086 0.10634000702931332 0.07313127461060623 0.10014985731976359
2 0.3018091702291795 0.3979110769216895 0.05172763605166182 0.06170378742738745
2 0.13016045691397968 0.6926306098009629 0.06973348997087014 0.09062930810555195
6 0.1377573789255259 0.28338404238978615 0.069324313011266 0.07656680810555186
6 0.4942911530739137 0.7119308432566277 0.044051528371529966 0.06602741439185814
0 0.1608097486798518 0.4857470630679506 0.06606292069139794 0.07173375889134022
1 0.4589888359060126 0.5175793757216164 0.0472674565847754 0.06929796360606985
10 0.5589694862099465 0.1461838728261323 0.05469952335696497 0.11021406203449331
7 0.11146531505633006 0.37188146215832785 0.08986413354437942 0.08532537799792798