9 0.88203125 0.8484375 0.04296875 0.05703125
9 0.80703125 0.74296875 0.0390625 0.05
9 0.87578125 0.6421875 0.0421875 0.04765625
9 0.8625 0.44765625 0.0390625 0.04375
9 0.7515625 0.24375 0.034375 0.05625
9 0.859375 0.15234375 0.040625 0.06171875
3 0.57109375 0.15078125 0.02265625 0.05859375
3 0.56953125 0.35390625 0.0234375 0.04765625
3 0.628125 0.4375 0.025 0.04140625
3 0.746875 0.5421875 0.03359375 0.046875
3 0.68984375 0.74140625 0.0296875 0.04921875
3 0.75625 0.8515625 0.03515625 0.05546875
11 0.95 0.8703125 0.0625 0.0796875
11 0.92578125 0.15390625 0.05625 0.08125
5 0.51953125 0.44765625 0.02890625 0.059375
8 0.80859375 0.6484375 0.05078125 0.06953125
8 0.81171875 0.14296875 0.05546875 0.0828125
2 0.746875 0.43203125 0.0421875 0.05390625
2 0.8796875 0.753125 0.059375 0.08203125
6 0.5171875 0.72109375 0.03046875 0.05390625
6 0.92265625 0.33984375 0.05859375 0.065625
0 0.87578125 0.5390625 0.05703125 0.0578125
7 0.9375 0.43125 0.0765625 0.0703125
1 0.575 0.53203125 0.03359375 0.0609375
10 0.5234375 0.14453125 0.0328125 0.09921875