11 0.559375 0.26171875 0.03046875 0.07578125
11 0.5640625 0.45078125 0.03046875 0.06015625
8 0.50625 0.265625 0.0296875 0.0734375
8 0.503125 0.54453125 0.0359375 0.05546875
6 0.396875 0.25234375 0.03359375 0.065625
6 0.3984375 0.63828125 0.034375 0.053125
10 0.50625 0.44140625 0.0328125 0.0609375
7 0.56171875 0.55 0.03515625 0.0671875
5 0.45234375 0.44375 0.034375 0.05703125
5 0.5609375 0.6328125 0.03203125 0.06015625
0 0.45234375 0.2546875 0.03203125 0.06953125
0 0.44921875 0.54140625 0.03046875 0.05625
2 0.40078125 0.44453125 0.0375 0.07421875
2 0.39453125 0.5453125 0.04375 0.07109375
4 0.44765625 0.353125 0.03671875 0.0796875
1 0.5078125 0.3578125 0.03515625 0.0828125