9 0.13671875 0.5391343593294845 0.059375 0.02516513605166182
9 0.22578125 0.5362570634069774 0.053125 0.02654577962517113
9 0.31796875 0.5990956956977156 0.0484375 0.027971887305303155
9 0.59609375 0.5509383066765527 0.0453125 0.027880959092057723
9 0.6984375 0.6164162056603384 0.04375 0.027835494985435007
9 0.7890625 0.5557718738444539 0.05 0.02801735141192587
3 0.1375 0.8094695913827958 0.05625 0.040699207838416386
3 0.42421875 0.7092185049480578 0.0421875 0.03247753087881229
3 0.603125 0.8245803951563548 0.0390625 0.04176160266556721
3 0.709375 0.8284532044066971 0.0421875 0.038727530878812644
3 0.81328125 0.8400703174971056 0.05625 0.04226170783841639
11 0.49296875 0.495593925639456 0.05 0.031142351411925874
11 0.1328125 0.4835519490629279 0.075 0.03186977711788863
5 0.43046875 0.8820566113745485 0.0578125 0.0579321719450391
5 0.81796875 0.9034879598169734 0.0671875 0.058204956584775404
8 0.32421875 0.7649025521242063 0.0671875 0.050392456584775404
2 0.6140625 0.7788048939027137 0.053125 0.059358279625171304
6 0.70625 0.7228935261934518 0.053125 0.046858279625171126
6 0.70234375 0.5555923659268951 0.053125 0.03279577962517113
0 0.325 0.7086752841775177 0.0609375 0.043960600158284534
0 0.3234375 0.6515985700708951 0.0609375 0.04083560015828454
7 0.70390625 0.5048565800335179 0.0671875 0.037892456584775226
1 0.6015625 0.9003161810497321 0.0640625 0.07686402837152997
4 0.1375 0.7563445913827959 0.0953125 0.060585810503983595
10 0.2234375 0.5979076172470433 0.0859375 0.04468802586424729