9 0.3399936472245309 0.11020267412854541 0.049612680836358794 0.06964411465389256
9 0.3083351289357422 0.19544745533620989 0.04785917984777566 0.0648747274987628
9 0.28670552665456467 0.28434950305221773 0.0477318458553869 0.06174972749876275
9 0.2576626723962208 0.3822580585701417 0.044224843878220545 0.05221095318850333
9 0.22975123661694613 0.47161380766563055 0.045787343878220456 0.05229284034363317
9 0.19849196635099103 0.5662745324508599 0.04585101087441492 0.053855340343633
9 0.1730197810660079 0.6534093622790433 0.0459146778706093 0.05541784034363317
9 0.1358142583285949 0.7595022320213186 0.0477318458553869 0.06174972749876275
3 0.5980024653995889 0.19575282903521396 0.0367943458553869 0.06117651741285455
3 0.5722119451336338 0.29070015886339745 0.03510451186299814 0.057969630257724794
3 0.5450180923581647 0.38165935153645114 0.03653967787060939 0.05492651741285455
3 0.5151130750579591 0.4622985198992454 0.03147017589344294 0.04530585594746519
3 0.499015889772976 0.5499246726582074 0.03328734387822045 0.05163774310259513
3 0.4663214534994097 0.641378510288307 0.033096342889637496 0.04695024310259512
3 0.4372467657429687 0.7400683158062309 0.0331600098858317 0.048512743102595124
3 0.41423107699794437 0.843773169944674 0.036603344866803764 0.05648901741285428
11 0.2798201511788636 0.0882590750784851 0.0660016847906915 0.08921298620519007
11 0.07041209281527526 0.750594221505869 0.07218801779449716 0.0879780348257091
5 0.6557048774528674 0.22069859735257963 0.05331068380210837 0.08387038896415203
5 0.473655156541709 0.8648945754171693 0.053247016805913996 0.0823078889641522
8 0.2441917158938805 0.17486163839832516 0.07212435079830275 0.0864155348257091
8 0.09138777908884156 0.6585262302122963 0.0764935158173308 0.07884869629109836
2 0.6278889421678843 0.30771059644806853 0.05618101581733086 0.07778416327441154
2 0.5036702617886359 0.7623394634768103 0.054172846843970036 0.06676477611928178
6 0.22422011410699455 0.26150182326946275 0.06711851581733078 0.07835737336031982
6 0.12478255232054616 0.5498848925821966 0.06542868182494202 0.07515048620519008
0 0.5215846150583967 0.6685451978729781 0.0446068458553869 0.06158595318850324
0 0.5970435073771927 0.39221507123329785 0.046360346843970036 0.066355340343633
7 0.1897721768448451 0.3575612737444326 0.08169035178688597 0.09159435775648754
10 0.15047757209220963 0.4572813127540131 0.0828071828135252 0.0807387449116174
4 0.5496233848300601 0.5760644487774892 0.052801347832553344 0.07137038896415202
1 0.5765453235750844 0.47256431252687053 0.05780718281352506 0.07942855042954129