9 0.7627051413394439 0.6806110604079173 0.05548758700597212 0.03564786569131932
9 0.6928849102411453 0.5906569012136117 0.04923758700597212 0.03550239532659738
9 0.5757694922131245 0.6184162656706602 0.04923758700597229 0.03550239532659738
9 0.403604857904444 0.5596919630496184 0.04444098423243048 0.030705792553055566
9 0.25918532351951357 0.41719272568305577 0.05701371941479163 0.03412173328249999
9 0.13425675228111073 0.47838218597979176 0.06649782218833336 0.03902743882958344
3 0.23155455205236092 0.2273846900638544 0.06511716014423614 0.04680357123840277
3 0.42176067154340247 0.2834022199834726 0.05410692496187508 0.04342399810013893
3 0.4777911595755553 0.3613103208571532 0.04614895459715278 0.03699216014423614
3 0.5310226495075691 0.4923070541396532 0.04444098423243048 0.030705792553055566
3 0.7373272008943399 0.4947638261754867 0.052362587005972294 0.03557513050895835
3 0.8112537037441314 0.5762151543477437 0.05701371941479181 0.03412173328249999
11 0.1080020703853815 0.5317065545209029 0.08393989532659725 0.050364982332569495
11 0.7581799890789924 0.7406945752255563 0.07936149810013901 0.05494337955902786
5 0.5333891557758331 0.2562968189572921 0.06235583605604163 0.06235583605604171
8 0.1431057286297566 0.43403277393569456 0.09018989532659724 0.0505104526972918
8 0.6028417917000343 0.5635475809251395 0.06191942496187508 0.043605836056041625
2 0.43176818512677045 0.4579482783040977 0.05723192496187508 0.04349673328249999
2 0.6789847579806938 0.6505222104841673 0.08393989532659737 0.050364982332569495
6 0.8005571655594789 0.3305207946403479 0.07332970364722229 0.06417290919430566
6 0.28281957921909673 0.5772041585287155 0.06500805737069451 0.042116071238402775
0 0.4841820574676037 0.5904893277910073 0.058758057370694415 0.04197060087368065
7 0.36337859498666614 0.6087827732701044 0.0793978656913195 0.05650587955902786
1 0.5926355627859372 0.33037140501333384 0.07187630642076392 0.06882404160312508
10 0.24449161635690958 0.17531369699770855 0.10654224715020844 0.08212412860909728