9 0.16145971619034372 0.610778787293461 0.06471095318850333 0.04437004809323426
9 0.2490382813192061 0.6302133227728236 0.06134029172311406 0.03957342068857237
9 0.34212986205190077 0.6358036130615095 0.06759029172311407 0.03979167549789579
9 0.44101774140511446 0.6478348763083533 0.04875840456798421 0.03757441106992569
9 0.5306943950685875 0.6626637573412122 0.05311835594746519 0.03148810217691818
9 0.6320079115769308 0.6763393661415524 0.06142217887824373 0.04113592068857237
9 0.7222201537750148 0.6865080290255766 0.04875840456798421 0.03757441106992569
9 0.8263277996365719 0.708859233379413 0.06783595318850359 0.04447917549789597
3 0.8453046924459111 0.43112610297952647 0.058133404567984215 0.037901793283910835
3 0.7412756117132165 0.4251538667745246 0.04695024310259512 0.03283234736759475
3 0.6376592887824379 0.41217766242068804 0.051719630257724705 0.03455853847458741
3 0.5408694979638351 0.3955407447273404 0.04053646879233561 0.029489092558271323
3 0.45184794154139996 0.39321186369448163 0.050157130257724704 0.03450397477225655
3 0.3666950135676673 0.37542167376861546 0.04695024310259503 0.03283234736759475
3 0.27241274705932395 0.36199160162876404 0.05328213025772479 0.034613102176918174
3 0.1744289484388049 0.3523313702330856 0.05936835594746528 0.0317063569862416
11 0.15145395239553378 0.6728149958236488 0.08362472749876285 0.04814981252120454
11 0.8358942294193268 0.7723587381887365 0.0791828889641522 0.05267362141421188
5 0.18439376865604998 0.28951391170289786 0.08058161465389255 0.049603185116542825
5 0.8529257626631562 0.3682267988958424 0.0791828889641522 0.05267362141421197
8 0.7419395115315024 0.7651786660488851 0.06215916327441153 0.05519842068857237
8 0.24688596110196107 0.6933035998146655 0.07967421189493056 0.06204862141421188
2 0.2708225915868285 0.3018899153310949 0.07326043758467105 0.058705366604888454
2 0.7436769154221181 0.351934621583848 0.0670923247398008 0.060049611795565117
6 0.33368659825709085 0.697894385294028 0.06956222749876276 0.047658739200226743
6 0.6303469142904644 0.7488046431833943 0.06323034034363317 0.04587798439090331
0 0.36140332598299624 0.3190898282151191 0.06158595318850333 0.04426092068857255
0 0.649967858999683 0.3494420494439966 0.06026911465389251 0.04889385698624169
7 0.4319979454981288 0.7138046166897065 0.08099105042954129 0.057415685116542825
10 0.5361465349372507 0.736937071043543 0.06701043758467122 0.058487111795565025
4 0.5533418424913397 0.335930131750649 0.07005355042954128 0.05703373920022674
1 0.4459421002932557 0.32516126814098534 0.07951043758467105 0.05892362141421188