11 0.571875 0.29375 0.0328125 0.07109375
11 0.6828125 0.2859375 0.04140625 0.07421875
6 0.559375 0.58671875 0.0328125 0.05859375
6 0.80078125 0.5984375 0.05625 0.0578125
8 0.73984375 0.39921875 0.046875 0.078125
8 0.5734375 0.39296875 0.0375 0.06015625
10 0.6765625 0.390625 0.0484375 0.071875
5 0.79609375 0.296875 0.053125 0.078125
7 0.7484375 0.28203125 0.059375 0.090625
5 0.675 0.4890625 0.03984375 0.065625
2 0.678125 0.58515625 0.04140625 0.05703125
2 0.7390625 0.59609375 0.04609375 0.0671875
0 0.56328125 0.4875 0.03515625 0.0640625
0 0.73671875 0.503125 0.04453125 0.06015625
4 0.621875 0.496875 0.0390625 0.06328125
1 0.6265625 0.38671875 0.04140625 0.0828125