11 0.39352482454639803 0.505255884737585 0.06269998789975162 0.035465941558013546
11 0.4085271349494442 0.3984973701270884 0.06271816861791084 0.03859094155801355
6 0.6770600080932276 0.6344111452875966 0.06429884933607007 0.04174321509696384
6 0.7094038337197802 0.4201537763750288 0.06582498789975162 0.0355204886359143
8 0.5008969630118838 0.5657178721556833 0.07363748789975162 0.03565685633066593
8 0.5070100867448423 0.40802810308095977 0.05647725897699054 0.04004434740221221
10 0.4997748245463981 0.5071104853862082 0.06428975897699055 0.04018071509696384
7 0.3954373033709634 0.5654394082765354 0.06589771077238851 0.04802048863591431
5 0.3925713786047324 0.6099161111986346 0.06744203005422929 0.04492276217486477
5 0.5927890263417961 0.5165457609537534 0.06426248789975161 0.035493215096963834
2 0.6884787762436002 0.583053196829724 0.07367384933607006 0.04190685633066593
2 0.6865981136758137 0.5283384232907737 0.06428975897699055 0.04018071509696401
0 0.5962367340891226 0.5720690580316541 0.05801248789975162 0.03538412094116268
0 0.6031174722834617 0.4120491757264057 0.06740566861791067 0.038672762174864594
4 0.6065742703898678 0.4691349728043064 0.07365566861791084 0.03878185633066593
1 0.5010873396717086 0.46416900892515844 0.06740566861791084 0.038672762174864594