9 0.8190003794592838 0.772722522046952 0.05849433847375849 0.042092324739800804
9 0.7245724951254408 0.6842564863167317 0.047447744317957154 0.03526911465389251
9 0.6199901351413268 0.7295103533454734 0.0490920649348082 0.04003850180902226
9 0.43579636728441934 0.6855136126177277 0.04432274431795715 0.035105340343633176
9 0.25547584739891693 0.5503972269329359 0.056822744317957155 0.03576043758467105
9 0.14920430234961116 0.6330282632289831 0.06630683847375848 0.042501760515449585
3 0.17495473011120236 0.36431256275401325 0.05997501785690744 0.03748671189493056
3 0.37307463027335813 0.40123378787792685 0.048982970779006776 0.033788501809022264
3 0.45004227921769785 0.47317406490171976 0.04421365016215582 0.028855340343633174
3 0.5372849549473989 0.5971681648562912 0.04736592370110611 0.030581614653892687
3 0.7344502812462927 0.5794018899802049 0.05054547077900686 0.0338703889641522
3 0.8341423640380086 0.6564357807533792 0.05838524431795733 0.0358423247398008
11 0.8350032548646734 0.8399067000206845 0.08856366801906326 0.06552318068726634
11 0.13857649390762478 0.6949141095655099 0.08376707386326188 0.0590275192218769
5 0.47076210795222373 0.3634239286511012 0.058576159090609536 0.0467798247398008
8 0.6298366935833132 0.6675835634313818 0.06792388555165907 0.04570864767057934
8 0.14760484618110098 0.5861123196514182 0.08368525324641088 0.0543400192218769
2 0.4339144930968459 0.5777011126177276 0.06002956493480802 0.040611711894930555
2 0.7288566205308302 0.7508265106269911 0.08368525324641088 0.0543400192218769
6 0.32481400283607853 0.7218461810259503 0.06803297970746058 0.05195864767057934
6 0.7463348522701809 0.4106485679539375 0.06485343262956 0.048669873360319825
0 0.5228423997518235 0.7088083497274289 0.058576159090609536 0.0467798247398008
7 0.40955719561190806 0.747361837402957 0.07921594155801373 0.06659435775648745
1 0.5508411201270883 0.4347467299851536 0.06652502678536117 0.05500176051544958
10 0.17330072686479148 0.31427161917644836 0.10416139448011288 0.06477955223856355