11 0.23759860064532784 0.5914682999172745 0.07899775324641087 0.05136367694751698
11 0.20200774837185165 0.7001887349824664 0.08546594155801354 0.06397277110331849
8 0.33573213757695874 0.6205166461016708 0.06816934740221221 0.05742276217486477
8 0.29723051947517 0.7862001473194867 0.08406708279171564 0.07332049756436802
6 0.530849768664391 0.657505951700988 0.06644320616851011 0.04802048863591431
6 0.4780868275101193 0.9010417175293007 0.07003185633066593 0.07463753571381489
10 0.3031981014561067 0.7253853782447632 0.09196140340856669 0.07814436525911965
7 0.18281346346881558 0.7638966789761119 0.10939436525911975 0.09250687418757338
5 0.4059373177708867 0.7498280450460105 0.07140344155801373 0.06372730925276535
5 0.18206916963732578 0.8107444054371615 0.08880912986961631 0.07652731818121908
0 0.43282532588856154 0.6347076055165918 0.06803297970746058 0.04961026217486477
0 0.40236803286785056 0.8138087244291594 0.07307503571381488 0.07000458279171581
2 0.5025356282414679 0.7804116176914564 0.07455571509696383 0.06534435633066593
2 0.4903453197994816 0.8426797926103784 0.0856841298696164 0.07647277110331814
4 0.4238009277550006 0.6993740775134146 0.08088753571381506 0.07014095048646744
1 0.31320830113179515 0.6724512930174156 0.10443412986961631 0.0768000535707225