9 0.27288402985783755 0.1623594426621759 0.03630111436318471 0.06396434091247101
9 0.2788709303253758 0.2511991081754955 0.03471134328594587 0.059213173916276673
9 0.2950231711519936 0.34118743821355163 0.03626475292686617 0.05771434091247105
9 0.30889074931262894 0.44142751874589925 0.033076120413308895 0.046649506920082115
9 0.319569694959707 0.5308574332706357 0.034647710772388506 0.04827567391627667
9 0.3310889779408025 0.6304117642972751 0.03621930113146821 0.04990184091247087
9 0.3433213332288009 0.718215511825817 0.03779089149054773 0.05152800790866543
9 0.3517792487234538 0.8288346768448452 0.03626475292686626 0.05771434091247087
3 0.5351567708808471 0.11260088730151811 0.03159543364502539 0.06064833992388783
3 0.5505641231437834 0.20887105083767138 0.03470225292686635 0.05765067391627658
3 0.5612657946885605 0.30220721536240785 0.02999657220870695 0.05433467292769345
3 0.5680112192583996 0.38710879737763026 0.02996021077238851 0.04808467292769345
3 0.5872702793668583 0.4738447934232976 0.029942030054229286 0.04495967292769336
3 0.5964230864502548 0.5695883749442284 0.033085210772388504 0.048212006920082116
3 0.6110900953290492 0.6729216219784788 0.034665891490547905 0.051400673916276673
3 0.6320116493873836 0.7767814510279518 0.03470225292686635 0.05765067391627667
11 0.2104249364736958 0.17193737250995156 0.05358860831306052 0.0818521778706093
11 0.290196854109648 0.8547870231945236 0.058285198672140125 0.08360567885919253
5 0.5992056353422276 0.10764679045754806 0.0473386083130606 0.08159750988583174
5 0.6960150620533663 0.7640148541839817 0.05198065651766228 0.07397601087441501
8 0.21253740319801268 0.26640495551375715 0.06294542759490121 0.07910917984777566
8 0.27324972774441075 0.7624867766545647 0.059765885440423536 0.0696068458553869
2 0.680557712815492 0.6591509406478284 0.05347952400410509 0.0631021778706092
2 0.6083129906302261 0.19557787197847892 0.05197156615858276 0.07241351087441492
6 0.2317919181269315 0.3523597015594245 0.051953385440423536 0.06928851087441493
6 0.2600952218906783 0.6504961126241199 0.051944295081343926 0.06772601087441502
0 0.6150811410977644 0.28438570399370133 0.040988614363184794 0.06415534190105418
0 0.6604901316297946 0.5677592781002584 0.0440954336450254 0.06115767589344294
7 0.24096290592848724 0.4512282830803553 0.06450792759490129 0.07917284684397004
1 0.628844180128984 0.36665703452604903 0.055123837235821684 0.07722834486680367
4 0.648212324546398 0.47214303057171636 0.051935204722264317 0.06616351087441501
10 0.2462594599868216 0.5557247820917721 0.06446247579950315 0.07136034684397004