9 0.830197560833188 0.7533222464808341 0.06524456677218957 0.043608758891340214
9 0.7487536810497322 0.6356210161255412 0.05403428213245363 0.03372433664159917
9 0.5468023876345075 0.6933114298982269 0.04787521034569906 0.03655823821317572
9 0.36110056835503535 0.6659376389561829 0.04787521034569906 0.03655823821317572
9 0.2689836130239013 0.5836280990475959 0.04778428213245363 0.03343323821317572
9 0.15800666059576113 0.6307320773359743 0.06046613855894432 0.04026543507002263
3 0.8685169486007094 0.48828159739045696 0.060329746239076346 0.035577935070022625
3 0.6683661844149446 0.4469715849844601 0.050909282132453625 0.033578787427387444
3 0.5790141794003796 0.4865006577723204 0.04617631802583091 0.03179796360606986
3 0.46756586553118373 0.5710318614535927 0.04622178213245363 0.033360463606069854
3 0.28153978582687034 0.47888709511865457 0.04769335391920828 0.03030823821317572
3 0.16863662054574868 0.513418298799927 0.05715928213245362 0.03386988585581072
11 0.8226411250980952 0.8153855988381989 0.08596624373179367 0.05861732878371626
11 0.12772577870073434 0.6893964478903042 0.08288670783841652 0.06003427956950454
5 0.5819680316702353 0.37351050620074383 0.06073892319868044 0.04964043507002262
8 0.8421376196878189 0.7078470806412339 0.08422188730530315 0.05229455417661057
8 0.36082177203681676 0.6027291635632887 0.06533549498543509 0.04673375889134022
2 0.2520976413954312 0.6468173037623257 0.08426735141192579 0.053857054176610394
2 0.5719267565974105 0.5914963728261323 0.06207410266556686 0.041900709677128486
6 0.6434477185924622 0.7703705436281313 0.06381845909205772 0.048223484284234175
6 0.30868364436493206 0.3124102245643246 0.06547188730530315 0.051421258891340214
0 0.4560182632613282 0.683621752686087 0.05913095909205772 0.048005160462916766
7 0.5534903083259055 0.7622797537195444 0.07833560015828453 0.06450345574818712
1 0.4909853304957362 0.41062305438149826 0.06717077962517112 0.0561815334984459
10 0.8788035792420951 0.4396086569437509 0.10489810015828453 0.06574062406898662