9 0.14998499432125242 0.44016689733189507 0.06137387662320544 0.028193599050060313
9 0.24386345373617352 0.33846055517923973 0.050490923701106104 0.03074538896415202
9 0.4320026075517773 0.4261675158309748 0.04100682954530477 0.024004066033373662
9 0.6100048766265007 0.4238636301461831 0.04103410308425506 0.02556656603337366
9 0.7134395681845144 0.3560000214851844 0.044240923701106105 0.030417840343633085
9 0.8052901030875503 0.4151902357549641 0.050436376623205346 0.027620388964152198
3 0.15626581655966124 0.1697725101767653 0.0569045649348082 0.040447937584671044
3 0.3547305900986116 0.1578103414752868 0.05227161201270878 0.04332727611928178
3 0.4342038559269241 0.21062440298610458 0.041225017856907444 0.03650406603337357
3 0.52836118466145 0.3165258429456249 0.04429547077900686 0.033542840343632994
3 0.7278214423720878 0.2475324242441464 0.05057274431795715 0.03543288896415202
3 0.8252634582004003 0.299404783470972 0.05679547077900686 0.034197937584671045
11 0.8215093924548134 0.46975822704853687 0.07247501785690744 0.03814180913596861
11 0.14665939691904017 0.4965397280645897 0.08174092370110611 0.032383132066747145
5 0.4541908478092493 0.09405770070211246 0.05566934740221221 0.059116050429541336
8 0.14381286079818814 0.3913166395299789 0.08185001785690749 0.03863313206674705
8 0.6212520681845144 0.36083136363783974 0.0600295649348082 0.040611711894930555
2 0.7186122633959758 0.4173912228646654 0.0755181972400564 0.03361808344622812
2 0.423755505278301 0.31732478233931827 0.057013659090609535 0.04669793758467104
6 0.32486621753589123 0.482517092379798 0.0567409237011061 0.031072937584671223
6 0.7301221022734762 0.07101086782171126 0.05572389448011279 0.06224105042954131
0 0.5170497633959759 0.42795466587640335 0.0567681972400564 0.032635437584671224
7 0.4115031469190402 0.48265985527009675 0.06622501785690744 0.03781426051544958
1 0.5353493445628384 0.1397586250578005 0.06057503571381488 0.07186171189493056
10 0.1556715271923983 0.11438564733189507 0.09489548863591431 0.07053822930778511