9 0.20782701783167817 0.4687213659685422 0.059276840912471054 0.039304694681858446
9 0.3132347594287212 0.42264375554402045 0.04821200692008221 0.03554265785015538
9 0.39942161022702394 0.5006329766754125 0.04971083992388783 0.0340711631118273
9 0.5766990346375922 0.5271136347373295 0.04971083992388792 0.0340711631118273
9 0.7818839417479548 0.4697429375658094 0.05765067391627667 0.037651189420186526
9 0.8537191324701453 0.57989221131392 0.06396434091247087 0.03957771046687384
3 0.9111509945999735 0.31733973243119457 0.0643463428896375 0.048952710466874015
3 0.7176755672236559 0.2777066269859961 0.05484400889724857 0.04528167889684287
3 0.6246404916342241 0.319931195317143 0.04853034190105419 0.043355157850155555
3 0.5076705089344296 0.4089698504658753 0.045150673916276675 0.03692314732681172
3 0.32850032068369694 0.3168186897731224 0.05152800790866543 0.040412168373499216
3 0.219649244105682 0.35526581072098773 0.052963173916276585 0.03737817363517095
11 0.8466998113293378 0.6382507428839511 0.08166117688202626 0.05307876834526422
11 0.1739586952079959 0.5215957369869948 0.08647601087441492 0.05647678413027997
5 0.6347728839158391 0.20344164533126036 0.06973417984777566 0.0664132262518895
8 0.40562784786973427 0.44153869773621734 0.06434634288963732 0.04895271046687384
8 0.873875123572897 0.5364306376505141 0.0847861768820259 0.053260778868607875
2 0.2937154382879137 0.4817303292074264 0.08166117688202616 0.05307876834526439
2 0.6101561803792483 0.4257107584572052 0.06609984387822046 0.05373121572854576
6 0.3653742850947027 0.14552054244631063 0.07136034684397004 0.06806673151356132
6 0.6695988004549229 0.5968808321911983 0.06584517589344294 0.04748121572854593
0 0.4909379481737455 0.5172296714984453 0.0628475098858317 0.0504242052052021
7 0.5838695474891734 0.5877781189523139 0.07710101087441501 0.05593075256024882
1 0.5415468073378241 0.24097871366240725 0.07949118182494211 0.07633425782192056
10 0.9285812337255587 0.2646396666602965 0.11112318380210837 0.08752936305535756