9 0.08359690995680491 0.7665523349165662 0.06508079255305561 0.047107373360319824
9 0.1729496974758674 0.7829375734966055 0.05890352773541672 0.049904824739800804
9 0.27580324696277714 0.7221461584131715 0.052508057370694416 0.04332727611928178
9 0.5646637655801381 0.8162492039814728 0.05574216014423605 0.04817855042954129
9 0.6737127636802771 0.7574739902775199 0.05090918977951393 0.0416828889641522
9 0.7631187961653465 0.8386210917024295 0.058830792553055566 0.0467798247398008
3 0.12762489257371484 0.48411829319345207 0.06322735182361114 0.03452548620519007
3 0.4023131552071522 0.6171986295803562 0.05072735182361114 0.03387038896415202
3 0.5947747185617704 0.5283021466545266 0.05069098423243048 0.03230788896415202
3 0.6959735426499648 0.5386044815710926 0.04593074905006951 0.028937227498762753
3 0.8036223884896524 0.5399855178671398 0.06010235182361114 0.03436171189493074
11 0.07269447112722152 0.8326686578473446 0.08582970364722228 0.06692190637700648
11 0.4432602378447215 0.8694295149264637 0.06082970364722229 0.06561171189493038
5 0.42876981848552037 0.4527300158309749 0.05705008700597212 0.03732293758467105
5 0.8104731069545135 0.4803239128241857 0.07587282218833309 0.04143058344622812
8 0.3094184468102773 0.5518403024657063 0.07122168977951393 0.04274742198083885
2 0.5959001542572218 0.5805230659218319 0.06667966014423606 0.048751760515449584
6 0.6735841706903812 0.8300483531223902 0.07336607123840296 0.06782930913596844
6 0.6887584950629162 0.6474438930364819 0.058758057370694415 0.0436548247398008
0 0.2911204288585064 0.6675029240170038 0.06827852773541672 0.05039614767057934
0 0.3026040959365967 0.6099394075086604 0.06344555737069442 0.04390048620519007
7 0.6720203642696173 0.8972358531223902 0.08790134992375016 0.08887879353213642
1 0.5970834073913538 0.4626362030769616 0.06820579255305556 0.04727114767057934
4 0.11921167410885372 0.5438617853915361 0.10112739532659729 0.05367827792830404
10 0.1782924673274994 0.721014105608781 0.09843880642076393 0.07226450361804453