9 0.4447350854437942 0.8076001306095026 0.02806281551854841 0.051871582670272434
9 0.5068509890464333 0.7130956052673667 0.027880959092057723 0.04562158267027261
9 0.44210887595602505 0.6099075179424117 0.027880959092057723 0.04562158267027261
9 0.44152253958779397 0.4286029739417754 0.024665030878812288 0.042460220003181705
9 0.5300214352728744 0.24704334392904875 0.026591243731793845 0.054978401336727066
9 0.4309725183424001 0.14659899594209358 0.02842652837152997 0.06437158267027257
3 0.6994868376218722 0.1622308972390498 0.037665136051661816 0.059793170671545236
3 0.7091670291629527 0.3606229439051862 0.03734688730530315 0.04885567067154524
3 0.6535822703874642 0.4378581532463676 0.03091503087881229 0.042532945337363515
3 0.5468214565182683 0.5289745965945488 0.024665030878812288 0.042460220003181705
3 0.6119249339527262 0.7251587059198219 0.029534387305303157 0.048764764003817976
3 0.5584482444567096 0.8211257339274578 0.026591243731793845 0.054978401336727246
11 0.3721287157559753 0.13868704595004774 0.03981866943775678 0.08012385200509069
11 0.385746530350087 0.8215722712842295 0.042761813011266005 0.07391021467218159
5 0.7706250178801817 0.458378643897232 0.054716243731793845 0.05530566534054522
8 0.475367376022532 0.1413933279360484 0.03687552586424747 0.08633748933799978
8 0.5025379105957611 0.6185825366009121 0.03601170783841638 0.056649989337999786
2 0.5469003613745487 0.4242507339274579 0.03587531551854859 0.05196248933799978
2 0.44524589931299 0.7177200179424117 0.03825616943775678 0.08010567067154532
6 0.7880698968057075 0.7356133058959593 0.05503449247815269 0.06624316534054522
6 0.385973570070895 0.31905579861554784 0.03302310015828454 0.06130112667090888
0 0.43855431545204143 0.5146041086091845 0.03440374373179385 0.05506930800445424
7 0.3822468279884538 0.4058472739497295 0.04584134890464338 0.0723840773392725
1 0.7197732232113158 0.5371218092377771 0.05963106426490725 0.0631727093411815
10 0.7533021594086269 0.15847864123173197 0.0668812746106063 0.09762043467536322