9 0.50641278754273 0.11644671381546685 0.036284492478152686 0.06722604135632886
9 0.48306386724704337 0.2012412448327135 0.032841243731793666 0.056142992142117175
9 0.5229878367639424 0.3096872915657259 0.031142351411925874 0.051382717535011224
9 0.4093047361434394 0.5700148236164297 0.031096887305303154 0.04982021753501122
9 0.44860658003351783 0.6839660076529951 0.032613923198680436 0.048330492142117085
9 0.36636839304478386 0.7613333364367113 0.03435827962517113 0.05465326674922295
3 0.633636112561683 0.8591906778358215 0.04248902837152997 0.06595463978475209
3 0.6469053392047179 0.75061404446121 0.04056281551854859 0.053381865177646405
3 0.6673649402209323 0.647178675354622 0.040471887305303156 0.0502568651776464
3 0.6003579819868043 0.44142313503175057 0.03417642319868044 0.04840326674922295
3 0.7650951172470434 0.18810542825010623 0.04235263605166182 0.06126713978475227
11 0.4510660579967011 0.09633757506417187 0.05102895407749273 0.09131851282028158
11 0.37696594609342704 0.45339240384788815 0.045477636051661906 0.061412688998963995
5 0.765412332145089 0.4947556885891885 0.05646060015828454 0.06348461124870504
5 0.6960595562143345 0.8805348308551402 0.06169366943775678 0.08245293507002245
8 0.6762325087089817 0.3604406546764577 0.050528848904643195 0.07413101282028159
2 0.6211347979010642 0.6446380262642448 0.05172763605166182 0.06170378742738745
6 0.5427346647523962 0.7194796685301965 0.04083560015828454 0.0627568651776464
6 0.3873053671805364 0.6743042173301236 0.04239810015828453 0.06282963978475245
0 0.6210449035361322 0.3458002659251627 0.04239810015828453 0.06282963978475227
0 0.5704538701500372 0.32781655335255017 0.04074467194503928 0.059631865177646404
7 0.33073711843417763 0.6659866031859344 0.058523205331134066 0.0807448858558109
1 0.740612223607027 0.6641071561241997 0.07557431301126591 0.0768579065339754
4 0.7107114941275052 0.1742099021952583 0.06531877461060631 0.09978598428423431
10 0.5406179544732043 0.2165537216733497 0.05107441818411544 0.09288101282028158