11 0.1546637340983754 0.29198117410814317 0.07294941818411549 0.09185230925276536
11 0.1993410512662765 0.4842680856343847 0.064636813011266 0.07452844155801355
6 0.3282543467930723 0.24048903774570513 0.05245506175762475 0.08524775324641087
6 0.4276970349689405 0.622541832795011 0.04878449247815268 0.06644320616851011
8 0.2908131489172786 0.5655259939142153 0.06284699247815269 0.06668866801906326
8 0.21526025329870527 0.27919875608907996 0.06660848997087018 0.08861821509696402
10 0.2579886255603136 0.45823169115427176 0.07263116943775678 0.08091480925276535
7 0.2227223784633075 0.5893822796280302 0.08356866943775669 0.08110572402541756
5 0.2531887799543756 0.6693601059269241 0.06615384890464338 0.07299321509696384
5 0.31778116270733214 0.4446816599046837 0.058159492478152684 0.0666068474022122
2 0.37366744985435074 0.4311998125024715 0.05374477711788872 0.07590002678536116
2 0.40086409883813634 0.5331208226487412 0.058432277117888634 0.07598184740221221
0 0.27094195196592175 0.2586856586868677 0.05893238229073816 0.09316934740221221
0 0.35194086553118376 0.544136189125677 0.052000420691397944 0.06962275324641087
4 0.2972436906831507 0.3567140556026126 0.07313127461060623 0.09810230925276535
1 0.23290004585600016 0.3750334074690517 0.08572220282385157 0.10144549756436802