9 0.22566066692183231 0.7875625907518631 0.04798651384016441 0.06588862041330898
9 0.3494920977581911 0.7196705879231927 0.036603344866803764 0.05488748789975162
9 0.3088047252482396 0.5105819342342006 0.03953734387822054 0.05021816861791084
9 0.35141001380298337 0.32756490115490927 0.03953734387822046 0.05021816861791084
9 0.43994061460128614 0.2442569765850701 0.036348676882026254 0.04863748789975162
9 0.4024963058177683 0.12809616628021978 0.0430443458553869 0.05961134933607006
3 0.4853274855911819 0.8555666604264871 0.039983012851581276 0.06115566861791066
3 0.5425046101154808 0.6599678141154793 0.03803851087441483 0.05177157825883114
3 0.5112002133852415 0.5656410971947707 0.0347225098858317 0.04706589754067192
3 0.43644690559030686 0.44501095550783126 0.0362850098858317 0.04707498789975162
3 0.5428281926621759 0.26865246770627554 0.03322367688202625 0.048619307181592394
3 0.5179157173767552 0.15163768452878826 0.03829317885919252 0.05802157825883123
11 0.16454675338567903 0.773077909935508 0.06443918479069151 0.0862920240041051
11 0.3462118137264337 0.09093250956616564 0.06593801779449712 0.08473861436318471
5 0.6222504599252004 0.581397386520578 0.054109179847775656 0.06279998184962743
8 0.2702409964655968 0.8052677203385542 0.05656301779449713 0.08468407220870695
8 0.4136235123201087 0.3342325367917246 0.051111513840164415 0.06590680113146821
2 0.37920870304229926 0.22039729576871497 0.05812551779449713 0.08469316256778665
2 0.40730855083767137 0.5467189012531051 0.046296679847775656 0.06275453005422929
6 0.22398937346135367 0.5985546329063408 0.052674013840164416 0.06591589149054773
6 0.7049806827763441 0.31457298000291567 0.05430018083635879 0.06748748184962743
0 0.3257468275294171 0.42066091618202395 0.05248301285158128 0.06122839149054773
7 0.239337142244434 0.5094239552132437 0.07043451680591399 0.08007838544042353
1 0.5933216466930583 0.48627578406125005 0.05905134783255335 0.06907725292686635
10 0.533128315629238 0.8709098592950191 0.0746418557412186 0.10665906615858275