11 0.39124996025946823 0.3163574988683462 0.051165685116542826 0.08066350180902226
11 0.42861600708675807 0.5014628392119793 0.04922123920022692 0.0696441146538925
8 0.3834994253282599 0.6055428296010408 0.0634474303072194 0.07506859905006032
8 0.33687991878965595 0.32681364201636975 0.055853185116542824 0.08090916327441153
6 0.2231348773198437 0.3341580732694628 0.06372024881887368 0.08288109905006032
6 0.29654008395111486 0.719952810379164 0.061830366604888456 0.07342421189493056
10 0.36673356597976553 0.502915796584354 0.061939494009550164 0.07654921189493055
7 0.4440376212445759 0.5977579850735364 0.0525099303072194 0.0744953889641522
5 0.31621521080762244 0.515139157620202 0.058705366604888454 0.07326043758467123
5 0.4576611224257022 0.6783053002023987 0.04927580290255769 0.07120661465389251
0 0.2789310095338288 0.32769006727656896 0.05730655771188111 0.07786605042954128
0 0.3277032931142748 0.6120108355939347 0.05558036660488845 0.07309666327441153
2 0.262680983040141 0.5240737443457905 0.06361112141421196 0.07975609905006031
2 0.27559515609096624 0.6249335594746529 0.06328373920022683 0.07038109905006032
4 0.2926809962869849 0.4270283259829962 0.0670635036281971 0.08929487336031983
1 0.3546998466498046 0.4216691186106215 0.06237600362819702 0.08904921189493056