9 0.8184105355146322 0.621875 0.06390067391627667 0.034375
9 0.7343366244499367 0.5953125 0.059213173916276673 0.034375
9 0.6289660335374658 0.63125 0.05458934091247105 0.0359375
9 0.37768205924062836 0.509375 0.051400673916276673 0.034375
9 0.26215521832815736 0.5453125 0.04990184091247105 0.0359375
9 0.19209206912646012 0.4625 0.05615184091247096 0.0359375
3 0.7420894801539744 0.884375 0.06447367688202625 0.0484375
3 0.4968764337277463 0.709375 0.05009284190105419 0.040625
3 0.2942660868837762 0.7734375 0.04884867688202608 0.0484375
3 0.19219159232098368 0.74765625 0.05184634288963732 0.0453125
3 0.08973509578102477 0.73125 0.06609984387822052 0.05
11 0.4912325646778358 0.48359375 0.056279174904859806 0.0390625
11 0.8377627133852416 0.56875 0.08147017589344294 0.04375
5 0.4424714821311408 0.875 0.06986151384016459 0.065625
5 0.06775266642754071 0.79140625 0.07936384783255324 0.06875
8 0.5763782499256379 0.790625 0.07748301285158128 0.0609375
2 0.29623976376580236 0.725 0.0652376808363588 0.0671875
6 0.22523619707361914 0.64609375 0.06316584486680377 0.0546875
6 0.2755757311797386 0.484375 0.05946784190105418 0.040625
0 0.5918878447924416 0.7359375 0.07091467787060939 0.053125
0 0.6089917731573425 0.68046875 0.06922484387822045 0.05
7 0.28773749155986195 0.43515625 0.07541117688202617 0.0484375
1 0.27408623806263976 0.846875 0.0816266847906915 0.0859375
4 0.7566904910283894 0.8328125 0.10780718281352505 0.0765625
10 0.7193854450964527 0.65546875 0.0946068458553869 0.059375