9 0.2576309108726923 0.8477578413164275 0.04502570967712849 0.06167388555165907
9 0.3588059590534467 0.7537293774372796 0.0354323858558109 0.056822744317957155
9 0.2385896966474499 0.5564470487027537 0.04124573821317572 0.04755683847375849
9 0.2131957826698765 0.3637646708617323 0.04288101282028158 0.04914661201270878
9 0.2726370951186545 0.26342770576476837 0.03663101282028158 0.049037517856907444
9 0.1911986964425621 0.16007660917333505 0.04331766046291676 0.05852161201270887
3 0.5416613085153275 0.8521826939969408 0.02940070967712849 0.06140115016215582
3 0.5298932468951189 0.6498798543053663 0.027256012820281582 0.048873876623205345
3 0.4665884181114026 0.5665412487854793 0.025329639784752268 0.04103410308425506
3 0.3452698821317572 0.4631043774372797 0.03179796360606986 0.045830697240056395
3 0.3885895808506309 0.2684407138824432 0.02874573821317572 0.04733865016215581
3 0.31627147104966796 0.15945722605730786 0.0338698858558109 0.05679547077900682
11 0.12284680272886836 0.13624937134819967 0.06501287799792799 0.08856366801906326
11 0.19353202356913934 0.8480948064133915 0.06159677956950462 0.08225912094116268
5 0.5740370450758733 0.5568468745979058 0.03721320967712849 0.06153751785690744
8 0.3072499212117745 0.8554924748394918 0.058471779569504535 0.08220457386326174
8 0.27707634615211185 0.3587402057647684 0.04680653349844608 0.06638865909060954
2 0.35259869271850847 0.5700947171288542 0.04346320967712849 0.061646612012708955
2 0.20017989826180765 0.25218228855648406 0.05861732878371626 0.08532957386326193
6 0.5573952388323482 0.28347755844528166 0.043608758891340214 0.06477161201270887
6 0.18256448262709526 0.662979466721817 0.05930653349844599 0.0666068474022122
0 0.21856183291754552 0.4621885340922572 0.052983758891340126 0.06493525324641088
7 0.16488036889719088 0.5686800418028949 0.0752954065339753 0.07469208279171564
1 0.5115498535957099 0.4742758823085437 0.037358758891340216 0.06466251785690744
10 0.5896450442473038 0.8583821010589556 0.04230312406898662 0.10377956493480837