9 0.81015625 0.7069246539728813 0.0578125 0.03884560087368065
9 0.715625 0.6263123932393049 0.046875 0.032341027735416715
9 0.61171875 0.681074588052812 0.046875 0.03702852773541672
9 0.42734375 0.6541159638121177 0.04375 0.033830792553055565
9 0.246875 0.536441420593472 0.05625 0.03255923328249999
9 0.140625 0.6287581667937499 0.065625 0.04058993882958326
3 0.165625 0.35786378533486096 0.059375 0.03419446846486114
3 0.36484375 0.37588316745934 0.0484375 0.030814895326597203
3 0.44140625 0.4405074054914927 0.04375 0.027580792553055566
3 0.52890625 0.5564395703853815 0.0453125 0.027617160144236052
3 0.72578125 0.5206072538966313 0.05 0.032413762917777866
3 0.825 0.588610411856666 0.0578125 0.03259560087368065
11 0.8265625 0.7721677942654855 0.0875 0.06141158510611113
11 0.1296875 0.6915127399320138 0.0828125 0.0550524823325695
5 0.4625 0.3290789430105551 0.0578125 0.045095600873680655
8 0.62109375 0.6183563825057286 0.065625 0.04371493882958326
8 0.1390625 0.5827007843849304 0.0828125 0.050364982332569495
2 0.425 0.5471392651988886 0.059375 0.03731946846486132
2 0.71953125 0.6926277242613536 0.0828125 0.050364982332569495
6 0.31640625 0.7012293127859373 0.0671875 0.050001306420763926
6 0.7375 0.35080324696277715 0.0640625 0.04524107123840278
0 0.5140625 0.6700663125015968 0.0578125 0.045095600873680655
7 0.40078125 0.7195779628621872 0.078125 0.06275587955902787
1 0.5421875 0.3928491958603468 0.0640625 0.051491071238402776
10 0.16484375 0.30788196913045124 0.1015625 0.06017639342673622