9 0.7243654206903812 0.8360689263133725 0.07154899810013901 0.05599001482874755
9 0.6687719969627771 0.7095501886706621 0.06035692496187508 0.0446068458553869
9 0.44504290302295074 0.7647164856283629 0.05425239532659738 0.05060217787060921
9 0.25541801178041607 0.7295151091640786 0.055814895326597204 0.05066584486680377
9 0.18488926586447862 0.6410693744871179 0.05258079255305561 0.04585101087441501
9 0.060488024698193865 0.6875053171864748 0.06682513050895837 0.05423651384016459
3 0.8219723449866662 0.5659381570360005 0.06021145459715278 0.0383568458553869
3 0.6295861296559371 0.5152391145641051 0.04920121941479181 0.03478617688202608
3 0.5296582116279162 0.5497507188224489 0.04607621941479181 0.0346588428896375
3 0.3958267658644786 0.632474330000875 0.05090918977951393 0.04109984387822045
3 0.22720601206475646 0.5331958660841609 0.04923758700597229 0.036348676882026074
3 0.10389514542350646 0.5663187252854207 0.06032055737069451 0.0430443458553869
11 0.03158830680201359 0.745251491597043 0.06317661360402718 0.07824701680591399
11 0.7018351508387493 0.8986471807619967 0.09386040919430556 0.0756313527754692
5 0.557131207828194 0.4424820468833387 0.06039329255305557 0.0461693458553869
8 0.7495842794478464 0.7921133378723594 0.09062630642076393 0.07081651878308044
8 0.27716703163204803 0.6669686882135515 0.07325696846486114 0.0623036818249421
2 0.4982244140408675 0.6595223082520452 0.06210126291777769 0.05248301285158128
2 0.1497862608304855 0.7072819649052973 0.09218880642076392 0.07088018577927464
6 0.29803027118281217 0.3742081852478021 0.06355466014423614 0.04785917984777566
6 0.5281443841212493 0.8495278843357685 0.07020470364722228 0.06530134783255334
0 0.353982145139166 0.7535972549057348 0.06700696846486114 0.06204901384016441
1 0.4595470398001732 0.476898150647391 0.06984102773541671 0.04967634783255335
10 0.8448474537441314 0.522078069089279 0.10763196846486096 0.0637043557412186
7 0.4339404424418743 0.8393172376055293 0.08633884992374999 0.08781301779449713