9 0.24622299620027785 0.11760283870851376 0.050001306420763926 0.06944351282028158
9 0.33868521276527797 0.23428737861710056 0.04037173328250008 0.0580693651776464
9 0.2037868019554517 0.40671668858467924 0.046512630508958354 0.05367296360606986
9 0.16443728048829911 0.5937414995857153 0.04647626291777782 0.05211046360606986
9 0.21780062946211864 0.7070441743166557 0.046548998100138926 0.05523546360606986
9 0.12930313354618123 0.7942294971045158 0.04829333605604171 0.06312073821317572
3 0.5262930091180558 0.18059310607690932 0.03266833605604162 0.062392992142117173
3 0.500479310789167 0.3791740012383451 0.032413762917777686 0.05145549214211718
3 0.43262096998347255 0.4478105312221345 0.030705792553055566 0.045132717535011226
3 0.3041160699072226 0.5261088515287954 0.0386273953265972 0.05018409057054072
3 0.3322449891695145 0.7287629706353831 0.037173998100138925 0.05479881596343468
3 0.2524867136182993 0.8225985537623257 0.04048083605604171 0.0627568651776464
11 0.18192410685760424 0.10446282981717361 0.0676979526972917 0.092119033498446
11 0.06000827288885483 0.8011472770883052 0.0724218202884723 0.09389985731976366
5 0.5372182042159033 0.482337542594674 0.037283100873680655 0.05948631596343468
8 0.29397016517822927 0.12372871422524241 0.06460932028847229 0.0935359842842343
8 0.2281367577868755 0.6146576211735024 0.05792290919430565 0.0744948858558109
2 0.14436312946211866 0.7036237677826802 0.06762521751493064 0.0889940334984459
2 0.318776022320174 0.4183156222069598 0.04825696846486114 0.06155823821317572
6 0.1581450340036808 0.28987163688926815 0.06569904160312508 0.07329625889134013
6 0.50213991508132 0.7522840155063687 0.04524107123840295 0.06610018899896417
0 0.17775293844833373 0.4952504956567738 0.06242857123840282 0.0669007096771285
7 0.13205661910979197 0.37606169396136274 0.08470361474138892 0.0851070541766104
1 0.47168542961461846 0.550301984489122 0.042116071238402955 0.06595463978475244
10 0.5739856267092363 0.18437523159363794 0.052400261017916706 0.10545378742738745