9 0.7645824270926181 0.9310838454407678 0.05356292069139794 0.06934998400699968
9 0.7937136491167995 0.8431116781110404 0.051773100158284534 0.06151930267345449
9 0.7475409942605193 0.7378514661043589 0.046903743731793665 0.05521475867281787
9 0.8847671757724699 0.45341392612185805 0.05163670783841638 0.05683180267345413
9 0.8419468414493029 0.34037757678226743 0.05172763605166182 0.05995680267345431
9 0.936680331420173 0.25395027546144866 0.05503449247815269 0.06624316534054513
3 0.6372175405122309 0.20513786875395054 0.03601170783841656 0.056649989337999786
3 0.6192367671552658 0.3127776460852688 0.032704851411925875 0.05036362667090888
3 0.5943838681714803 0.41486685741563256 0.03105142319868044 0.04722044533736351
3 0.6591270151102018 0.6070912674251776 0.038909387305303154 0.04887385200509069
3 0.48242079645123254 0.8785651834022696 0.03467652837152997 0.06444430800445425
11 0.9211329216158347 0.5734088001272669 0.07065949247815269 0.06642497867599957
11 0.829085196292948 0.9435571207829039 0.07442098997087002 0.08833634134309065
5 0.5781153251519668 0.19507197807922363 0.04441524122451135 0.077053396005727
5 0.49271240492278745 0.578583364735815 0.03922763605166182 0.05981135200509051
8 0.577561114872775 0.6975793600811326 0.04744931301126591 0.07396475867281786
2 0.6492077604913483 0.41081570408972307 0.05218227711788863 0.07558180267345413
6 0.732199768408907 0.3250332927673135 0.04869356426490725 0.06304544000636332
6 0.9152479491294349 0.3459195994589033 0.07244931301126592 0.07425566000954502
0 0.6948251712201234 0.7231708007638138 0.05673338479802066 0.07094884667409058
0 0.6373991161264161 0.7092168414226323 0.050437920691398117 0.06931362133990877
7 0.965179752969501 0.34884515213235756 0.05263691818411544 0.09120680267345423
1 0.5288497963847256 0.4109782414067239 0.044051528371529966 0.06455339600572696
4 0.5438440297581851 0.8894395960773146 0.062375631037097 0.10381589067472703
10 0.7337619875966017 0.8353804467695408 0.08103470282385157 0.1009090666772721