9 0.8982242898253497 0.5897022629923899 0.0686061562606021 0.04297123920022692
9 0.8107069316579818 0.6146601121740833 0.06224702885594056 0.039627984390903495
9 0.707371111332229 0.5674255028255889 0.0542708377489479 0.03466766587924912
9 0.43697182049538885 0.6863764325846541 0.049637901451278846 0.03606647477225646
9 0.32671387757429776 0.6425123598966486 0.04952877404661713 0.032941474772256465
9 0.2390625993513294 0.7308333046318382 0.05599702885594056 0.039409729581580066
3 0.18395591478294074 0.451946901999433 0.0575049651536097 0.037901793283910835
3 0.289124564420121 0.4396701020921002 0.05120040145127884 0.036121038474587405
3 0.3917039273968125 0.42044389773826374 0.04796627404661713 0.032886911069925695
3 0.5832763577040319 0.4857166897562302 0.04484127404661713 0.03277778366526398
3 0.852147864875608 0.323015759997165 0.06219246515360979 0.038065484390903404
11 0.9129341197697494 0.652547003373743 0.08784722958158006 0.0576885036281972
11 0.5486285723094874 0.7254984415703287 0.058050602176918174 0.053526793283910835
5 0.553328418959292 0.3224999271423584 0.06101191106992569 0.048948420688572546
5 0.17083586668970652 0.38982884791574895 0.07680060217691827 0.054181557711881115
8 0.6738170229503087 0.4129388994675443 0.07011409255827132 0.04146330290255769
2 0.3878720884667382 0.4675098706964217 0.06419147477225655 0.05062004809323426
6 0.30603430062512293 0.543112560622288 0.060684528855940556 0.039573420688572544
6 0.32671636677452454 0.7097817054501447 0.0673710384745874 0.0522916754978958
0 0.6803596888295579 0.46590020836055174 0.06380952885594056 0.03968254809323426
0 0.693152354708807 0.5186432624442358 0.06224702885594056 0.039627984390903495
7 0.3289261967189242 0.7730629554501448 0.09146330290255769 0.07186013103285874
1 0.38447921523842765 0.3479513388452563 0.07394842068857255 0.0618849303072194
4 0.859662753713015 0.38141853703900697 0.10319941106992588 0.05042164065150558
10 0.8038641654159129 0.5531050532810757 0.09404266587924895 0.056344258437520625