9 0.22685691259704305 0.38389588591193435 0.05616146879233552 0.03099105042954129
9 0.14101898914586614 0.28243628448702485 0.06586401741285455 0.03773237336031983
9 0.4292626175945687 0.28291216078802073 0.04695024310259512 0.03362472749876275
9 0.6183251175945687 0.27300381501732074 0.0485946302577247 0.03526911465389251
9 0.7084720827688595 0.3368405857095357 0.04999335594746519 0.03222600180902226
9 0.817421036861874 0.26490695273827736 0.05961401741285464 0.0374048247398008
3 0.11505187415328932 0.554925438150498 0.06241146879233552 0.03131859905006031
3 0.31451960764494596 0.5546001322938897 0.048267081637205764 0.029019114653892685
3 0.4016378273417926 0.49783447591688307 0.0434976944820761 0.02721095318850324
3 0.5124701860027914 0.3899633429456249 0.0434976944820761 0.02721095318850324
3 0.6989565626424715 0.44407655359736004 0.049747694482076096 0.027538501809022266
3 0.8087719759168831 0.385342283470972 0.05616146879233561 0.03099105042954129
11 0.14672011250618597 0.21825095375433018 0.08683161465389255 0.05129690637700657
11 0.8512062166446288 0.20002890321324723 0.08715916327441135 0.05754690637700657
5 0.4020328957500154 0.609225677296364 0.059941566033373486 0.0436548247398008
8 0.1291873744919736 0.3298026074178034 0.08666784034363303 0.048171906377006656
8 0.6158718249669434 0.3346816214397559 0.06619156603337366 0.04398237336031983
2 0.40568459746818064 0.39088511307201285 0.06594590456798421 0.039294873360319824
2 0.7268369804394389 0.26887515773580295 0.08683161465389269 0.05129690637700666
6 0.3294949909548885 0.22425421302658433 0.0727691146538925 0.05055992198083885
6 0.6759683627333286 0.6151260379935277 0.06972600180902226 0.05195864767057934
0 0.5193929726375227 0.27273489936806 0.05994156603337366 0.0436548247398008
7 0.41962534599784257 0.2140769516066236 0.07811171189493056 0.06330558344622812
1 0.4906317282917323 0.5539406337642278 0.06323034034363299 0.04694359905006031
10 0.10227523518913725 0.6054577046588413 0.10253850180902231 0.05367827792830404