11 0.20703125 0.321875 0.05078125 0.06484375
11 0.3125 0.30859375 0.0453125 0.0671875
8 0.20703125 0.4203125 0.0546875 0.05703125
8 0.36953125 0.409375 0.0390625 0.07109375
6 0.42734375 0.58984375 0.03203125 0.06015625
6 0.196875 0.615625 0.05859375 0.05625
10 0.3046875 0.40859375 0.05546875 0.06953125
7 0.36640625 0.3015625 0.04765625 0.08046875
5 0.309375 0.5046875 0.0453125 0.0546875
5 0.4171875 0.3078125 0.0375 0.06875
0 0.36875 0.509375 0.0375 0.0546875
0 0.19765625 0.51328125 0.05390625 0.0578125
2 0.30703125 0.5953125 0.05390625 0.05625
2 0.371875 0.596875 0.0390625 0.06484375
4 0.2546875 0.515625 0.06171875 0.06328125
1 0.25625 0.41015625 0.0609375 0.07421875