11 0.6203722344936313 0.4477075848220341 0.06439213978475244 0.04426521046687402
11 0.43454174235151416 0.4896962056993123 0.06588186517764641 0.042793715728545935
6 0.6610956261404104 0.6105114217102068 0.07107878742738727 0.054004231513561506
6 0.2667056172490702 0.6973707397590049 0.08201628742738745 0.05464126834526439
8 0.3520695366033271 0.5708544714137407 0.07100601282028159 0.05244173151356133
8 0.6303978978520322 0.5001045427286593 0.075475188998964 0.0480272472985769
10 0.453161155709915 0.5415926346667423 0.07569351282028158 0.052714747298576906
7 0.3312883097626909 0.5151883003388184 0.08343323821317572 0.051607273606936135
5 0.2579043136916323 0.5350450450065594 0.08165241439185814 0.04682876834526439
5 0.458390157157657 0.596606358358383 0.06461046360606985 0.04895271046687384
2 0.3641628141059171 0.6792284135353504 0.07925516046291667 0.062271757821920556
2 0.46209304590895206 0.6509298373116957 0.07427656203449332 0.05574874203690498
0 0.361277562658175 0.6240781819512018 0.07242296360606985 0.049407736775233246
0 0.6473456492997742 0.5544357269577612 0.07569351282028158 0.052714747298576906
4 0.548743329407398 0.5804360558122518 0.07583906203449331 0.0558397472985769
1 0.5319775144774206 0.5221986215831499 0.07569351282028158 0.052714747298576906