9 0.5452301658874363 0.11981793928215172 0.025363614363184794 0.063810194482076
9 0.6360819039835797 0.21034004070706125 0.028434072208706952 0.05459896879233552
9 0.5303217416121848 0.40020148010075457 0.023682939695149584 0.043415807326946165
9 0.5136513503180288 0.5807078516520521 0.026817030054229463 0.04514208163720568
9 0.5693013866187739 0.680884914067381 0.028388620413308984 0.04678646879233561
9 0.5000241457921561 0.7751129488930901 0.028443162567786652 0.05616146879233561
3 0.8139210785534188 0.11588959859983441 0.03938975292686635 0.058297178878243816
3 0.8049586481298471 0.31395528437548315 0.03935339149054791 0.05204717887824373
3 0.7443433349963264 0.39601418984797865 0.03618293969514959 0.044070904567984306
3 0.6281865489901689 0.49348008932758025 0.03151362041330898 0.04695024310259512
3 0.6754695733870573 0.689379087518558 0.033057939695149585 0.043907130257724705
3 0.6139730163036609 0.7886664365686182 0.03465680113146803 0.050239017412854456
11 0.4905790273237548 0.11643398971169303 0.03481133723582168 0.07680151741285454
11 0.44445994702182007 0.7944261929001963 0.03792724687674216 0.07540279172311397
5 0.8590825458669109 0.40796423394594183 0.05814884328594587 0.0608423247398008
8 0.573753058163551 0.5869301961795567 0.040952252926866176 0.058379066033373485
8 0.5937040273237548 0.1110294374731294 0.03798178903121965 0.08477779172311406
2 0.6397421934075828 0.38665687924167197 0.04406816256778647 0.056980340343632994
2 0.5083502510801545 0.6864222631174414 0.031686337235821684 0.07663774310259512
6 0.8527815071302787 0.6855536454113311 0.06128293364502539 0.06256859905006032
6 0.48639954567051913 0.2978477640219525 0.030042024004105095 0.06249335594746537
0 0.5196655218628058 0.48667124660909805 0.03154089149054773 0.05163774310259513
7 0.47497116628021974 0.3827959741078608 0.03789997579950324 0.07071529172311397
1 0.8031410971947708 0.492121227953048 0.0722386143631848 0.06626680913596861
10 0.8701756237329586 0.11216041101516332 0.07089428298109582 0.10368492198083885