9 0.8779489622432027 0.3725145990376573 0.06342758293962447 0.028381064264907253
9 0.7908482663268869 0.36410035695521614 0.05399801923729371 0.02654577962517113
9 0.6944296233131284 0.424777095672445 0.046130955534962936 0.024755959092057724
9 0.41134181560124744 0.3579379028112163 0.04624008293962447 0.027880959092057723
9 0.3101811088851582 0.4171885338483133 0.044623019237293705 0.026272994985435005
9 0.21551096042910425 0.3487771661390514 0.054161710344286275 0.03123327962517113
3 0.8654316371929445 0.6411198465303748 0.05890377404661713 0.0329321719450391
3 0.5805977910064761 0.5242806536691461 0.04451389183263199 0.023147994985435006
3 0.3956722086998237 0.6258528285171792 0.04473214664195542 0.029397994985435005
3 0.2931920494439966 0.6249244775009648 0.048020837748947984 0.03417642319868044
3 0.1854613949974929 0.6304052508579299 0.051145837748947987 0.03426735141192587
11 0.8875124460011339 0.31045486823798724 0.08261409255827132 0.04142663354437941
11 0.5196701815731638 0.3023889332943173 0.051364092558271325 0.040517351411925785
5 0.17751497494189256 0.6939820175509772 0.07189484736759484 0.04735838479802066
5 0.5677406708582085 0.6935762229486183 0.05783234736759475 0.046949207838416385
8 0.6780655572485449 0.5832260931651626 0.06995040145127866 0.036375420691397944
2 0.38697676577873263 0.5784011669969813 0.06246528366526398 0.045523100158284535
6 0.29880215398316756 0.5168391928612287 0.05421627404661713 0.03279577962517113
6 0.304873560791924 0.35477946206155864 0.05750496515360961 0.037574207838416564
0 0.6792535458157996 0.5276664149519172 0.060411710344286364 0.03141513605166182
0 0.6844296299365504 0.47433682647211517 0.06353671034428636 0.03150606426490725
7 0.3004018264010206 0.29391015822149263 0.0751835384745874 0.052136813011266006
1 0.3967014845605394 0.7001170426238019 0.06295635698624169 0.059585600158284534
4 0.8665377802067029 0.5832164183171296 0.09522321996293322 0.044915346397360875
10 0.7890427188666248 0.42437026722177285 0.08875496515360978 0.038483489970870186