9 0.5248434834499947 0.8863568176152533 0.027271572008272217 0.06232958163720568
9 0.5082094194382225 0.7988191960639557 0.028761346674090582 0.05616146879233543
9 0.5570639954248595 0.7030020850281078 0.02868862133990895 0.049911468792335614
9 0.46873510272117935 0.42588298507353634 0.028652258672817864 0.04678646879233561
9 0.5174987720400891 0.3222533740376884 0.027089758672817866 0.04670458163720577
9 0.4446147080283168 0.23176781490171977 0.030287484006999675 0.05311835594746537
3 0.7924940601129493 0.8730567147200057 0.03975339067472685 0.06142217887824373
3 0.6494322140754056 0.5891653143358928 0.033357940006363405 0.0485946302577247
3 0.7355135227164068 0.40472943860072397 0.039607940006363404 0.048922178878243724
3 0.7249203733688621 0.29955061566994534 0.03804544000636341 0.04884029172311406
3 0.7213584740213171 0.19474028493725073 0.042842028007635945 0.05846095318850333
11 0.4694838214512673 0.8928248236081471 0.03686474801081765 0.08157090456798421
11 0.4286106367361332 0.5338692254625979 0.03341248400699968 0.0532821302577247
5 0.8194901754057694 0.5762160142450359 0.055360209341181486 0.06067855042954129
5 0.7853118860200444 0.18872265829757057 0.06024770401018138 0.07811171189493056
8 0.7192730940881322 0.686518349161602 0.04925566000954511 0.07285100180902226
2 0.6901282973822249 0.3961047111019611 0.05694089067472703 0.06232293758467104
6 0.6172624147039982 0.3071816519659925 0.042842028007635945 0.05846095318850324
6 0.4573425220400891 0.31910071856519295 0.036628390674726855 0.0612584045679843
0 0.6615242287555414 0.6889572744218011 0.039771572008272395 0.06298467887824373
0 0.6077179760900413 0.6947259175698248 0.0366829346753633 0.06594590456798421
7 0.4050169533736345 0.3179199988683462 0.041479522676635835 0.07556656603337357
1 0.8120123880489978 0.40327315920208173 0.07421929734245403 0.07103619629109836
4 0.7370707634468129 0.8740559707128994 0.060520424013363085 0.10154921189493038
10 0.5683111254375861 0.7972843515364512 0.043223836012090365 0.09127345318850325