9 0.14140625 0.37643799472499423 0.0640625 0.027680715096963925
9 0.22890625 0.36866067654377516 0.0546875 0.025954573863261922
9 0.32421875 0.42949699066780445 0.0453125 0.024228432629559826
9 0.60859375 0.36437695657884256 0.046875 0.027380706168510204
9 0.70859375 0.4243502000860208 0.0453125 0.027353432629559825
9 0.80390625 0.3562802642100501 0.0546875 0.03064207386326192
3 0.14921875 0.6442703770302425 0.059375 0.032286394480112966
3 0.4359375 0.5298906826328551 0.04375 0.024201159090609537
3 0.61953125 0.6321547918061902 0.0453125 0.030478432629559828
3 0.721875 0.6319308750049429 0.0484375 0.03365797970746058
3 0.82890625 0.6378751375868447 0.0515625 0.033712526785361165
11 0.13359375 0.31407436241974596 0.0828125 0.04207049756436802
11 0.50078125 0.30844633076641603 0.0515625 0.03996252678536125
5 0.8359375 0.7018149066615681 0.071875 0.04812958279171564
5 0.44609375 0.699244654629678 0.0578125 0.046321620941162676
8 0.33828125 0.5878452788172513 0.0703125 0.03716480925276535
2 0.62890625 0.5851161505724882 0.0625 0.04484094155801373
6 0.71796875 0.5241865588523188 0.0546875 0.03220457386326174
6 0.71484375 0.36174110593021946 0.0578125 0.03694662094116259
0 0.3375 0.5323901655867266 0.0609375 0.030751168019063257
0 0.33359375 0.4793333494341024 0.0640625 0.030805715096963837
7 0.71953125 0.3015030353133684 0.0734375 0.052844356330665934
1 0.61640625 0.7064280888840908 0.0609375 0.05887616801906326
4 0.15 0.5864442402607674 0.0953125 0.0454136858759707
10 0.2296875 0.42880328977430004 0.0890625 0.03905459172016936