11 0.7328125 0.23125 0.04140625 0.07578125
11 0.853125 0.22421875 0.053125 0.078125
8 0.73828125 0.3328125 0.0515625 0.065625
8 0.91484375 0.33984375 0.059375 0.0734375
6 0.97265625 0.54140625 0.05390625 0.05546875
6 0.72109375 0.53515625 0.03828125 0.0546875
10 0.853125 0.328125 0.06640625 0.078125
7 0.92109375 0.221875 0.07734375 0.09609375
5 0.8484375 0.43203125 0.05234375 0.05859375
5 0.965625 0.234375 0.06171875 0.0765625
0 0.72421875 0.4328125 0.0390625 0.0640625
0 0.91328125 0.446875 0.06484375 0.05859375
2 0.91796875 0.54140625 0.065625 0.07265625
2 0.85234375 0.5359375 0.05703125 0.06640625
4 0.79453125 0.4390625 0.06171875 0.06953125
1 0.7984375 0.3265625 0.06171875 0.09921875