9 0.674449733702664 0.14608726404515598 0.036239028371529966 0.06426248789975161
9 0.6864616518867794 0.2367668061996337 0.03284124373179385 0.0548693071815924
9 0.6266213021242063 0.327809441836449 0.029534387305303157 0.048601126463433085
9 0.7085151259560251 0.618861688713191 0.03091503087881229 0.042360216822512696
9 0.6488566326199426 0.7161543243500063 0.02792642319868044 0.047029536104353654
9 0.7252947636570395 0.8197065712267484 0.03440374373179385 0.0548783975406721
3 0.4406015149106808 0.807114625874258 0.031278743731793845 0.0548602168225127
3 0.4414844018202725 0.703231101771957 0.02944345909205772 0.04547612646343317
3 0.4361400207831755 0.6000924662333376 0.027880959092057723 0.04546703610435365
3 0.5288634152146147 0.43112936367581367 0.024665030878812288 0.04232385538619425
3 0.4022110208496826 0.13200554156530253 0.029898100158284535 0.06110112646343309
11 0.7385349657559753 0.1472412187674203 0.049102741224511345 0.0768352107723885
11 0.7625684769722394 0.5168497368195971 0.04837531551854859 0.05183521077238851
5 0.37812424696399216 0.8075322615110732 0.04726745658477523 0.06745112041330899
5 0.36303382673481255 0.4231345356133742 0.04386967194503919 0.05805793969514959
8 0.46802755212420627 0.3268867703898678 0.03315949247815268 0.0658068071815924
2 0.48340146568946835 0.6136464270057261 0.039045779625171126 0.053343168617910844
6 0.547180472353386 0.7116572010098311 0.032886707838416386 0.05643180718159222
6 0.7180158095795467 0.7306168001495095 0.045568564264907255 0.06275453005422929
0 0.522047462390763 0.3311066377781146 0.03458560015828453 0.06112839754067192
0 0.575172462390763 0.3314157099868216 0.036148100158284534 0.06113748789975162
7 0.7800528083259055 0.7419133693331543 0.0633016335443795 0.08160452400410509
1 0.3655774681967508 0.5910896500747548 0.05494356426490725 0.06280907220870695
4 0.46096389522286196 0.1378151800307882 0.04036423871722903 0.09865566861791084
10 0.6254332236735342 0.2332872821955286 0.04799488229073816 0.0924511204133089