11 0.5443077634561256 0.3135533093438969 0.04447369629109836 0.07532963978475227
11 0.4391665620766447 0.3023910233642516 0.03822369629109836 0.07503854135632881
8 0.38532450983808103 0.40326001054397 0.03805992198083885 0.07191354135632881
8 0.5415745098380811 0.4105374712545558 0.03904921189493056 0.06104881596343468
6 0.5463870833346864 0.6026350800220615 0.041928550429541286 0.0565068651776464
6 0.3236489461795567 0.5938271985094767 0.03904921189493056 0.06104881596343468
10 0.44256047772590545 0.4020100337033338 0.04143058344622812 0.07674659057054053
7 0.3825038042747285 0.2927035002048878 0.04693695499752559 0.09258991439185812
5 0.33419245703369055 0.3029838746881591 0.04636374491161739 0.08165241439185814
5 0.4406494176854257 0.4982493329175455 0.03880355042954129 0.056361315963434674
2 0.37936335764494594 0.5917231970617347 0.040857373360319825 0.06580909057054055
2 0.43894307553277034 0.5905823821317572 0.0389673247398008 0.05948631596343468
0 0.5444737805302959 0.5046513442900851 0.040611711894930555 0.06112159057054054
0 0.38296307044438765 0.5080930597581818 0.03600609905006032 0.06246576674922295
4 0.4886774819097769 0.508317845737827 0.040857373360319825 0.06580909057054071
1 0.4872964456137298 0.40017786000585076 0.04167624491161739 0.08143409057054055