9 0.5178383596878027 0.8250842748878678 0.02842498184962743 0.05172612646343318
9 0.4621792330279778 0.7238490278147341 0.028370439695149584 0.04235112646343318
9 0.5314882901113742 0.6273553020152309 0.02522725897699054 0.039207945745273774
9 0.5364490217646098 0.4460825761175318 0.02522725897699054 0.039207945745273774
9 0.4555404311109427 0.25359106996921177 0.02840680113146803 0.048601126463433175
9 0.558402331578481 0.16393315144949686 0.028497704722264317 0.06422612646343313
3 0.29050630445111786 0.15299214803165131 0.039407933645025484 0.05960225897699045
3 0.27215978366846655 0.3523108919815271 0.039389752926866174 0.05647725897699045
3 0.3255751542781672 0.43637227459328026 0.034629530054229286 0.043949987899751616
3 0.42733712129707174 0.5357768560735654 0.028388620413308984 0.04547612646343317
3 0.3559065071302787 0.7283734222321481 0.03151362041330889 0.0454943071815924
3 0.40530199825148416 0.8319887807416004 0.03001475292686635 0.056422716822512695
11 0.6162148315784809 0.163596808163551 0.036410198672140126 0.08145907825883122
11 0.5763139350197676 0.8450558864223823 0.042632927594901206 0.07680793969514958
5 0.20754731694414968 0.4472148467037914 0.055032933645025484 0.05969316256778665
8 0.47053260939321506 0.630834826019336 0.03941702400410509 0.061164758976990544
8 0.5108051689124984 0.1540541574014252 0.03797269867214013 0.08146816861791084
2 0.5214951456939602 0.7336598441697086 0.03640110831306061 0.07989657825883115
2 0.43184333499632643 0.4326291301758663 0.04092498184962743 0.05179884933607006
6 0.5964239854638647 0.34261214247250643 0.034729524004105096 0.06113748789975162
6 0.17938491374613702 0.722369382808145 0.05664088544042354 0.06751475292686634
0 0.536730302015231 0.532015530937992 0.03469316256778647 0.05488748789975162
7 0.5943569705349458 0.42933998283158603 0.041052246876741985 0.07367384933607006
1 0.25393143755385034 0.5313171359314028 0.06443520472226431 0.06443520472226431
10 0.23585062070789647 0.14784156059943793 0.06776019262201594 0.09882838544042354