11 0.3078125 0.478125 0.04375 0.05390625
11 0.30859375 0.66640625 0.04609375 0.05859375
6 0.47734375 0.2921875 0.0296875 0.06640625
6 0.48046875 0.678125 0.03046875 0.06171875
8 0.365625 0.6671875 0.03984375 0.07109375
8 0.36953125 0.3875 0.04140625 0.06171875
10 0.3640625 0.48984375 0.05 0.06484375
7 0.30703125 0.37734375 0.05859375 0.07734375
5 0.315625 0.3 0.04453125 0.07265625
5 0.421875 0.4875 0.0390625 0.0609375
2 0.475 0.384375 0.04140625 0.0671875
2 0.47421875 0.4828125 0.03046875 0.0640625
0 0.428125 0.390625 0.0328125 0.0609375
0 0.421875 0.675 0.034375 0.06328125
4 0.42421875 0.5734375 0.0453125 0.0640625
1 0.36015625 0.57109375 0.053125 0.06953125