9 0.7654406778358215 0.5800941392159252 0.05777826674922295 0.03477679328391083
9 0.6870845454946674 0.5040524835882951 0.04669521753501123 0.03126984736759475
9 0.574999768406362 0.5493054746026205 0.04825771753501122 0.031324411069925694
9 0.4017827462804556 0.5171353592636764 0.04825771753501122 0.031324411069925694
9 0.23651096484892414 0.3981100846689051 0.057705492142117086 0.03321429328391083
9 0.12591375910073715 0.47841019827856873 0.06395549214211718 0.03343254809323426
3 0.18118141770162705 0.21284719646447017 0.06290241439185813 0.0443154843909034
3 0.375002038255957 0.2380579836731132 0.053381865177646405 0.04086310217691826
3 0.44356579363264037 0.30664180336589386 0.04705909057054072 0.03908234736759475
3 0.5135250750641719 0.42899546380284725 0.04364299214211709 0.03272321996293322
3 0.7161428068672068 0.39930049620216684 0.05167381596343468 0.03768353847458741
3 0.8001860130296785 0.470463678871639 0.05145549214211727 0.03299603847458741
11 0.10845012324492627 0.5351785534507119 0.081725188998964 0.04653274881887359
11 0.773539968158693 0.6406496932996093 0.08506851282028158 0.051329376223535304
5 0.4815816780407093 0.19377721561694583 0.06682793507002263 0.06161211179556507
8 0.5940622915657259 0.4917013057281466 0.06290241439185813 0.04431548439090349
8 0.1250083846174658 0.43086307568323046 0.08477741439185812 0.045079376223535306
2 0.6803400858175388 0.5651263928441222 0.081725188998964 0.04653274881887377
2 0.41294503226010093 0.4114483544543529 0.06468323821317572 0.04905754809323426
6 0.753090650952404 0.22563481770904606 0.06846320967712849 0.06322917549789597
6 0.2877908668347855 0.5530951958314979 0.06588186517764641 0.04129961179556503
0 0.48439403908452644 0.5353099511889756 0.061412688998963995 0.04582342068857255
7 0.3703657723353035 0.5720510377567972 0.07562073821317572 0.04943949400955035
1 0.5518534826316044 0.2591814716073956 0.07663958271265763 0.07131449400955017
10 0.18685352895033205 0.15805056905980847 0.10974318114108117 0.0787103317584982