11 0.1965275482526388 0.11214762378383165 0.08281380642076393 0.06860572402541769
11 0.3941844514630207 0.07511740787608881 0.07183993882958344 0.06685230925276528
8 0.20215864599218736 0.17218114285855513 0.08426720364722229 0.06394549756436803
8 0.4998882843849305 0.13028042045799054 0.06704333605604162 0.06208298863591426
6 0.20081173869774283 0.2971538693196048 0.08092399810013892 0.05451595048646736
6 0.6059544867978818 0.2369786595009419 0.06682513050895836 0.052707988635914305
10 0.3903859978157985 0.13765831818451432 0.07529224715020844 0.08096935633066597
7 0.5009254139439582 0.0521690572274657 0.08027068787965277 0.093551176947517
5 0.3982335589862151 0.2031196769508123 0.07169446846486113 0.06060230925276526
5 0.5915504139439582 0.050587191968345976 0.07660017401194459 0.07005912986961631
0 0.19992269234496507 0.23469477962803031 0.09044446846486114 0.06092959172016936
0 0.5015040293509374 0.19506962338008985 0.07016833605604163 0.06213753571381497
2 0.4038464729301734 0.2639344460255358 0.08724673328249999 0.0577500446422687
2 0.5088612812507984 0.248044618915863 0.06856946846486114 0.06054776217486459
4 0.2994687506655901 0.2189004099046837 0.09386040919430556 0.07348413879807003
1 0.2987797260643054 0.1478475702131092 0.09727634992375007 0.08603868587597074