11 0.2394140653352547 0.8139894996613158 0.06712504464226869 0.0893767605154494
11 0.19544805681383806 0.6247123156946893 0.06849662986961631 0.07852114767057934
8 0.2419491355483639 0.5112363138856669 0.06054776217486459 0.07029921189493056
8 0.29777599025417684 0.7976374813439501 0.062410271103318316 0.08756859905006031
6 0.42187200932890023 0.7840962025111347 0.04988299756436802 0.08535100180902226
6 0.3416024878218401 0.3965386488022331 0.044895488635914305 0.06791784034363309
7 0.1670855032431156 0.522979397331895 0.08732845048646735 0.08419129353213642
10 0.2587429435833132 0.6221771359119344 0.07480117694751698 0.08197369629109837
5 0.16084341152294623 0.4341625587972843 0.06855117694751697 0.08164614767057934
5 0.32025714204118566 0.6072238432843091 0.05594208279171564 0.0747410504295413
2 0.3786736140380084 0.5939968249669434 0.048265950486467354 0.08214411465389268
2 0.35735594723676123 0.49267666440606533 0.054270488635914306 0.06840916327441153
0 0.3602350799457513 0.79201824513876 0.05317163879807012 0.09488977611928177
0 0.3090411781620377 0.5022464162150877 0.051090941558013546 0.0651203889641522
4 0.3398077573003054 0.6969071410003169 0.06874209172016936 0.09258364767057933
1 0.2719617382255819 0.7075004822484612 0.07976141233702042 0.09784435775648763