11 0.7248541254757012 0.21663516600603744 0.08185217787060921 0.05544366943775669
11 0.5291596234985347 0.22032715267820233 0.07097834486680377 0.05668792069139794
8 0.7231523626241199 0.27759539805934874 0.08322367688202625 0.0508016335443795
8 0.4323536076812039 0.29259930628084146 0.06772601087441502 0.0534719924781526
6 0.7394710879095404 0.395396663498755 0.07978034190105418 0.042898205331134066
6 0.3459784144875554 0.41601642273646205 0.06090300790866543 0.03922763605166182
7 0.42193737250995156 0.22190036137454863 0.0748673488211363 0.07552884890464337
10 0.540675443650759 0.2832363296378064 0.07285917984777565 0.06454588479802066
5 0.5405043473010805 0.34502327579774045 0.06747134288963733 0.0472219924781526
5 0.332301869544202 0.2333714072970558 0.08197951186299815 0.05856866943775678
2 0.436235999962819 0.40847435886726624 0.0706600098858317 0.04887542069139794
2 0.5436174184418882 0.4029949001709198 0.07978034190105418 0.042898205331134066
0 0.7356404337649274 0.33583980707226424 0.08134284190105419 0.04294366943775678
0 0.44071259433533105 0.3561988050272002 0.06734400889724856 0.044096992478152595
4 0.6336959317877608 0.34225964014179 0.08972834486680377 0.05723348997087019
1 0.6286211126241198 0.27484481960867657 0.09167284684397004 0.06665395407749282