9 0.7646266686823628 0.15117539557121135 0.04611247867599957 0.07086046360606986
9 0.7836499360279987 0.2426373035529287 0.044404528007635946 0.05828768899896399
9 0.7285726320416799 0.3407986676971178 0.036519302673454136 0.05167381596343468
9 0.8350611787475872 0.6346642917661044 0.04273294000636341 0.04883991439185813
9 0.7808378500954503 0.7391120432138465 0.039662484006999676 0.053381865177646405
9 0.8663219114417224 0.8383543719975627 0.04600339067472703 0.06148546360606986
3 0.48451245468649906 0.16858110359570994 0.031922709341181486 0.05926799214211718
3 0.6299635040579064 0.455672342842343 0.030232940006363406 0.04825771753501122
3 0.5508952640833599 0.6393880632728385 0.027089758672817866 0.0465496683207995
3 0.5638139820973592 0.7430588728261324 0.030251121339908947 0.04982021753501122
3 0.5705463347787676 0.8519073339510029 0.03190452800763595 0.057705492142117266
11 0.8309420120146356 0.14645581637321028 0.06190111067790838 0.08565070967712844
11 0.8829345100652244 0.5213316918899389 0.06006589067472703 0.06214043507002263
5 0.4661282707272244 0.4675622590962279 0.03662839067472703 0.06104881596343468
5 0.5112440601129493 0.8553918988809801 0.038336341343090476 0.07362159057054071
8 0.5601226240451798 0.3587202601296853 0.03829997867599957 0.07049659057054054
2 0.6025123080839961 0.6464771253073317 0.041334072008272396 0.06282963978475227
6 0.6731526194302683 0.7450280953235423 0.03819089067472703 0.06112159057054054
6 0.8535759160964046 0.7495273124442688 0.06175566000954511 0.07315070967712849
0 0.6748118327100434 0.35078794375196576 0.044513616008908664 0.067662688998964
0 0.6186527393777708 0.3559805578961549 0.03978975334181776 0.0643193651776464
7 0.9215355754296318 0.7519117578533736 0.08072383601209054 0.09277400496239885
1 0.48449810475013244 0.6370763924708395 0.04453179734245403 0.06922518899896399
4 0.5438420013526355 0.16744028866573252 0.04647610534690845 0.10211046360606986
10 0.722766980028635 0.24448659387580024 0.06669769867918127 0.09524403349844598