11 0.08531428952219906 0.23989256858825617 0.05982042759490125 0.07759889448011296
11 0.07087856391908762 0.43856189366933407 0.05975679508134395 0.0666613944801128
8 0.14547053952219907 0.23884253733866806 0.0551420179539809 0.07907957386326192
8 0.13826098575845228 0.5381567447249942 0.056613614363184704 0.06348184740221222
6 0.26975292203575635 0.22573679099211602 0.04574883723582168 0.07579093262955983
6 0.25722863349551595 0.6329453189952933 0.04566702400410509 0.06172843262955983
10 0.1326473108940255 0.4288908388807956 0.0738374757995032 0.07003185633066593
7 0.060876329142593985 0.546538034903036 0.08634656615858279 0.0718125446422686
5 0.1990399253554061 0.43007546347540615 0.05350679508134393 0.06655230032431163
5 0.06972408831597617 0.6369993936693341 0.0629090661585828 0.07140344155801373
0 0.20801144613805733 0.23072034578065442 0.052053379390299345 0.08527502678536117
0 0.2031274616561513 0.5331186428585551 0.05506020472226432 0.06501707386326175
2 0.2599683349963265 0.43057429545634285 0.04891928903121974 0.08365797970746058
2 0.25701098575845227 0.5360839557647684 0.0550511143631847 0.06345457386326192
4 0.20352341315696182 0.3307885296280303 0.06613406010845857 0.0886454886359143
1 0.13239784690018314 0.33749822565027077 0.07708065046753823 0.09039890340856668