9 0.3876460671679011 0.21076214143738214 0.03435827962517122 0.05465326674922295
9 0.47436246865896925 0.2951607202210984 0.034130959092057725 0.04684076674922295
9 0.4401358843358022 0.40591412965055784 0.03086956677218957 0.04200771753501122
9 0.4936426322242312 0.5823888924708394 0.03086956677218975 0.04200771753501122
9 0.6334589531530559 0.7488401459854961 0.03426735141192587 0.05152826674922295
9 0.5641670470431344 0.8610811267550738 0.03784699247815269 0.06729881596343468
3 0.8231495904583591 0.806046986141752 0.04713106426490725 0.06461046360606985
3 0.7752790771305239 0.6087695717498938 0.04704013605166182 0.06148546360606986
3 0.697633798758994 0.5411775033052597 0.040426423198680436 0.0486943651776464
3 0.56757657422753 0.4688037355225793 0.03422188730530316 0.04996576674922295
3 0.5733395262599588 0.2646620450758733 0.03734688730530315 0.050111315963434676
3 0.4927821965556454 0.17742956472058044 0.037665136051661816 0.06104881596343468
11 0.5099569201626726 0.8749402655063687 0.04620506175762475 0.08641268899896418
11 0.3266403710079671 0.2055801817602537 0.05231866943775678 0.08201628742738745
5 0.8056903396669363 0.5009592258026696 0.06280152837152997 0.0669007096771285
8 0.496553368896396 0.3874766528099217 0.04717652837152997 0.06617296360606986
8 0.6132721367765777 0.8594672768789081 0.049284597651002036 0.08499573821317555
2 0.41443353919208265 0.30017139784752295 0.047722097651002035 0.08492296360606985
2 0.5978072949980703 0.5692960411469319 0.046903743731793665 0.056797963606069854
6 0.47044447611430956 0.6967767241500399 0.04244356426490725 0.06439213978475226
6 0.7431375492212124 0.2280996145539647 0.06459134890464338 0.07478598428423426
0 0.46547451662654044 0.4991568614535928 0.04069920783841656 0.0580693651776464
7 0.44379339640999615 0.6120549677398991 0.05066524122451135 0.07881851282028159
1 0.7342268651354724 0.431314505786459 0.07235838479802066 0.07358735731976367
10 0.8767603237653117 0.798401460086904 0.0811710951437199 0.1083262303552928