9 0.8589684821463877 0.4903696887711007 0.06471706493480837 0.03936402837152997
9 0.7758792926169691 0.4638957684754141 0.0584670649348082 0.039182171945039104
9 0.6887338486233234 0.44612925844628426 0.05843979139585791 0.0376196719450391
9 0.5923497723244295 0.4208230330568904 0.045857970779006864 0.032568459092057724
9 0.5076162621781599 0.39908207686782654 0.049037517856907444 0.03578438730530316
9 0.4151384358792661 0.37366219121187616 0.049037517856907444 0.03578438730530316
9 0.3303776521940459 0.3534837350228123 0.05218979139585782 0.03743781551854841
9 0.22860664651200308 0.32364913400659784 0.05531479139585782 0.037528743731793844
3 0.13179628165992047 0.591175266297336 0.061755706168510206 0.04864810015828454
3 0.23692411242304123 0.607637689100305 0.05073638555165925 0.04364235141192587
3 0.33799568872193514 0.6328075221698308 0.05073638555165925 0.04364235141192587
3 0.4281024914818786 0.6598581039857152 0.04602161201270878 0.041943459092057725
3 0.5161246428618504 0.6721331319615338 0.05073638555165907 0.04364235141192587
3 0.5968837191607443 0.6978939984171543 0.05073638555165907 0.04364235141192587
3 0.6870587057680637 0.7210383302330389 0.060165932629559826 0.04704013605166182
3 0.781921192375383 0.7440462697290553 0.061673885551659244 0.043960600158284534
11 0.8794815795486001 0.4335513874383171 0.08530230032431163 0.055580061757624755
11 0.23435781453106636 0.2625752416867298 0.08382162094116259 0.06022209765100213
5 0.7535546846647454 0.8034356415949521 0.08543866801906326 0.06339256175762457
5 0.11118772687138204 0.6534623176301195 0.0808329886359143 0.06794366943775679
8 0.3246418952941871 0.2794695735026143 0.06657957386326192 0.0565969924781526
8 0.7940895503276069 0.40480191330256454 0.08546594155801354 0.06495506175762475
2 0.6727274245184756 0.7815810251393317 0.07617276217486477 0.0693697771178888
2 0.21145077963132558 0.6802173827529566 0.07156708279171564 0.07392088479802048
6 0.7076980827950109 0.3885751712201234 0.07272047970746058 0.050528848904643375
6 0.43033278774570516 0.30840926425227194 0.06962275324641087 0.052000420691397944
0 0.5865132349890569 0.7551980330568904 0.0666068474022122 0.058159492478152684
0 0.30650418101129734 0.692287822248973 0.06348184740221222 0.05806856426490725
7 0.6152066197266419 0.36393653556417294 0.0775716209411625 0.06004024122451135
10 0.5197401611224997 0.3307950781214678 0.0713216209411625 0.05985838479802066
4 0.3973922337712409 0.7193156720115462 0.07466480925276527 0.07244931301126592
1 0.5040007439175106 0.7404201307078926 0.08565685633066593 0.07589256175762475