11 0.78359375 0.24140625 0.04765625 0.0765625
11 0.790625 0.43671875 0.04921875 0.0640625
8 0.72265625 0.24609375 0.0421875 0.078125
8 0.72421875 0.53671875 0.046875 0.06171875
6 0.60390625 0.23515625 0.034375 0.075
6 0.60625 0.62890625 0.0328125 0.05703125
7 0.7953125 0.54375 0.06796875 0.065625
10 0.72734375 0.428125 0.05703125 0.06484375
5 0.665625 0.43125 0.040625 0.0625
5 0.7890625 0.63359375 0.05078125 0.075
2 0.60859375 0.53828125 0.04140625 0.06484375
2 0.6078125 0.43125 0.034375 0.075
0 0.66328125 0.23671875 0.03515625 0.0765625
0 0.66015625 0.53125 0.03671875 0.06171875
4 0.66328125 0.33828125 0.04765625 0.08359375
1 0.73046875 0.340625 0.05703125 0.08359375