9 0.8897841753247893 0.7063545064146499 0.0707873438782208 0.053202082712657625
9 0.8004524198875819 0.736247521716131 0.0644100098858317 0.04978598428423435
9 0.696957346769608 0.6927223076957763 0.05640650889724856 0.044734611248705036
9 0.41058215357595945 0.8316029869748306 0.05184634288963732 0.04764128742738762
9 0.30077341346179115 0.7899313713828995 0.05497134288963732 0.047786836641599176
9 0.21029831068632204 0.8861578620772746 0.061348676882026075 0.05120293507002245
3 0.8432725671492939 0.4317034168775667 0.06539950692008248 0.035796258891340214
3 0.5694000325488826 0.6082103746926684 0.04990184091247087 0.038193512820281585
3 0.37685704688333865 0.5493384505809005 0.0497745069200823 0.03506851282028158
3 0.2744032089366172 0.5759438000427812 0.048148339923887826 0.03343323821317572
3 0.1676438729670621 0.5933924733259796 0.05765067391627658 0.0369948858558109
11 0.9004550784808192 0.7697984222542502 0.09336268083635879 0.07140842721213972
11 0.5300523951730025 0.8658067049241268 0.07461268083635879 0.07053513192686936
5 0.5423639831569049 0.4488375287454442 0.06246550790866543 0.04033820967712849
5 0.15749955182625458 0.5361621701828264 0.07190417490485981 0.042337357319763666
8 0.6615822153624078 0.5274997220876344 0.07196784190105418 0.04389985731976367
2 0.37156736901272935 0.6026089997951123 0.059531508897248564 0.04488016046291676
6 0.2840090192030098 0.6846638285788285 0.06272017589344295 0.04658820967712849
6 0.29618673114255756 0.8642228959900052 0.0808626808363588 0.07082623035529281
0 0.6709452865032153 0.5847664125343405 0.06897017589344294 0.046879308105551944
0 0.6819345246402173 0.6403978283739408 0.07384867688202608 0.05178513192686936
7 0.30363713380429597 0.9301561110438172 0.09419035178688588 0.09172092721213972
1 0.37399864372730873 0.485530661705771 0.06740767589344294 0.0468065334984459
4 0.8510094712939068 0.49060538193137865 0.10522601087441501 0.05636562406898662
10 0.7951229327391631 0.6756738947516603 0.10299234882113631 0.07809507485477489