11 0.28489023007475434 0.7448466740170037 0.049193669437756785 0.08214411465389268
11 0.27876356518934403 0.553273327680477 0.04561402837152997 0.06635534034363318
6 0.4574555518615089 0.7389231433751661 0.034994777117888634 0.0767196302577247
6 0.4531511144105565 0.3506795149264637 0.0344946719450391 0.05953213025772479
8 0.34513740828799966 0.7385690185445084 0.03972774122451135 0.07852779172311415
8 0.3441505359598843 0.4507790914752869 0.044051528371529966 0.06627345318850324
10 0.341840226709542 0.5569881478977219 0.04731292069139794 0.07112472749876275
7 0.27707669622644104 0.45039398914586615 0.06151181301126609 0.07654921189493055
5 0.28192097209068845 0.3643336584131715 0.0472219924781526 0.06799972749876275
5 0.39900786902941004 0.549311766735486 0.036329956584775225 0.06898901741285446
2 0.4521783331360327 0.5449651034610744 0.036511813011265916 0.07523901741285463
2 0.4535482680131956 0.44426574061620416 0.04083560015828454 0.06298467887824373
0 0.404997107746639 0.4507104924252266 0.0344946719450391 0.059532130257724705
0 0.40127374802144294 0.7395273309598374 0.03687552586424747 0.08773901741285464
4 0.4033567367386718 0.6411307745374021 0.04294366943775678 0.08181656603337366
1 0.3393397008452945 0.6429256478977219 0.05268238229073816 0.09480788896415202