9 0.1760660020669146 0.1915976684215191 0.06758991439185813 0.042569295081343925
9 0.2691075266740205 0.19370104478675634 0.059631865177646404 0.039398843285945874
9 0.3594970862273144 0.20594249043383436 0.058142139784752266 0.04095225292686626
9 0.4645848465663966 0.21514529449216874 0.048767139784752264 0.040897710772388504
9 0.55784469499482 0.221936170857406 0.048767139784752264 0.040897710772388504
9 0.6581721807267964 0.22954920383850155 0.048767139784752445 0.040897710772388504
9 0.7515048037623256 0.2379025802037388 0.05508991439185813 0.04249657220870704
9 0.8625878529765373 0.24167299569839168 0.059631865177646404 0.039398843285945874
3 0.16298392100688672 0.46410392749670537 0.062174668320799584 0.026917024004105096
3 0.2627120932566277 0.47561866529826113 0.05279966832079959 0.026862481849627428
3 0.357607216292157 0.4839811320225779 0.04982021753501122 0.029969301131468028
3 0.44361749089926283 0.486043601771957 0.0449871683207995 0.026817030054229286
3 0.5310639869703214 0.5021731167008758 0.043351893713693815 0.025245439695149585
3 0.6305738353987449 0.5090003545024315 0.0465496683207995 0.026826120413308986
3 0.7340263211307212 0.5166315682016862 0.0465496683207995 0.026826120413308986
3 0.8386603172017798 0.5328610770804808 0.05763271753501122 0.03001475292686635
11 0.18007710587202153 0.12679482503737738 0.08543238585581085 0.05673178903121974
11 0.8799893686923032 0.1792911703664267 0.08416098428423453 0.06297269867214013
5 0.8352485268789082 0.5937622156441623 0.07205909057054072 0.03790906615858276
5 0.16504088068401518 0.5250368823171656 0.08001713978475226 0.041079517953980904
8 0.7879281472283504 0.16469688436026905 0.07663958271265763 0.06917724687674202
8 0.27460835587202154 0.12734479176169425 0.08125430810555194 0.0676420179539809
2 0.25439447911243857 0.5318050327847038 0.075475188998964 0.04417724687674198
2 0.7269993792362731 0.5837599808676688 0.059850188998964174 0.04408634328594587
6 0.3626177781217625 0.13879135187015285 0.06675516046291677 0.058185204722264315
6 0.6718301122821624 0.15386794778837734 0.07315070967712849 0.061346566158582805
0 0.3459098910230974 0.5346805687908616 0.060976041356328906 0.034720433645025396
0 0.6347926085581086 0.5660406948615111 0.05777826674922295 0.033139752926866176
7 0.46826846463952715 0.14331120110802703 0.08303513192686936 0.07233860831306052
10 0.5737372146395272 0.14392480034590122 0.07536818114108108 0.07541815651766241
4 0.5383713728261323 0.5584503877781145 0.0643193651776464 0.03942611436318479
1 0.42994028866573253 0.544541903001621 0.08016268899896399 0.04420451795398091