9 0.810530661705771 0.4283065914811247 0.06559076674922296 0.035422846843970034
9 0.7216308275453713 0.43799065619614164 0.05763271753501122 0.03197951186299797
9 0.6501325091007372 0.5110023918616855 0.051382717535011224 0.03172484387822046
9 0.35538293527941955 0.5036886630790427 0.04505994292790545 0.029907675893442943
9 0.27510893031702083 0.5802564802655176 0.04818494292790545 0.030035009885831698
9 0.16219370740532604 0.5341707060452298 0.057705492142117176 0.03354201186299814
3 0.23085370037601272 0.807793889847338 0.05977741439185813 0.044543178859192525
3 0.3306375306074711 0.7828986606075847 0.05523546360606986 0.04747717787060921
3 0.43016664971405894 0.7634721813678315 0.05345463978475244 0.04272601087441501
3 0.5772685897464802 0.6301397110253267 0.05003854135632899 0.036348676882026254
3 0.8955797880510692 0.6861601952451769 0.06602741439185814 0.044797846843970035
11 0.797452772954476 0.37298242151918076 0.0768193651776464 0.04211851581733077
11 0.44001695450984196 0.4343430968811511 0.059631865177646404 0.04141817885919252
5 0.24676549069888426 0.8694953938016707 0.07017125889134021 0.06680018083635879
5 0.6259136433039181 0.7957129728883249 0.06995293507002245 0.06211268083635879
8 0.6944903229972572 0.6677909027361004 0.0774015620344933 0.05461851581733086
2 0.40862128949881116 0.7218921764249157 0.06050516046291676 0.060168178859192525
6 0.30024801737290474 0.679122403193211 0.06148546360606986 0.0477318458553869
6 0.2480413161728317 0.5227968073378241 0.06751713978475227 0.043299013840164415
0 0.6743084096388564 0.6137427312912818 0.06595463978475227 0.043235346843970034
0 0.6611213589769026 0.5607623113293378 0.06595463978475244 0.043235346843970034
7 0.22685982899311327 0.47340430239490827 0.08499573821317571 0.05024935079830275
1 0.4581417923942954 0.8350580212917194 0.07380568114108108 0.07786501482874755
4 0.8777052373891154 0.6329887742946498 0.1059632096771285 0.06513952174882984
10 0.7416308043860075 0.4959450776409602 0.089537688998964 0.04731535178688588