11 0.2625451193114756 0.43021271790822785 0.0783818651776464 0.04218218281352506
11 0.4469928939185815 0.43928792345916606 0.059631865177646404 0.04141817885919252
8 0.26156050806277065 0.3755888849044223 0.078600188998964 0.046869682813525236
8 0.5399937231165826 0.3767971937251211 0.06333906203449331 0.05404551285158128
6 0.24374796174404306 0.2610170489348671 0.07896406203449331 0.054682182813525236
6 0.6317745006191726 0.2713695474891734 0.06177656203449331 0.0539818458553869
10 0.4377955223307943 0.37575200547438853 0.0695890620344933 0.05430018083635879
7 0.5452484574008168 0.43939269421941274 0.06602741439185814 0.044797846843970035
5 0.4361024356891951 0.3226588389724857 0.06631851282028159 0.051047846843970034
5 0.6262437462759463 0.43723462802152113 0.05970463978475245 0.042980678859192524
0 0.2480395095105127 0.3196744659310615 0.07874573821317572 0.04999468281352515
0 0.5365925872607716 0.320515360227024 0.061631012820281585 0.0508568458553869
2 0.4367167117440431 0.2688799229648745 0.07293238585581072 0.05911501482874763
2 0.5396597752262784 0.26917569471370434 0.063411836641599 0.055608012851581276
4 0.34763924917143046 0.31515540368750256 0.07932793507002263 0.062494682813525236
1 0.35594620884855893 0.37631573817418296 0.08841183664159917 0.05662668479069151