9 0.3418722444613914 0.8117239975657231 0.02942855042954129 0.05576983893530461
9 0.4143005223896955 0.7144616784020819 0.02737472749876275 0.046331171939110405
9 0.3583171952750456 0.6174474155505006 0.02737472749876275 0.046331171939110405
9 0.4366656818189199 0.33252592889637356 0.02589411465389251 0.04783000494291585
9 0.3812179432388806 0.24023099954288946 0.027866050429541288 0.055706171939110226
9 0.3937798982364062 0.14992433452386142 0.029756099050060315 0.06201983893530465
3 0.6625675197877038 0.14521822437119955 0.032881099050060314 0.06214717292769345
3 0.5329464603130509 0.437445533649009 0.02737472749876275 0.046331171939110405
3 0.626323566826343 0.6127094718997416 0.035187227498762755 0.046649506920082115
3 0.6209190145877794 0.7158344718997416 0.035187227498762755 0.046649506920082115
3 0.621723518771651 0.8199953898845191 0.03576043758467105 0.05758700692008247
11 0.3080892232033497 0.5151872371855998 0.04505355042954129 0.05640650889724856
11 0.3328423982364062 0.14744132167228013 0.04636374491161739 0.08140650889724857
5 0.6857860187716509 0.8226057367284894 0.050232373360319826 0.0659725098858317
5 0.7020649525111348 0.43729031923800327 0.048260437584671044 0.05809634288963732
8 0.5961225689740497 0.33745746250820147 0.041184921980838854 0.07184050790866543
2 0.5811372195853051 0.6233949625082015 0.04661605042954129 0.05647017589344294
6 0.5127789659672605 0.7176914491623286 0.034116050429541286 0.055960839923887916
6 0.3502413444159629 0.7267269150562091 0.03592421189493056 0.06071200692008212
0 0.5396678510862253 0.33907170064520337 0.032881099050060314 0.06214717292769345
0 0.48736504466379016 0.33615760627269126 0.03600609905006032 0.062274506920082205
7 0.2912381586403141 0.7321519026989194 0.05244997060135788 0.07853617688202626
1 0.7009926961795567 0.6071399042189751 0.06256859905006032 0.06335684585538673
4 0.6052906083223144 0.14758187901010428 0.048908890773174465 0.10022017589344294
10 0.44322329828183465 0.23727709589256793 0.042085680687265994 0.08902800790866543