9 0.5225618922111501 0.8433065096867367 0.03957342068857237 0.06024782218833309
9 0.5655529787789717 0.7317156994662505 0.03277778366526398 0.04447735182361114
9 0.48705844574667995 0.6509183347248616 0.03126984736759475 0.04600348423243048
9 0.4581224578123975 0.47197506392329897 0.031215283665263983 0.04444098423243048
9 0.5148437168828902 0.2582768930454865 0.03946429328391084 0.05712282218833335
9 0.4028273557202973 0.1970283088893059 0.036612111795565026 0.06486258700597229
3 0.6622147686043215 0.11314884384291723 0.04754961179556503 0.06511716014423614
3 0.7015153376641299 0.3087529377827437 0.045659729581580065 0.055705792553055564
3 0.6629761381196169 0.40480966698118115 0.040753974772256465 0.04934668977951393
3 0.5756075689749904 0.5333509346486116 0.036175602176918176 0.052362587005972114
3 0.6703868117185963 0.7075716442797575 0.04102679328391083 0.05715918977951393
3 0.6343996932996092 0.8201073586605562 0.0395188569862416 0.058685322188333444
11 0.4711977996528788 0.8812052467689588 0.048040685116542824 0.07917966014423605
11 0.3484300323993196 0.20983612699357668 0.04653274881887368 0.08070579255305557
5 0.7785837799522488 0.38560768493295206 0.06646330290255768 0.07024107123840287
8 0.44823162495759095 0.17306478523795174 0.0498760036281972 0.08702852773541672
8 0.5468699553653268 0.6398003031897227 0.050729175497895976 0.06675239532659738
2 0.5595956777753306 0.4321150897588547 0.05051092068857255 0.06050239532659738
2 0.508429959541678 0.7554064661837504 0.04491568511654283 0.07910692496187507
6 0.38927574329176007 0.3835834047289934 0.041190484390903406 0.06184668977951393
6 0.840374418704838 0.6536686603316675 0.06624504809323425 0.06399107123840295
0 0.46921123603536585 0.5574586222439241 0.04275298439090332 0.06188305737069442
7 0.401118489663563 0.46986639684520864 0.04943949400955017 0.07452852773541671
1 0.7423610485565704 0.4825002155181604 0.0759474303072194 0.07358427678548622
10 0.7136780648834572 0.09479954055628532 0.08032739546082901 0.10959451196784728