11 0.29006718123013914 0.2698732646479834 0.07336607123840277 0.06615384890464338
11 0.47276992524621547 0.22624998211981834 0.06544446846486114 0.06123902837152997
6 0.3135806824644101 0.44039871331519986 0.07623649810013892 0.05530727711788863
6 0.6930850380877434 0.35430547129926565 0.07452852773541671 0.049011813011266
8 0.5769314015948613 0.2677806010827214 0.07165810087368066 0.05985838479802066
8 0.3022775469214586 0.3242425159016246 0.07474673328250007 0.058386813011266095
10 0.474896776119896 0.284039750066507 0.07660017401194459 0.07093227711788871
7 0.5738232789696877 0.20141981518934404 0.08935474715020834 0.08223348997087018
5 0.48950544319798645 0.34068455516021423 0.06838763050895835 0.053517456584775226
5 0.6526386099917364 0.19521762780489868 0.07798083605604163 0.06316524122451139
2 0.509473757502535 0.392482735880742 0.07296602773541672 0.048966348904643284
2 0.6035504126127782 0.37020090743006984 0.07474673328249999 0.058386813011266005
0 0.30672996399954894 0.38118283768837924 0.0747103656913195 0.056824313011266
0 0.5891963186729516 0.3244936023363626 0.06682513050895836 0.0534719924781526
4 0.40863730290538225 0.35945493870459366 0.07649107123840278 0.06624477711788872
1 0.39778941546256974 0.2964464733443297 0.07983427678548623 0.07571070533113407