11 0.240625 0.6703125 0.053125 0.06171875
11 0.23828125 0.4828125 0.05078125 0.05703125
6 0.4125 0.68359375 0.04140625 0.06796875
6 0.41171875 0.2953125 0.034375 0.06953125
8 0.3015625 0.38984375 0.046875 0.06171875
8 0.296875 0.66953125 0.0453125 0.06484375
10 0.2953125 0.49296875 0.0578125 0.06484375
7 0.2359375 0.37890625 0.06640625 0.0765625
5 0.35390625 0.490625 0.040625 0.0609375
5 0.24765625 0.30078125 0.0484375 0.06875
2 0.40859375 0.48203125 0.03515625 0.0671875
2 0.4078125 0.3859375 0.0453125 0.06484375
0 0.353125 0.67734375 0.04296875 0.06484375
0 0.36015625 0.38984375 0.040625 0.06015625
4 0.3546875 0.5734375 0.05234375 0.06640625
1 0.290625 0.57109375 0.06171875 0.0671875