9 0.5147376465152984 0.7901674717881985 0.032122753246410875 0.05127333992388792
9 0.44125132792704225 0.7065047376055293 0.030451159090609536 0.04495967292769336
9 0.4907758153451406 0.5975316442216003 0.028888659090609538 0.04489600593149916
9 0.466513975246529 0.42208331665500226 0.027326159090609536 0.044832338935304604
9 0.35009190868686774 0.24882884186387316 0.032122753246410875 0.05127333992388783
9 0.4370073019491647 0.14457774057127878 0.032340941558013724 0.06377333992388783
3 0.167725467939633 0.18599721391671414 0.041661394480112926 0.061030341901054184
3 0.186931615262415 0.38273029247189544 0.041525026785361206 0.053217841901054184
3 0.252837258931749 0.45343011163553665 0.039826159090609534 0.04534167490485981
3 0.373266761367381 0.531276585932374 0.033576159090609535 0.045087006920082294
3 0.3346194983817375 0.7327090933467479 0.03837275324641087 0.05152800790866543
3 0.4025006992752419 0.8244071620160975 0.038536394480112965 0.06090300790866543
11 0.49268060349129217 0.13059881220637787 0.040426176947516976 0.07971667490485981
11 0.5723319582036958 0.800311792929006 0.0419341298696164 0.07665534190105419
5 0.13827019846116775 0.48698405235772724 0.06359094155801363 0.06504667984777565
8 0.4303604667251123 0.6148265735750844 0.04481366801906326 0.06272017589344295
8 0.38784309902706526 0.14345825095140213 0.04516822402541774 0.08303267589344294
2 0.3578520413991531 0.4304144228905124 0.049501168019063256 0.06291117688202608
2 0.5014348514659925 0.7024910582520452 0.040453450486467445 0.08127917490485963
6 0.16000528206695758 0.7624642134224225 0.06677048863591431 0.06829901384016442
6 0.5043742597425279 0.3104627257425312 0.03543866801906326 0.062338173916276676
0 0.481474727682161 0.5042273131949611 0.03691934740221221 0.05771434091247087
7 0.5193213754086847 0.39338797228249006 0.04187958279171564 0.07353034190105419
1 0.19865254505260105 0.5610317060080486 0.07307503571381498 0.07167868182494211
10 0.11218853409225718 0.19216364228161503 0.0783898271096728 0.10780718281352515