11 0.5289751720151742 0.7622571912536632 0.03608427678548622 0.07483817391627667
11 0.5433610610735073 0.5755211952079959 0.0356478656913195 0.05608817391627667
6 0.38712532560680585 0.36856424657714 0.04531380642076392 0.06897017589344294
6 0.3648399368328131 0.752447156653252 0.04556837955902786 0.07990767589344294
8 0.4856011528291323 0.47482351684309504 0.045059233282499986 0.058032675893442943
8 0.47724901785486173 0.7531249303792483 0.03779224715020835 0.08115184091247088
10 0.4856031124602783 0.5755092663488035 0.042188806420763926 0.06884284190105419
7 0.5465022852379517 0.47574402969467633 0.04222517401194459 0.07040534190105419
5 0.5492623029053822 0.3931225306832594 0.037355836056041626 0.06240184091247105
5 0.4322962745043755 0.565532088478194 0.04378767401194459 0.07046900889724857
2 0.3798778296908685 0.45958849459997353 0.04825696846486114 0.0612850098858317
2 0.37762695829996573 0.5640849936113904 0.04705814437666671 0.07684634288963732
0 0.42185300303722284 0.7539897520143474 0.0408445119678472 0.0781541749048598
0 0.43398410144236144 0.4703787559686801 0.04048083605604162 0.0625291749048598
1 0.48360616099725745 0.6573813488583176 0.04883884992375016 0.0862850098858317
4 0.4234499109972575 0.6549301695048333 0.04883884992375016 0.0862850098858317