11 0.2422628273417926 0.504614092361606 0.0767196302577248 0.03718075256024882
11 0.42737813376422784 0.49461121885349185 0.057969630257724704 0.036088689420186525
8 0.24508793419376906 0.45070784236160605 0.07343085594746528 0.033873742036904984
8 0.5252667571245476 0.42504290052234506 0.06158595318850324 0.04564569994353036
6 0.23836097863041655 0.34127963445498083 0.07392217887824382 0.043248742036905076
6 0.6268878900958058 0.31397732692952635 0.06314845318850323 0.0457367052052021
7 0.5251572144969223 0.4865796399990014 0.06438340456798422 0.03957771046687384
10 0.42333576492646363 0.4379894925310152 0.06759029172311415 0.04132222099021767
5 0.6104772388071819 0.47849485323788554 0.0673446302577247 0.036634720990217674
5 0.4262427589335699 0.3825207425310152 0.059941566033373486 0.04399219468185844
2 0.5323975836733708 0.3187018952606732 0.06487472749876275 0.048952710466874015
2 0.4274234786304166 0.3302679977926871 0.06939845318850324 0.046100726251889504
0 0.5241446703989592 0.37214541367652465 0.056734678878243724 0.042247684158514695
0 0.2416630410457455 0.3971656134082934 0.07704717887824372 0.04343075256024882
4 0.33734403324382944 0.38458304244631064 0.07721095318850324 0.04655575256024873
1 0.33727543419376904 0.4453385319229669 0.0831334045679843 0.04066977360693613