9 0.10109366389551452 0.63984375 0.06537202885594055 0.0375
9 0.18796618131870968 0.6578125 0.0575049651536097 0.0359375
9 0.27834564465822087 0.66484375 0.05594246515360961 0.0359375
9 0.37866310318840857 0.678125 0.048075401451278844 0.034375
9 0.46957827986743084 0.6921875 0.04495040145127884 0.034375
9 0.5674974246952877 0.70703125 0.0480208377489479 0.0328125
9 0.6576859150766409 0.71953125 0.051309528855940555 0.0375
9 0.7640078369463398 0.73984375 0.05594246515360961 0.0359375
3 0.14700639773826377 0.3765625 0.05879464664195542 0.028125
3 0.24425341997078234 0.38828125 0.054161710344286275 0.0296875
3 0.33832087850097003 0.4015625 0.05109127404661713 0.03125
3 0.42212295962649604 0.41796875 0.05120040145127884 0.034375
3 0.5110763322218344 0.42109375 0.046349210344286365 0.0296875
3 0.606569881496195 0.43828125 0.04947421034428636 0.0296875
3 0.7084498400263828 0.4515625 0.04791171034428636 0.0296875
3 0.8144815852170593 0.4578125 0.05421627404661713 0.03125
11 0.08565714765344573 0.7015625 0.0846676658792491 0.053125
11 0.7656496932996093 0.8046875 0.0817063569862416 0.0578125
5 0.8253124470126243 0.39375 0.07523810217691818 0.0515625
5 0.1678571002780017 0.31640625 0.08132441106992569 0.046875
8 0.17554553767197917 0.72265625 0.08014385698624168 0.0578125
8 0.6713639799600981 0.79765625 0.06775298439090349 0.0609375
2 0.2525495588081894 0.3296875 0.07049603847458741 0.05
2 0.720334770333602 0.3796875 0.06591766587924912 0.053125
6 0.26517103286265575 0.72890625 0.06580853847458741 0.05
6 0.5586829306857375 0.78046875 0.06112103847458741 0.05
0 0.3402851717848809 0.3453125 0.06246528366526398 0.04375
0 0.6266393340359329 0.378125 0.05766865626060227 0.040625
7 0.3653793639881818 0.7453125 0.08036211179556503 0.0640625
1 0.42355153957089575 0.3546875 0.07690972958157989 0.0546875
4 0.531845189208076 0.36328125 0.06580853847458741 0.05
10 0.46534215845321897 0.76875 0.07265873920022692 0.0671875