9 0.8582422838956412 0.743517420824412 0.06291817067154497 0.037756064264907255
9 0.7682985365611412 0.7547253569552161 0.05352498933799978 0.03592077962517113
9 0.6761473992282321 0.7542827392459543 0.05039998933799979 0.03582985141192587
9 0.5722047865611412 0.7604311023363627 0.041024989337999786 0.035557066772189574
9 0.4791814925605049 0.7678237166804122 0.04414998933799978 0.03564799498543501
9 0.37835478922664123 0.7746624015575752 0.04414998933799978 0.03564799498543501
9 0.28693035789309584 0.7788845517950019 0.04732953333863614 0.040426423198680436
9 0.17433036055859588 0.7907517174718349 0.05354317067154524 0.03748327962517113
3 0.848924017266094 0.47044363367739345 0.059647720003181706 0.02516513605166182
3 0.7504774265993213 0.4740891223946223 0.053415901336727065 0.026545779625171306
3 0.6527939045990031 0.47927437905853987 0.047129538669636165 0.02323892319868044
3 0.5675467479312759 0.4895646728694761 0.0408977200031817 0.02461956677218957
3 0.47935640459900314 0.4843208948936574 0.04404090133672707 0.026272994985435005
3 0.3792654979312759 0.4950430977175091 0.04712953866963625 0.02323892319868044
3 0.2808098165977304 0.499469836434738 0.0487102200031817 0.024846887305303156
3 0.16992686059836676 0.49801028800494834 0.053415901336727155 0.02654577962517113
11 0.8613940085535052 0.8082475105578553 0.08183180267345413 0.0523641335443795
11 0.16420083521645992 0.855868252111571 0.074092028007636 0.05838681301126627
5 0.8371239986075937 0.4106510965303749 0.0753636266709087 0.03343227711788863
5 0.1675018419398664 0.4379449662181937 0.06911362667090888 0.03325042069139812
8 0.2594587912158236 0.8577824416075874 0.05697725334181776 0.06413670783841638
8 0.7690792392186871 0.8218673928485934 0.07570907200827222 0.06311977711788863
2 0.2761228639401846 0.43244146080791734 0.056759077339272414 0.04538670783841638
2 0.75035979527373 0.41708060444793366 0.06764203333863605 0.0410174565847754
6 0.6800440112190053 0.8221150969260863 0.06624316534054522 0.05503449247815269
6 0.3727764038829145 0.8513612938774431 0.06311816534054504 0.05494356426490725
0 0.3713626386060028 0.4359181503039339 0.05345226400381797 0.029670779625171128
0 0.6588717292727755 0.42677150468536046 0.05970226400381797 0.02985263605166182
7 0.5768371952180507 0.8321469779631834 0.07578179734245402 0.06936977711788864
1 0.5760592292727755 0.42918110233636264 0.07074885200509069 0.03954588479802048
4 0.4682740012730937 0.42997437569332764 0.05977498933799978 0.03610263605166182
10 0.4704417445496872 0.8477385372135255 0.06329997867599957 0.07056856426490725