9 0.7887947592401288 0.86484375 0.04129961179556503 0.0640625
9 0.7880283782072699 0.77578125 0.039409729581580066 0.0546875
9 0.7152233060674186 0.68203125 0.03299603847458741 0.05
9 0.7597073937315486 0.38984375 0.03908234736759475 0.0453125
9 0.6866567849312084 0.2890625 0.036175602176918176 0.0515625
9 0.7518874261308681 0.18828125 0.039409729581580066 0.0546875
3 0.5131226366447905 0.86796875 0.027018856986241603 0.0578125
3 0.5982317243089204 0.57578125 0.028035719962933213 0.0421875
3 0.4842535259455337 0.39921875 0.02658234736759475 0.0453125
3 0.4775273215916972 0.29609375 0.02814484736759475 0.0453125
3 0.4620982398331989 0.18984375 0.028417665879248943 0.053125
11 0.8290427254900468 0.49609375 0.05196429328391048 0.05625
11 0.8529663866447905 0.86796875 0.05450893992586643 0.084375
5 0.4341692243089204 0.57578125 0.03946429328391084 0.05625
5 0.4003522079820335 0.1890625 0.03995536660488845 0.0703125
8 0.5517510831092606 0.6765625 0.035104175497895976 0.065625
2 0.5307465800292176 0.38828125 0.0379563569862416 0.0578125
6 0.5820511304847046 0.29140625 0.03305060217691817 0.0515625
6 0.7558333708660577 0.27890625 0.05374504809323426 0.0625
0 0.6055754875557643 0.67421875 0.035049611795565025 0.0640625
0 0.6603175512580952 0.67578125 0.03817461179556503 0.0640625
7 0.8195957705032381 0.2703125 0.07298612141421187 0.0765625
1 0.4157490626060225 0.40625 0.04754961179556503 0.0640625
4 0.5716345410912942 0.865625 0.04250001324684387 0.0984375
10 0.7279812556119316 0.77890625 0.05639882213985139 0.09375