9 0.22314028680370565 0.7495328882690939 0.05465326674922295 0.03312157220870695
9 0.333150987589494 0.747048758584207 0.048548815963434674 0.03621021077238851
9 0.4254476495001528 0.7499288397699044 0.042080492142117266 0.031486349336070064
9 0.5262288995001528 0.7505151679305397 0.04698631596343468 0.03620112041330899
9 0.6161090368037057 0.7518191135776178 0.043788541356328994 0.03462043969514959
9 0.7209056987143645 0.7547719176359522 0.05167381596343468 0.036228391490547907
9 0.811040547142788 0.7615446132830301 0.05479881596343468 0.03624657220870695
9 0.9038273606250232 0.7581792396482674 0.06261131596343468 0.0362920240041051
3 0.25041114639978085 0.46305048760516404 0.055924668320799585 0.026880662567786474
3 0.353972794042416 0.4730254513044188 0.048112168320799585 0.026835210772388506
3 0.45560806864952186 0.4751788246445939 0.0465496683207995 0.026826120413308986
3 0.5523739067388631 0.4733986769075303 0.043351893713693815 0.025245439695149585
3 0.6395656916850511 0.484059441836449 0.04491439371369381 0.025254530054229285
3 0.7276650051672865 0.48066679712444743 0.04796661910658777 0.023710210772388506
3 0.8230502797743924 0.48278380902830415 0.05585189371369381 0.025318162567786472
3 0.921669716292157 0.48726275165032007 0.0606121683207995 0.026907933645025396
11 0.8997798695163635 0.8222008330324091 0.08201628742738762 0.050463608313060605
11 0.20737404569504583 0.8134863039601384 0.08059933664159917 0.05357951795398108
5 0.9172690066150284 0.4263161612912404 0.08285104135632863 0.034847698672140125
5 0.25534904941909947 0.4013771894005621 0.0627568651776464 0.03941702400410509
8 0.29996180603412803 0.8226163851458359 0.06377570967712849 0.06129202400410527
8 0.8071749925518926 0.829472456667172 0.07940070967712849 0.0613829275949012
2 0.36014571132975826 0.4043299934588965 0.05821491439185813 0.04251475292686617
2 0.8313315066150286 0.4258161915418614 0.0721318651776464 0.03947156615858276
6 0.7178213941234693 0.8227043061996338 0.06646406203449332 0.051935204722264317
6 0.4133522179447868 0.8256191861791082 0.06333906203449331 0.05191702400410527
0 0.4519522216688404 0.4134555294650541 0.05152826674922295 0.03310339149054773
0 0.7392895558292403 0.428404860356164 0.06090326674922295 0.033157933645025395
7 0.6170765314270221 0.8228992280389983 0.0764940334984459 0.06605224687674216
1 0.6570763693114756 0.424021366504484 0.08001713978475226 0.041079517953980904
4 0.5481915208830521 0.41713958654845057 0.059631865177646404 0.039398843285945874
10 0.5104091544625515 0.8300890384420446 0.06719180810555195 0.06756020472226432