9 0.2586500714276299 0.12257513708581676 0.03543866801906326 0.06293961575678067
9 0.25243307345622484 0.214436413394176 0.03379434740221221 0.05816111049510884
9 0.2563723254848197 0.30570615550166824 0.03530230032431163 0.055127115756780753
9 0.25581499228606697 0.40818641339417605 0.033576159090609535 0.045661110495108834
9 0.25432640462308737 0.5021184239175197 0.035138659090609536 0.04575211575678075
9 0.25138441111590915 0.6023914397025353 0.035165932629559825 0.047314615756780753
9 0.25140377637502886 0.6931074449642071 0.035193206168510204 0.048877115756780755
9 0.2455549711794533 0.8060624712725662 0.035302300324311545 0.0551271157567804
3 0.5291671229697574 0.11854997681658688 0.02285684740221221 0.05752407366340586
3 0.5308853559236288 0.21698747681658687 0.02280230032431163 0.054399073663405864
3 0.5309865417995996 0.3123909820782587 0.024282979707460583 0.04980257892507769
3 0.5246740864418683 0.3987835083866179 0.02258411201270878 0.04189907366340595
3 0.5340275413925625 0.4866097320782587 0.022693206168510116 0.04814907366340595
3 0.5287008875769589 0.584675505755782 0.02261138555165907 0.04346157366340577
3 0.5281571911476812 0.6879370136482897 0.022638659090609536 0.04502407366340577
3 0.5354805417963043 0.7938684952324383 0.024310253246410875 0.05136507892507787
11 0.19451938758025408 0.12240010281436257 0.048238676947516976 0.08085515785015547
11 0.18087486241315537 0.819214189631948 0.05443412986961631 0.0780941788968427
5 0.5910222406645091 0.12276776898054882 0.0356841298696164 0.07700211575678066
5 0.5980487256436802 0.7941345347655643 0.03565685633066593 0.07543961575678075
8 0.18520466314779932 0.21600588964606554 0.05594208279171564 0.0750601841585147
8 0.17453731330665978 0.7249559554169636 0.06202844155801359 0.0660492052052021
2 0.5887114926931041 0.21440153213472843 0.040262535713814884 0.07102513154179624
2 0.5977429882255819 0.6870122795038925 0.04160684740221221 0.05861613680346807
6 0.19066550486796868 0.3048408764918859 0.0511454886359143 0.06853716837349921
6 0.17645259496328497 0.610665942262784 0.051090941558013636 0.06541216837349921
0 0.5890480523496112 0.5921093031814159 0.03217730032431163 0.05494510523343692
0 0.5832484711827487 0.3046548058122518 0.03225912094116268 0.05963260523343692
7 0.1846257848997408 0.40685840280024516 0.06380912986961632 0.07864021046687401
10 0.17477527231783904 0.5145721922627841 0.06827844155801359 0.06641322625188942
4 0.58970084293469 0.49509779528890807 0.03859094155801355 0.0646841262801244
1 0.5862701055165918 0.38815755055058 0.041825035713814886 0.07111613680346807