11 0.4491603854460422 0.7510243636944816 0.036157011967847194 0.07776290145127866
11 0.44710365691319487 0.562043709247978 0.03423083605604162 0.0620833377489479
8 0.5030302678548617 0.7513443114248961 0.03455814437666671 0.0761458377489479
8 0.5090386528291323 0.47287457104354297 0.03884560087368065 0.059122028855940555
6 0.6120058775622577 0.7715427387368907 0.03750130642076392 0.06844246515360979
6 0.6147600163362503 0.38679571650437206 0.037210365691319504 0.05594246515360961
10 0.5044076638470492 0.5757540343830542 0.03582970364722229 0.06370040145127884
7 0.45026306487322965 0.46301593220613596 0.03753767401194459 0.0700049651536098
5 0.5582957300514588 0.5768552321134687 0.037283100873680655 0.05906746515360979
5 0.45224183254065997 0.3803398414619631 0.03423083605604162 0.0620833377489479
0 0.5564462085843062 0.7656994773041452 0.0360115416031249 0.07151290145127902
0 0.563054005602674 0.47944451877395744 0.03415810087368065 0.058958337748947896
2 0.6098764138470492 0.5794370842903869 0.0424070119678472 0.07798115626060227
2 0.6177051380114934 0.4797917483555375 0.04858427678548623 0.07507441106992552
4 0.5619675503399311 0.6675347958157996 0.04251611474138883 0.08266865626060227
1 0.502447079975209 0.659211375127227 0.03946384992375016 0.08568452885594055