11 0.65078125 0.25625 0.03515625 0.071875
11 0.765625 0.246875 0.0453125 0.07421875
8 0.65390625 0.3578125 0.04375 0.0578125
8 0.825 0.3578125 0.05546875 0.071875
6 0.6390625 0.5546875 0.0328125 0.05859375
6 0.890625 0.55859375 0.0609375 0.05546875
10 0.7640625 0.35 0.059375 0.07734375
7 0.83359375 0.2421875 0.0703125 0.09453125
5 0.76171875 0.4546875 0.0484375 0.0609375
5 0.87890625 0.25234375 0.05703125 0.075
0 0.6421875 0.4546875 0.03515625 0.0609375
0 0.825 0.465625 0.05703125 0.05859375
2 0.76640625 0.55546875 0.05 0.0625
2 0.83046875 0.5578125 0.06015625 0.071875
4 0.7078125 0.4609375 0.05390625 0.06875
1 0.71015625 0.34765625 0.05234375 0.09296875