9 0.3832884605401935 0.840625 0.031482373360319824 0.0640625
9 0.477796456356322 0.73671875 0.02762038896415202 0.05
9 0.3786197291962434 0.55703125 0.02721095318850324 0.0421875
9 0.3679289699239893 0.3734375 0.02737472749876275 0.0453125
9 0.42736260289524763 0.26796875 0.02721095318850324 0.0421875
9 0.35871550147033804 0.1765625 0.034116050429541286 0.0546875
3 0.6525674050222696 0.815625 0.03732293758467122 0.05625
3 0.6490274044564426 0.61484375 0.033788501809022264 0.0484375
3 0.5904170443251059 0.540625 0.03206222749876275 0.0453125
3 0.4808173942796774 0.45546875 0.02869156603337366 0.040625
3 0.530525224446545 0.25234375 0.030827276119281776 0.0515625
3 0.4729384537543302 0.15859375 0.030827276119281776 0.0515625
11 0.2969524858665058 0.1625 0.05261374491161739 0.0796875
11 0.3242852747645447 0.8484375 0.04619997060135787 0.0765625
5 0.7051722631174414 0.5125 0.0530298247398008 0.0578125
8 0.42865843000989756 0.3625 0.03913109905006031 0.0609375
8 0.4306990490748042 0.8453125 0.042003793532136416 0.0859375
2 0.4847878420411137 0.55859375 0.03707727611928178 0.0515625
2 0.36494449005037727 0.26640625 0.040113744911617386 0.0796875
6 0.3282744911820311 0.66796875 0.03756859905006031 0.0609375
6 0.7078247088427128 0.23828125 0.056564260515449584 0.065625
0 0.37140477272837985 0.47109375 0.03732293758467105 0.05625
7 0.3179754782917323 0.58125 0.05055992198083885 0.0703125
1 0.6496869029861047 0.43828125 0.05960737336031983 0.0640625
10 0.7057333485998344 0.81484375 0.06469766508343397 0.1015625