11 0.48750453969918983 0.6614929364530173 0.04673375889134022 0.06635534034363318
11 0.5227762979713575 0.4817545267966503 0.045171258891340216 0.06627345318850324
6 0.31468346980681366 0.6321728493887446 0.05483735731976358 0.07301477611928178
6 0.3912757791552198 0.2519707722740946 0.056909279569504534 0.08403416327441153
8 0.47816581120592383 0.3773226543408417 0.053202082712657625 0.07137038896415202
8 0.4331616420565547 0.6492928296010408 0.05036818114108108 0.07745661465389268
10 0.4648910233642516 0.4771622020568495 0.05505568114108108 0.07770227611928178
7 0.5399209485094767 0.3813384469684669 0.053857054176610394 0.08543288896415202
5 0.5497817919755014 0.30859698778706973 0.04902400496239867 0.08206222749876275
5 0.41029341459674595 0.4594933452048731 0.051421258891340214 0.06660100180902226
2 0.3690797555815713 0.3443286906368888 0.06457623035529289 0.08131859905006031
2 0.3572583058292403 0.44190637550802647 0.05810790653397531 0.07630355042954129
0 0.4229688889561828 0.3635191039113004 0.05178513192686936 0.07441350180902236
0 0.37442234284234294 0.6430970612836752 0.054982906533975306 0.07613977611928177
4 0.38936879259467394 0.545683150722797 0.05818068114108108 0.07786605042954128
1 0.4513422537195444 0.5543864433504222 0.05505568114108108 0.07770227611928178