9 0.63984375 0.8125 0.025 0.0515625
9 0.63359375 0.70390625 0.0265625 0.0453125
9 0.6328125 0.6140625 0.025 0.04375
9 0.63046875 0.51484375 0.02734375 0.04765625
9 0.628125 0.425 0.02578125 0.04296875
9 0.6265625 0.32578125 0.02578125 0.053125
9 0.63125 0.234375 0.025 0.05390625
9 0.62421875 0.14609375 0.025 0.0625
3 0.3625 0.14921875 0.02734375 0.0609375
3 0.36015625 0.246875 0.0296875 0.053125
3 0.3625 0.34375 0.02734375 0.04609375
3 0.3703125 0.428125 0.0296875 0.04140625
3 0.3609375 0.515625 0.02890625 0.04375
3 0.365625 0.6125 0.0296875 0.0453125
3 0.365625 0.71796875 0.0296875 0.0484375
3 0.35859375 0.8234375 0.03125 0.05390625
11 0.6859375 0.140625 0.0375 0.07578125
11 0.70078125 0.82421875 0.04375 0.0734375
5 0.29921875 0.15625 0.0421875 0.07265625
5 0.2953125 0.828125 0.04296875 0.06796875
8 0.70625 0.73203125 0.04921875 0.0546875
8 0.6953125 0.23359375 0.04765625 0.06953125
2 0.29375 0.71875 0.05078125 0.06171875
2 0.30078125 0.2453125 0.05 0.06640625
6 0.68984375 0.32265625 0.0375 0.0625
6 0.70234375 0.61796875 0.0375 0.05703125
0 0.30546875 0.334375 0.03984375 0.05546875
0 0.3015625 0.62421875 0.04296875 0.0546875
7 0.6921875 0.42109375 0.04609375 0.07265625
1 0.303125 0.41953125 0.053125 0.06875
4 0.2984375 0.52734375 0.05390625 0.059375
10 0.703125 0.525 0.05 0.059375