11 0.7956829509906761 0.38470478656114115 0.08870293507002244 0.06037497334499946
11 0.608797227045524 0.3329439339195037 0.07449488585581072 0.05708634134309047
6 0.7699124712545558 0.5530644352323683 0.08038101282028158 0.04934656667727229
6 0.39007295988201623 0.45352170528327507 0.061412688998963995 0.04444089067472703
8 0.5043302049196174 0.37246151460059396 0.07285961124870503 0.05550566000954502
8 0.7811517241500399 0.4419360312301411 0.086849336641599 0.05410679201145392
10 0.6078019613297583 0.3954893872533673 0.0776198858558109 0.05712270401018138
7 0.5113935341176186 0.3059370859325486 0.08132708271265762 0.06965906667727229
5 0.5946876852749103 0.44957745058882176 0.06780823821317572 0.04763861600890866
5 0.42699926343945405 0.2897222872772299 0.07285961124870503 0.05550566000954502
2 0.48108110359571 0.47747627860441194 0.07576628742738745 0.05085452267663584
2 0.5845528600058507 0.5005041512571854 0.08038101282028158 0.04934656667727211
0 0.49526772807898134 0.42962912460218483 0.06617296360606986 0.0460579346753633
0 0.7758863353987449 0.49671443789786834 0.08357878742738727 0.05094542934436319
4 0.6795186035957099 0.47516724924414044 0.08848461124870503 0.05568747334499946
1 0.6907792812221345 0.4148473672422314 0.09829625889134022 0.06517156134627218