9 0.8845015101296851 0.536266008646284 0.0652996683207995 0.028053571238402953
9 0.7966932950758733 0.5484770275479856 0.05585189371369363 0.026272865691319324
9 0.6971984092200625 0.49448181820118 0.04960189371369381 0.026127395326597202
9 0.4217125657540377 0.5744109332269094 0.0434246683207995 0.02754442496187508
9 0.3167489298982269 0.5205430104492359 0.043351893713693634 0.02598192496187508
9 0.22627378721799044 0.5930375659200693 0.055924668320799585 0.027835365691319502
3 0.18121588254604198 0.3140956015392707 0.057923815963434766 0.037246733282499986
3 0.28757504445670073 0.3139663553389928 0.05167381596343468 0.037101262917777864
3 0.39126297063538323 0.3068604105254858 0.04840326674922295 0.033903527735416716
3 0.5794415208830521 0.4010247185617704 0.04669521753501123 0.03074216014423605
3 0.8564320523145836 0.26944218455808955 0.05934076674922295 0.03415810087368056
11 0.8926993078961548 0.5947324720771521 0.08292381596343504 0.037828614741388836
11 0.5311089904849781 0.6227010032310412 0.057923815963434676 0.037246733282499986
5 0.5582278387085138 0.23102134308680505 0.05850601282028158 0.04974673328249999
5 0.16960198635114893 0.24945187329076374 0.07264128742738744 0.05163654160312507
8 0.674150399295265 0.3354704941129856 0.0705693651776464 0.0406626740119445
2 0.3864149588485589 0.35389906468579835 0.058578787427387445 0.05130923328249999
6 0.30044537965055784 0.42237826738309003 0.05628854135632881 0.0356478656913195
6 0.31497241418246114 0.5831521132227776 0.059413541356328814 0.035720600873680654
0 0.6776243097581818 0.39326481031739524 0.05934076674922295 0.03415810087368065
0 0.6855310090962279 0.44548127374826335 0.059195217535011224 0.031033100873680653
7 0.313722437341825 0.6402742822007289 0.07554796360606986 0.047021776785486226
1 0.38624367679785493 0.23267802811666635 0.06548375889134013 0.06551720364722229
4 0.8628854135632885 0.32403876558013817 0.09749573821317555 0.04909342306201401
10 0.7915841100058507 0.48915657893475634 0.08768409057054054 0.039500217514930644