9 0.38435300303722286 0.7246775299522489 0.03568423328249999 0.057450401451278846
9 0.26898388259625067 0.806894807627063 0.04375130642076393 0.06866071996293285
9 0.313128047205799 0.5199652373013103 0.0386273953265972 0.04974702885594055
9 0.33220143626413223 0.33164678176634743 0.040226262917777866 0.051364092558271415
9 0.4099250863403821 0.24448903294747376 0.03553876291777769 0.05120040145127884
9 0.3541634359797918 0.13306294882672284 0.042043336056041714 0.06235615626060227
3 0.5387703589448966 0.842041100826156 0.03582970364722229 0.06370040145127902
3 0.5685630424561464 0.643965699374877 0.033939895326597205 0.049583337748947895
3 0.5250474721676741 0.5547866374866447 0.030705792553055566 0.04478671034428618
3 0.43327558662472254 0.44149051851950355 0.030705792553055743 0.044786710344286364
3 0.5157938798433683 0.257993483040141 0.030851262917777688 0.05103671034428627
3 0.47331347948277785 0.14610360744957782 0.03568423328249999 0.057450401451278846
11 0.20546624325357707 0.7989483875714628 0.05832295269729171 0.09102679328391083
11 0.2939156137914584 0.09763636951529539 0.0645729526972918 0.09124504809323424
5 0.6369480601235769 0.5586978327699885 0.04832970364722229 0.0641369110699257
8 0.315423124712466 0.8201289284083029 0.055197952697291795 0.09091766587924895
8 0.39330259042444476 0.33655004737544403 0.0500376740119445 0.07044147477225655
2 0.41776164902941015 0.5475867510963084 0.04531380642076392 0.06871528366526398
2 0.34453582247267384 0.22331592659420427 0.0583229526972918 0.09102679328391083
6 0.23954703647222275 0.6171428268643567 0.05643314437666671 0.07690972958157989
6 0.6845627168493406 0.286502885039574 0.05792290919430556 0.07383929328391084
0 0.316505660712917 0.4299305143431522 0.04832970364722229 0.0641369110699257
7 0.242942833774931 0.5278893539061988 0.06907861474138902 0.08359623920022692
1 0.5941955560395142 0.4687102390305908 0.05152743882958344 0.0673710384745874
10 0.5875897186522924 0.8567558760538994 0.06337412860909737 0.10681548439090349