9 0.3721303112288994 0.86796875 0.045477636051661816 0.059375
9 0.3424535199252457 0.7609375 0.046903743731793845 0.0546875
9 0.3117825299543756 0.6734375 0.04198892319868044 0.046875
9 0.28083875534376934 0.5765625 0.046858279625171126 0.053125
9 0.2533382294795219 0.490625 0.04520485141192587 0.05
9 0.21917852665567028 0.390625 0.04855717194503919 0.0578125
9 0.18625471489804551 0.30625 0.04864810015828458 0.0609375
9 0.16174279671393 0.215625 0.050392456584775314 0.0671875
3 0.633541521178887 0.75 0.04079013605166182 0.059375
3 0.5932227465682807 0.653125 0.03743781551854841 0.0515625
3 0.5607164719576744 0.55625 0.03739235141192587 0.05
3 0.5329886255603136 0.4625 0.03573892319868044 0.046875
3 0.49705347406924555 0.38203125 0.03734688730530315 0.0484375
3 0.4742404482049981 0.29609375 0.03431281551854859 0.0515625
3 0.4442597800208826 0.20546875 0.03922763605166182 0.059375
3 0.41028193362352167 0.11171875 0.04092652837152997 0.0640625
11 0.10229124036658155 0.23984375 0.06973348997087014 0.0875
11 0.316925985681221 0.90390625 0.07285848997087019 0.0875
5 0.46920229255729495 0.09609375 0.05567098997087001 0.0875
5 0.6898680775262354 0.72578125 0.05356292069139794 0.06875
8 0.28080897776366226 0.8171875 0.07557431301126609 0.0734375
8 0.1229196406040084 0.33125 0.07910848997087014 0.0875
2 0.6564896247023838 0.62578125 0.05503449247815269 0.065625
2 0.49502665815498564 0.178125 0.056960705331134065 0.078125
6 0.15582072030832184 0.41484375 0.066199313011266 0.0734375
6 0.24407820440669722 0.709375 0.06610838479802066 0.0703125
0 0.6196140988381363 0.53984375 0.045386707838416564 0.05625
0 0.5202970942857899 0.26796875 0.04722199247815269 0.065625
7 0.1860059769722394 0.5125 0.08375052586424747 0.0859375
1 0.5491100675636125 0.3453125 0.06031302586424747 0.0859375
4 0.5872669486007094 0.4484375 0.05347199247815269 0.065625
10 0.210927072115959 0.6171875 0.08196070533113406 0.078125