9 0.817420902190749 0.282097522046952 0.06751713978475209 0.04406426051544958
9 0.729721849047596 0.289970897782121 0.05970463978475227 0.0436548247398008
9 0.6426049927612897 0.31034427351729 0.058142139784752266 0.04357293758467105
9 0.5444050872607716 0.32701943916655074 0.051819365177646404 0.04168288896415202
9 0.454616995242489 0.3402387341690251 0.04862159057054072 0.03995661465389251
9 0.3586516778313123 0.35469298055098053 0.05018409057054054 0.04003850180902226
9 0.2704988604201355 0.36955666270858467 0.05501713978475227 0.043409163274411536
9 0.16274201840185282 0.38183425542706695 0.058142139784752266 0.04357293758467105
3 0.8850066242738744 0.5451607660540582 0.060976041356328635 0.03748671189493056
3 0.7899317187733563 0.5619997060135784 0.05628854135632899 0.03724105042954129
3 0.6979090386657325 0.5774399202833582 0.053163541356328815 0.03707727611928178
3 0.6133713728261323 0.5862583203287868 0.053309090570540715 0.040202276119281774
3 0.5302699284504848 0.6091801639517801 0.04847604135632899 0.03683161465389269
3 0.43494031182509635 0.6205503539113003 0.051601041356328994 0.0369953889641522
3 0.33521429362813127 0.6379248824054313 0.05003854135632881 0.03691350180902227
3 0.23428964846669542 0.6630300237444325 0.056361315963434674 0.03880355042954129
11 0.8059161679065149 0.2191471426937383 0.08877570967712849 0.06544129353213642
11 0.13415894602827733 0.320326867367426 0.08735875889134018 0.06848440637700666
5 0.2512995200544827 0.7270482581406004 0.07925516046291677 0.06182497060135787
5 0.8910426085581087 0.6078245403643177 0.08379711124870504 0.05894563206674715
8 0.7134932274598087 0.22599360696351808 0.08430653349844608 0.06988313206674715
8 0.22436441501103072 0.2993360159425165 0.07344180810555186 0.07087242198083885
2 0.8066868792362731 0.6205491904097462 0.07449488585581072 0.06001680913596861
2 0.35415053825144777 0.7098375039567288 0.07151543507002263 0.0629780348257091
6 0.6279388711735024 0.2464488698538169 0.0698073858558109 0.05977114767057934
6 0.3358091832079958 0.2825756411118586 0.06504711124870503 0.05796298620519007
0 0.7190969880037787 0.6307663161449152 0.06475601282028158 0.05171298620519007
0 0.4410126834128835 0.6839953782215599 0.06148546360606986 0.048424211894930555
7 0.5287757791552199 0.25917684192551277 0.08608735731976366 0.0746525192218769
1 0.6387930578961549 0.6468206840781681 0.0825257096771285 0.0651137449116174
4 0.5354518881276132 0.6702404946844747 0.0698073858558109 0.05977114767057934
10 0.4270142260120666 0.266313233264514 0.07834763192686936 0.07580558344622812