9 0.20961199538114647 0.1865966637726856 0.07011392319868044 0.05007708271265772
9 0.3005779761808166 0.1940944865605459 0.06060253087881238 0.044952935070022536
9 0.38269780588513 0.27397673159814717 0.05265363855894432 0.03990156203449331
9 0.6831835391920826 0.2498113697302696 0.05122753087881229 0.044516287427387446
9 0.7724028150563301 0.3317098790358945 0.051091138558944496 0.03982878742738745
9 0.8849649995377817 0.2748348327171669 0.06064799498543536 0.04651543507002263
3 0.8377707169431096 0.5617933312694248 0.058858174452321776 0.038630160462916764
3 0.7330688450772127 0.5392890926419643 0.04934678213245362 0.03350601282028158
3 0.6316965616911178 0.5236705548002922 0.05256271034569906 0.03677656203449331
3 0.4723406305748785 0.39731787820732495 0.04934678213245362 0.03350601282028158
3 0.16596024993349298 0.46087322580717893 0.06354567445232169 0.038848484284234173
11 0.2187081990629279 0.12280599152294461 0.08775606426490726 0.06650260339082217
11 0.5886773697543258 0.17441757154951518 0.0641821719450391 0.06072348428423426
5 0.8309500671013941 0.6231310916085071 0.08109688730530315 0.05214900496239885
5 0.446577415610326 0.5604557330458892 0.06225595909205772 0.04815070967712849
8 0.36474709092057755 0.436750713401182 0.0747104949854351 0.0471704065339754
2 0.6483241205457487 0.47673989681857487 0.06855142319868043 0.05000430810555194
6 0.7542869640401156 0.43503608623182355 0.058949102665567035 0.04175516046291676
6 0.7938853584715548 0.26343075992930665 0.06886967194503928 0.06094180810555185
0 0.37335756129540637 0.383152678454994 0.06363660266556703 0.04197348428423435
0 0.38036006756361257 0.32806491811591176 0.0668979949854351 0.04680653349844599
7 0.8147685083132702 0.2014380281262717 0.09294366943775678 0.08390842721213972
1 0.6125123041692704 0.5902780119962212 0.07194920783841656 0.05952485731976367
4 0.17758206004176516 0.4032233916467791 0.09676735141192579 0.0544392510334573
10 0.28978288017916715 0.25327043341739275 0.09414245658477531 0.07148120181924558