9 0.14892346992363986 0.5588814246775347 0.06453521467218155 0.042116071238402955
9 0.26230526460059395 0.48048170811253443 0.05663180800445433 0.03412173328249999
9 0.42712064791536763 0.6133273096518052 0.04881930800445424 0.03393989532659738
9 0.6062263452419133 0.6591450366660412 0.048837489337999786 0.0355023953265972
9 0.7176274692473221 0.6167191876922216 0.05196248933799978 0.03557513050895835
9 0.8017201112349136 0.7061434039728812 0.06141021467218159 0.04204333605604162
3 0.20513929662636549 0.29201992657739567 0.059829533338636144 0.04044446846486114
3 0.40150521928709304 0.33118761008864545 0.050418170671545325 0.037101262917777864
3 0.46782910594368443 0.4038425536678815 0.045694308004454245 0.03386716014423623
3 0.5405751679265034 0.5286775930868052 0.04567612667090888 0.03230466014423605
3 0.7422376652610033 0.5153924238245132 0.05036362667090888 0.032413762917777686
3 0.8319535985837311 0.5914081035360409 0.058230670671545325 0.037283100873680655
11 0.1318354199156857 0.6178570343849304 0.0866283906747269 0.06137521751493065
11 0.8111218358927778 0.7707507646302076 0.10079997867599957 0.07107752583555574
5 0.5058023679583201 0.29517541527513846 0.06313634667409058 0.05614220364722229
8 0.15416550059677595 0.511116071903993 0.08809998400699967 0.05359908510611113
8 0.6256581452498675 0.6001148755718745 0.0676965773392725 0.04531380642076392
2 0.4408478879296851 0.5075676189223607 0.05826703333863605 0.04040810087368065
2 0.7137388532384135 0.6824169228745827 0.08809998400699967 0.05359908510611113
6 0.7770410212842295 0.3435349544097216 0.06784202800763595 0.057813806420763926
6 0.3126945212444586 0.6472321438079859 0.06620680267345422 0.05152743882958344
0 0.5119496339115496 0.6394702759324649 0.059902258672817864 0.04669446846486114
7 0.3959519165738679 0.6741927276798261 0.0773079346753633 0.0658445119678472
1 0.5752785266152296 0.3654138736720134 0.06944089067472703 0.0609751740119445
10 0.2127614399665924 0.24107502241708315 0.10394316000954502 0.07271276101791671