11 0.2514683197629598 0.7956200679635002 0.08576043758467104 0.059141876223535304
11 0.44821716700399783 0.8149678126060225 0.06832727611928177 0.0538541754978958
6 0.2404069097679086 0.6143155042611692 0.0831334045679843 0.03877481252120454
6 0.6348938941640764 0.6421280572485448 0.06282090456798421 0.038065484390903494
8 0.547984793643678 0.754506516959859 0.06051477611928178 0.0535813569862416
8 0.2529212771353346 0.7340650090704927 0.08387038896415203 0.052837312521204535
10 0.4363069872212429 0.7513864622432027 0.07342421189493056 0.061830366604888456
7 0.5556578527796466 0.8265179262156861 0.07243492198083885 0.07271330290255769
5 0.6412678041591275 0.8232689298438831 0.06684666327441154 0.05536211179556503
5 0.4361974445936177 0.6897768396478645 0.06174972749876275 0.04738592068857237
2 0.4362926198538169 0.6320734670525262 0.07244156603337366 0.043080366604888454
2 0.5419251441640764 0.6388815169598591 0.07104284034363317 0.046150802902557686
0 0.24512206524040403 0.6745263179635002 0.08962906603337348 0.04368056733052796
0 0.5406392831282284 0.6887451077040319 0.06610967887824373 0.04129961179556503
4 0.34606708955066356 0.6811706767638404 0.09184666327441153 0.05623513103285873
1 0.3495882372212429 0.7483581767638403 0.09250176051544959 0.06873513103285873