11 0.6277763479269798 0.7676815669601078 0.04556837955902786 0.07888865909060953
11 0.6304980383720837 0.5826480478853843 0.04513196846486114 0.06013865909060954
8 0.7001727991056601 0.48937138067709995 0.05937630642076393 0.0681966209411625
8 0.6847894141313896 0.7678958011317951 0.051782011967847194 0.07743525324641087
6 0.7961269576343757 0.7870197223972694 0.05806837955902786 0.07910684740221222
6 0.808946427430417 0.3983390519425741 0.06090243882958326 0.06666139448011296
10 0.6940156777147575 0.593908876212873 0.06097517401194459 0.06978639448011296
7 0.6367824463321184 0.48357930234961116 0.05316267401194459 0.06965002678536117
5 0.6418680302039587 0.40010828327488773 0.04683993882958326 0.06641593262955983
5 0.7463594277147575 0.5948225397677095 0.056251306420763925 0.06814207386326192
0 0.7390229724520145 0.7828992382255819 0.053344511967847195 0.07746252678536117
0 0.7549512180836115 0.49423220454036176 0.05450696846486114 0.06030230032431163
2 0.8018463615103478 0.5965720004004466 0.06268314437666689 0.07606366801906325
4 0.7515937480032298 0.6855020868456101 0.06758884992375017 0.0855204886359143
1 0.6896749762517367 0.6758310320570716 0.06148432028847228 0.09166139448011279
2 0.8096023504924311 0.49362427840362366 0.06090243882958361 0.0666613944801128