11 0.2651432330458892 0.43798469945863927 0.07035104135632882 0.03637542069139812
11 0.45146172270680707 0.45201141020004976 0.05628854135632899 0.03596624373179384
8 0.27081534429459425 0.3833881276718847 0.07369436517764641 0.041153848904643374
8 0.5519925696874883 0.39313416686396724 0.05694351282028158 0.05002874373179385
6 0.6569412429706867 0.2897938696878189 0.060141287427387446 0.05168217194503928
6 0.26746136600621595 0.2706380750854599 0.06624573821317573 0.04873902837152997
10 0.4481227069910413 0.38932955377355893 0.06631851282028159 0.05030152837152997
7 0.548336722706807 0.45483018481065596 0.06282963978475245 0.04239810015828453
5 0.631930472706807 0.45726251451496935 0.05948631596343468 0.0376196719450391
5 0.45446690632908754 0.33709946404011565 0.06461046360606985 0.04713106426490725
0 0.2664039801504051 0.32693353919208257 0.07554796360606986 0.047449313011266
0 0.5507425928468521 0.3359892565974106 0.06148546360606986 0.04704013605166191
2 0.4601390175777925 0.282502892253361 0.07896406203449331 0.05379024122451135
2 0.5632640175777925 0.28550352329045803 0.06631851282028159 0.05030152837152997
4 0.3649870293646168 0.3266727779093115 0.07910961124870504 0.056915241224511345
1 0.36605506968748835 0.3877239381758682 0.08201628742738745 0.05231866943775678