11 0.3550991176163788 0.6637748827179977 0.06397321996293304 0.042914753341817755
11 0.3285961266020535 0.7736675033815887 0.06742560217691818 0.052326116008908664
6 0.6145385718853973 0.8887588907542687 0.06479167549789597 0.06635225334181775
6 0.6496030857652134 0.667983314091314 0.06391865626060227 0.04135225334181776
8 0.4367335196158118 0.8327617873965426 0.07222222958158006 0.05550566000954475
8 0.4524825491047245 0.6727237160645879 0.059613102176918176 0.05223520934118149
10 0.43864324919739184 0.7780742873965426 0.06953373920022692 0.06796929734245402
7 0.32940216925299215 0.8401101160486796 0.06668155771188111 0.0757454346753633
5 0.32563976299238984 0.8807078440483614 0.04716766587924912 0.053652258672817865
5 0.533256344750888 0.7768305080760419 0.06117560217691818 0.052253390674726855
2 0.6218352059134811 0.8364787754216778 0.07076885698624161 0.05861247867599957
2 0.6268699354950609 0.7818276380887687 0.06586310217691818 0.0523079346753633
0 0.5328545514669772 0.8330986894095874 0.05837798439090332 0.06159202800763595
0 0.5472866176163789 0.6660111867440873 0.06397321996293322 0.042914753341817755
4 0.5481745058208137 0.7301100494111783 0.06931548439090349 0.06171929734245403
1 0.43879950582081373 0.728837356062997 0.06926092068857237 0.06015679734245403