11 0.7550439647794093 0.6057428806668457 0.08621021077238851 0.04737496974937905
11 0.5650274979568966 0.6365348592950191 0.06431703005422928 0.044122704722264317
6 0.7442887928418488 0.44018605835994273 0.07836134933607006 0.041079517953980904
6 0.35805131099222137 0.49399387705260833 0.05958407825883123 0.0362829336450254
8 0.46297918462698406 0.5863490278147341 0.06744203005422929 0.044140885440423536
8 0.7467774677062755 0.5495428776417836 0.08148634933607006 0.04109769867214012
10 0.5669581574996211 0.5732445189359395 0.06744203005422929 0.044140885440423536
7 0.46729397990471977 0.6503842567374953 0.07377384328594587 0.05823974687674216
5 0.38211045882748096 0.6555671813073344 0.06588862041330898 0.04569429508134384
5 0.5602405248878679 0.5193791755517978 0.06428975897699055 0.03943520472226432
2 0.5527189163784156 0.4694246273471959 0.07210225897699055 0.039480656517662284
2 0.4526689194034777 0.4786001603282914 0.06589771077238851 0.04725679508134384
0 0.7439706302740621 0.49487355835994273 0.07837043969514959 0.042642017953980905
0 0.4601950730924697 0.5277734585328934 0.061164758976990544 0.03941702400410509
4 0.6478223381195845 0.5048076154433392 0.08150453005422928 0.044222698672140126
1 0.6498115641154794 0.5657314799047197 0.09404998184962743 0.05210792154477702