11 0.371875 0.2515625 0.0390625 0.07421875
11 0.378125 0.43671875 0.04140625 0.05703125
8 0.31328125 0.5359375 0.05234375 0.0640625
8 0.315625 0.25625 0.0453125 0.0734375
6 0.203125 0.246875 0.0515625 0.07421875
6 0.20859375 0.6359375 0.0546875 0.06328125
10 0.3140625 0.43046875 0.0546875 0.065625
7 0.3765625 0.5359375 0.04609375 0.06484375
5 0.375 0.6203125 0.04140625 0.06328125
5 0.26171875 0.434375 0.05078125 0.0640625
0 0.2609375 0.24609375 0.04609375 0.0734375
0 0.2578125 0.5359375 0.04921875 0.05625
2 0.20703125 0.4375 0.05546875 0.071875
4 0.25234375 0.34453125 0.0609375 0.0796875
1 0.31484375 0.3484375 0.05390625 0.08671875
2 0.20390625 0.54140625 0.0546875 0.06328125