9 0.736421165610326 0.6097874017475172 0.04769335391920819 0.030035009885831698
9 0.8395210850480828 0.6935814230020555 0.05720474623907634 0.03510451186299814
9 0.640287963182186 0.6581519644853678 0.046130853919208195 0.02997134288963732
9 0.35398909883813634 0.5536276546760858 0.04769335391920828 0.030035009885831698
9 0.2641286284633074 0.6030281353987139 0.05407974623907634 0.03497717787060921
9 0.17461148739708068 0.5837741166156335 0.06198317445232169 0.03842051285158128
3 0.15810698284473418 0.3115489481365644 0.0603297462390763 0.0352318458553869
3 0.4536959306540208 0.4671728429268184 0.04769335391920819 0.030035009885831698
3 0.626953922736462 0.38761662999868746 0.049483174452321775 0.037911176882026165
3 0.7303971714828208 0.4027561517475172 0.049528638558944314 0.03947367688202626
3 0.8359795817493776 0.41095992399063874 0.06368206677218993 0.04317167984777566
11 0.17328231960867657 0.6453655326232448 0.08109688730530315 0.051684516805913995
11 0.5401121184341776 0.7016698597327323 0.06069345909205772 0.0477318458553869
5 0.44791362892552583 0.2952660094287212 0.0671707796251713 0.05579901384016441
5 0.8348740713245363 0.34614800748873586 0.07351170783841639 0.059178681824942014
8 0.3509142599626228 0.39431632167228015 0.07154003087881237 0.045052514828747545
2 0.6384740959351424 0.4349054654739509 0.06087531551854859 0.05398184585538672
6 0.7382671589464085 0.5123221527361005 0.06515363855894432 0.04011034684397004
6 0.7500494080884786 0.6758899042189752 0.06529003087881229 0.044797846843970035
0 0.3564799498543507 0.4515067391627661 0.06359113855894431 0.04004667984777566
0 0.35722174742621055 0.5038186556646689 0.06359113855894431 0.04004667984777566
7 0.7627827403000745 0.738054323192336 0.0923071719450391 0.06150518577927464
1 0.6208881276718847 0.31323871250820146 0.06909699247815268 0.0683626808363588
4 0.16291415478977336 0.3694887821289532 0.0999378155185485 0.05557352076024671
10 0.26074756419840023 0.5404644684025195 0.08886392319868044 0.050440351786885884