9 0.41865701885744244 0.8618577212590651 0.04974001482874755 0.07249573821317554
9 0.39799966756484806 0.7775019919372295 0.03829317885919244 0.05948631596343468
9 0.3857132317855734 0.6872772522763115 0.038229511862998146 0.057923815963434676
9 0.3652004605310351 0.587260135650923 0.03622134288963732 0.04691354135632899
9 0.3475089417479548 0.49885260711487583 0.0378475098858317 0.048548815963434674
9 0.3270598374896109 0.4003979904894873 0.0362850098858317 0.04847604135632881
9 0.31174390220462783 0.31266255004278126 0.03803851087441492 0.05323631596343468
9 0.2854758794672148 0.20586889454226326 0.03660334486680368 0.05628854135632881
3 0.6812551779449715 0.813621312658175 0.036794345855386726 0.060976041356328635
3 0.6631498236866276 0.7150575341221277 0.038229511862998146 0.057923815963434676
3 0.6452673039149641 0.6219625055860805 0.03328734387822045 0.05145549214211709
3 0.623111119618564 0.5392420508713508 0.0347225098858317 0.04840326674922295
3 0.6164207678316782 0.45188760008556256 0.03147017589344294 0.045132717535011226
3 0.5946319980600147 0.3589745080672798 0.0331600098858317 0.048330492142117175
3 0.5754907258168933 0.2541971168347855 0.0362850098858317 0.04847604135632881
3 0.5611006205699662 0.15076390178097354 0.038165844866803765 0.05636131596343472
11 0.3591056053212891 0.8795032936326403 0.0581891847906915 0.08848461124870503
11 0.22131787897292324 0.2065089034336034 0.059497016805913995 0.0823073858558109
5 0.6238407011023138 0.13453528019318634 0.052992348821136306 0.07576628742738745
5 0.7414923409868331 0.7935956029810466 0.053183349809719616 0.08045378742738726
8 0.3343191695420144 0.7898607508285694 0.06750051779449713 0.08735875889134022
8 0.23213731524648953 0.299150167701627 0.06348417984777566 0.06533820967712849
2 0.6446081403416297 0.24080239681857485 0.05723417984777566 0.06504711124870503
2 0.7223338226980444 0.7076045990521052 0.05930601581733086 0.0776198858558109
6 0.32281398376273973 0.6995996238640988 0.05117518083635879 0.06944351282028158
6 0.25547133897248575 0.41077687241635674 0.05092051285158128 0.06319351282028159
0 0.6539287436113904 0.33507893569370434 0.04766817885919252 0.05992296360606986
0 0.7015491374130612 0.6201238697302696 0.04798651384016441 0.06773546360606986
7 0.30092971349678466 0.6043427818458161 0.065747016805914 0.08259848428423418
10 0.27257260874414924 0.5039082882559569 0.06680018083635879 0.07017125889134021
4 0.6742505138773455 0.43040855231909275 0.057425180836358794 0.06973461124870503
1 0.688704286120467 0.5354042673729047 0.05936968281352506 0.0791823858558109