9 0.7559605284039093 0.85546875 0.04256929508134384 0.065625
9 0.6549752662054651 0.75625 0.03470225292686635 0.05625
9 0.7756337207313375 0.5625 0.04090680113146803 0.0484375
9 0.8017609252572102 0.36875 0.042478391490547905 0.05
9 0.741400663058766 0.26953125 0.03777271077238851 0.046875
9 0.823241536398941 0.16796875 0.042542024004104916 0.0609375
3 0.47396563984022777 0.84921875 0.026898843285945873 0.0578125
3 0.4860712509819587 0.6484375 0.025263620413308985 0.0453125
3 0.5498388351927183 0.56484375 0.026807939695149587 0.0421875
3 0.6683757326351942 0.4671875 0.03151362041330898 0.0453125
3 0.6273336178792261 0.2703125 0.026826120413308986 0.0453125
3 0.6967017622966402 0.1640625 0.033139752926866176 0.05625
11 0.8913375514260558 0.14609375 0.06144656010845857 0.0875
11 0.8207997332243695 0.85625 0.059874969749379045 0.0859375
5 0.44131780806535514 0.55234375 0.03626475292686635 0.05625
8 0.707482121788051 0.8625 0.05517837939029935 0.084375
8 0.7369308107958297 0.36640625 0.05038179508134384 0.065625
2 0.6614984978587006 0.575 0.04251475292686617 0.05625
2 0.8133347503927834 0.259375 0.05361587939029917 0.084375
6 0.4577478257247485 0.2796875 0.0362829336450254 0.059375
6 0.8288991004162245 0.67265625 0.05505111436318444 0.0625
0 0.7941297115579553 0.471875 0.05189884328594587 0.0578125
1 0.5035047115579554 0.471875 0.036319295081344016 0.065625
10 0.42627302840390924 0.85546875 0.04278746369925486 0.103125
7 0.8489712267814618 0.5796875 0.07543633723582169 0.075