9 0.45859375 0.1375 0.02265625 0.06015625
9 0.465625 0.2265625 0.0234375 0.05234375
9 0.40703125 0.31953125 0.02421875 0.0484375
9 0.46796875 0.596875 0.02421875 0.0453125
9 0.40703125 0.7 0.0265625 0.04453125
9 0.471875 0.78984375 0.02421875 0.05
3 0.18828125 0.14296875 0.03671875 0.05703125
3 0.3015625 0.42734375 0.03203125 0.0421875
3 0.19453125 0.60859375 0.04140625 0.0390625
3 0.19609375 0.71484375 0.0375 0.0421875
3 0.1890625 0.81875 0.0390625 0.05546875
11 0.51875 0.49296875 0.028125 0.05
11 0.5140625 0.1328125 0.028125 0.07578125
5 0.1296875 0.43671875 0.0546875 0.05546875
5 0.12578125 0.82421875 0.0546875 0.065625
8 0.24140625 0.32890625 0.046875 0.065625
2 0.24140625 0.61875 0.05625 0.0515625
6 0.3015625 0.709375 0.04375 0.05390625
6 0.46875 0.703125 0.0296875 0.05390625
0 0.29765625 0.328125 0.04140625 0.0609375
0 0.3546875 0.32578125 0.03828125 0.0609375
7 0.51953125 0.70390625 0.03359375 0.0671875
1 0.11875 0.60859375 0.0734375 0.0625
4 0.24140625 0.1421875 0.05546875 0.09375
10 0.40390625 0.225 0.03984375 0.0859375