11 0.28970415852871556 0.28621771987811506 0.054797909194305564 0.07373016587924912
11 0.39582687195958355 0.27703863811961693 0.046912674011944586 0.07033234736759483
8 0.44829986815986145 0.3815425996450295 0.040699041603125076 0.0716765925582715
8 0.2880890667730906 0.38479162913394227 0.05636040919430565 0.07378472958157989
6 0.2667810304882991 0.5778794302224014 0.05926720364722229 0.0645188569862416
6 0.4940702291015283 0.5675966615332618 0.03568423328249999 0.057450401451278846
10 0.3856543977951392 0.37747514773826374 0.05323540919430556 0.07367560217691818
7 0.452821754368403 0.2734845629845407 0.048984320288472286 0.09226191106992569
5 0.49995132750666693 0.282785151914615 0.03768314437666671 0.0762549651536097
5 0.38394838706156287 0.47214280699409084 0.04513196846486114 0.060902783665263985
0 0.27386487224392403 0.4791145480084163 0.05614220364722229 0.06440972958158006
0 0.4420518277910073 0.4826239500078492 0.03884560087368065 0.059122028855940555
2 0.37988044253239633 0.5661110618034144 0.04981946846486114 0.06106647477225664
2 0.4417264791015283 0.5694245455613455 0.03746493882958326 0.06687996515360979
4 0.3310961439954171 0.48571672287334 0.05937630642076393 0.0692063569862416
1 0.3371623464083684 0.37682287251052027 0.05970361474138901 0.08326885698624169