11 0.44609375 0.27890625 0.03515625 0.07265625
11 0.45078125 0.4671875 0.034375 0.0609375
8 0.38828125 0.5625 0.0484375 0.0625
8 0.390625 0.28125 0.0390625 0.07265625
6 0.27734375 0.2703125 0.04609375 0.071875
6 0.2828125 0.66171875 0.04765625 0.0609375
10 0.38984375 0.459375 0.046875 0.06484375
7 0.45 0.5640625 0.03828125 0.065625
5 0.3375 0.46328125 0.04296875 0.06328125
5 0.44921875 0.64609375 0.03515625 0.06328125
0 0.33359375 0.27265625 0.04140625 0.06875
0 0.33203125 0.56015625 0.04140625 0.0625
2 0.28359375 0.46328125 0.0484375 0.06875
2 0.27890625 0.56484375 0.05078125 0.0578125
4 0.3296875 0.37265625 0.05 0.0765625
1 0.3921875 0.37734375 0.04375 0.07890625