11 0.22738111160896707 0.27450895979613205 0.05139095048646727 0.08143353847458741
11 0.10690497037526499 0.2796825547166562 0.06553527110331836 0.08661211179556512
8 0.23420208157719494 0.3763715601589518 0.06219208279171564 0.07400298439090332
8 0.06021911079818813 0.4015649892002268 0.07016822402541767 0.08365080290255769
6 0.02895922544839986 0.6083407788559405 0.05791845089679972 0.06462798439090349
6 0.276064478899977 0.5756101575265467 0.046348894480112965 0.06095734736759475
10 0.11994866680454255 0.38332590988879933 0.0780625446422687 0.08861112141421197
7 0.04252664488715001 0.2843675655164294 0.08505328977430002 0.10936013103285873
5 0.13691225000329527 0.4863244243167696 0.062082988635914306 0.06775298439090349
5 0.01648629626712178 0.30221726442797026 0.03297259253424356 0.08568452885594055
0 0.26063612216227383 0.47422870680090723 0.048075035713814974 0.0703869110699257
0 0.07478439691904018 0.5076066580747007 0.07461026217486462 0.06975199400955016
2 0.08172809781254461 0.6024380084375205 0.07639095048646735 0.08230655771188111
2 0.14604969643257285 0.5898313702330856 0.06534435633066597 0.07567461179556503
4 0.19161338677277046 0.48745290389834955 0.07321140340856665 0.0790724303072194
1 0.1740185580382446 0.3758333576192139 0.07844437418757347 0.11048612141421188