11 0.7608985585842619 0.725 0.08599768415851479 0.0546875
11 0.564547203350825 0.75625 0.07037268415851479 0.0546875
8 0.7526835111586282 0.66484375 0.08241765785015538 0.046875
8 0.46221813487850383 0.70234375 0.06384966837349922 0.05
6 0.755557153153181 0.5484375 0.07396812101845249 0.0359375
6 0.36197448214884587 0.59921875 0.05999662628012441 0.0375
10 0.5714489217102068 0.69140625 0.0785492052052021 0.0609375
7 0.4596398954724347 0.7734375 0.0808397472985769 0.0734375
5 0.37278463757992697 0.77578125 0.07349768415851479 0.0546875
5 0.5639241190229012 0.6328125 0.06661064732681173 0.04375
0 0.4620431006070497 0.63828125 0.06330363680346807 0.040625
0 0.7553149584713226 0.60625 0.08379814732681172 0.04375
2 0.5593423058122517 0.57734375 0.08710515785015538 0.046875
2 0.45631601634971286 0.5890625 0.07000866311182748 0.0484375
4 0.6578029216396196 0.6171875 0.09224768415851478 0.0546875
1 0.657841448018566 0.68359375 0.09766322625188942 0.0671875