11 0.40421338143340285 0.7125799387045937 0.044213608313060426 0.080960494985435
11 0.4312520835233885 0.5250428347853854 0.040997704722264314 0.06524456677218975
8 0.45737019769018145 0.7165029090794224 0.042642017953980725 0.07935253087881229
8 0.5073373396717086 0.440783843560874 0.04566702400410509 0.06225595909205772
6 0.5630253000513136 0.7454653318823915 0.04572156615858276 0.07163095909205772
6 0.6264367976154267 0.3630870894042389 0.04408634328594587 0.0590854949854351
10 0.4868299178323439 0.5421788590002802 0.042569295081344015 0.0668525308788123
7 0.4502151860809124 0.42681828345260187 0.04573065651766246 0.07319345909205772
5 0.5407770744482022 0.5476415973217976 0.0441045240041051 0.062210494985435
5 0.46536748740877226 0.34511364238637504 0.040997704722264314 0.06524456677218975
0 0.5090508723582164 0.735315093560874 0.04261474687674216 0.0746650308788123
0 0.5597538125443455 0.45176079598901425 0.040979524004105095 0.06211956677218957
2 0.5916083214231401 0.5547577638565606 0.050463608313060605 0.08114235141192587
2 0.6144731288011241 0.4556383022572204 0.056704517953980904 0.07976170783841638
4 0.52958556527482 0.6386075781214678 0.05049087939029935 0.08582985141192587
1 0.4716821616840239 0.624664750066507 0.04894656010845857 0.08890938730530315