9 0.768563966529028 0.8185950779270422 0.035596663274411536 0.05369774431795697
9 0.6898038014455942 0.7183144342577081 0.032144114653892684 0.047393197240056396
9 0.74784427351729 0.6172098559302195 0.03526911465389269 0.047447744317957154
9 0.724695621324155 0.4291604310112973 0.030417840343633172 0.044240923701106286
9 0.6091547512431954 0.23881389489044533 0.029346663274411534 0.05358865016215582
9 0.7064624412027156 0.14093372808919802 0.03608798620519007 0.06307274431795715
3 0.4331068283578454 0.14726909740550753 0.027947937584671047 0.056686376623205435
3 0.44597307779201856 0.34800943709708204 0.025812227498762753 0.04572160308425506
3 0.5080846534363305 0.4290315661559195 0.024004066033373662 0.04100682954530477
3 0.6226594877870697 0.5263411684293956 0.027292840343633173 0.04418637662320535
3 0.5813328821782887 0.7225536952147569 0.025730340343632994 0.04415910308425506
3 0.6492374344168523 0.8245877536567432 0.02918288896415202 0.050463650162155815
11 0.8362394674335392 0.8416547025216528 0.05886374491161739 0.08064207386326175
11 0.770443054047586 0.13825301299223408 0.0496525192218769 0.08360343262955987
5 0.3987063314100632 0.4457981006519184 0.041928550429541286 0.05536933847375849
8 0.6583148682719372 0.13239057102718338 0.049734406377006476 0.08516593262955988
8 0.6848086849826792 0.6230019342577082 0.042010437584671045 0.05693183847375849
2 0.6164327419709412 0.42244855519887087 0.039049211894930734 0.06000229139585791
2 0.7563738257558537 0.7202803088523189 0.05326884215265544 0.09303297970746058
6 0.4114740835577697 0.7192628741908688 0.041928550429541286 0.05536933847375849
6 0.7752544640426372 0.3195848336090851 0.04686171189493056 0.06013865909060954
0 0.7410819391665507 0.5180183794691698 0.04357293758467122 0.05695911201270896
7 0.7924629754625979 0.40921039529748243 0.06462242198083885 0.07137616801906325
1 0.45995476989924533 0.525271366480231 0.04529921189493056 0.06011138555165925
10 0.3828202233148913 0.1426731006519184 0.05055327792830413 0.10079093262955988