9 0.41543948040395867 0.140625 0.02516513605166182 0.059375
9 0.40662075837977724 0.22890625 0.02654577962517113 0.053125
9 0.40713157224897306 0.31875 0.024983279625171127 0.053125
9 0.4026366373718101 0.41953125 0.02305706677218975 0.040625
9 0.3985054153476287 0.5078125 0.024710494985435004 0.04375
9 0.3925616407370224 0.6046875 0.024710494985435094 0.04375
9 0.3899929187128409 0.69296875 0.026363923198680438 0.046875
9 0.3813871453558759 0.80078125 0.024892351411925785 0.05
3 0.660483611969781 0.82109375 0.03592077962517113 0.053125
3 0.6557854032734347 0.7140625 0.032522994985435004 0.04375
3 0.6596354804704656 0.60859375 0.032522994985435004 0.04375
3 0.6670962909744492 0.51328125 0.03238660266556703 0.0390625
3 0.6610939950519421 0.42421875 0.032522994985435004 0.04375
3 0.6698445209161895 0.33828125 0.032522994985435004 0.04375
3 0.6741348673135504 0.24453125 0.03435827962517113 0.053125
3 0.6770218380840907 0.1453125 0.029761707838416383 0.05625
11 0.3562008727238267 0.1359375 0.03664820533113407 0.078125
11 0.3209126466095172 0.81171875 0.04124477711788863 0.075
5 0.7407433572844205 0.15703125 0.04593227711788863 0.075
5 0.7252364337565357 0.82421875 0.050483384798020656 0.0703125
8 0.3197115109535667 0.71875 0.04382420783841656 0.05625
8 0.3457287224863999 0.22734375 0.04749477711788872 0.075
2 0.7359445455267958 0.24140625 0.05498902837152997 0.0640625
2 0.7306490109535667 0.71875 0.061011707838416564 0.05625
6 0.3478475004622184 0.315625 0.034721992478152684 0.065625
6 0.3260644625237771 0.6078125 0.03619356426490725 0.0625
0 0.727816145289369 0.3328125 0.04538670783841638 0.05625
0 0.7232888035108616 0.62265625 0.04529577962517113 0.053125
7 0.3426849758516122 0.4125 0.04262542069139794 0.06875
10 0.32955082686782655 0.51484375 0.045523100158284535 0.0609375
4 0.7315535960681565 0.5265625 0.05802310015828453 0.0609375
1 0.7300485835317442 0.4171875 0.058341348904643195 0.071875