9 0.1644069865605459 0.2862349447899323 0.06580909057054059 0.04048375889134013
9 0.2531056135250166 0.28989929218489835 0.05955909057054054 0.040192660462916766
9 0.3420032936326405 0.30602725227631156 0.05955909057054054 0.040192660462916766
9 0.4412027729544761 0.3185571774215367 0.04840326674922295 0.03499573821317572
9 0.5264853014905233 0.32861707403071455 0.05003854135632881 0.03663101282028158
9 0.6273200554194647 0.33951172456883383 0.050111315963434676 0.038193512820281585
9 0.714165083955512 0.3494988465709058 0.05479881596343468 0.038411836641599174
9 0.8213226124915594 0.3585398986806016 0.05955909057054036 0.040192660462916766
3 0.10861278908452647 0.5468663837888963 0.059413541356328856 0.03706766046291676
3 0.20461449379925617 0.5611043581483331 0.05955909057054054 0.040192660462916766
3 0.29763674772819765 0.5723628817219817 0.051601041356328814 0.036703787427387446
3 0.3816478746926683 0.5762455529382653 0.04840326674922295 0.03499573821317572
3 0.4648948682825275 0.5965344741545491 0.04684076674922295 0.034922963606069855
3 0.5611876714256807 0.604522448513986 0.04847604135632899 0.03655823821317572
3 0.6626945134439634 0.6177244617485522 0.05323631596343468 0.03833906203449331
3 0.7638738697302696 0.6379577249831186 0.05955909057054072 0.040192660462916766
11 0.17434922084478016 0.22340745905795592 0.08528683664159913 0.0569820541766104
11 0.8490880475615817 0.29800050496690794 0.08386988585581108 0.06003427956950462
5 0.10097791749673926 0.6103659576102138 0.08372433664159917 0.056909279569504534
5 0.7522599735353765 0.7032017353222008 0.07442211124870504 0.058035131926869356
8 0.27004271050569795 0.22752557072094567 0.08245293507002263 0.06308650496239868
8 0.760971617453958 0.2818361575719418 0.07307793507002244 0.06264985731976358
2 0.18629683333633945 0.6196446042193917 0.07925516046291677 0.06137845574818694
2 0.6476645188206469 0.6893640213018462 0.06682793507002245 0.06235875889134022
6 0.3542528906133218 0.24387185463367644 0.07115156203449331 0.05476458271265772
6 0.6461471381321224 0.2700339784977753 0.06795378742738745 0.05305653349844608
0 0.2764487983901514 0.6255799270072518 0.06937073821317571 0.05000430810555194
0 0.5589851625343405 0.6685485612104329 0.058360463606069855 0.0479323858558109
1 0.3583880031048811 0.6404728728306415 0.08096320967712849 0.06457623035529281
4 0.4620202713018461 0.658253224154549 0.07627570967712849 0.0643579065339754
7 0.45047291914936916 0.2534223289931133 0.08259848428423418 0.06621150496239876
10 0.5547601588102868 0.25714018031702085 0.07322348428423435 0.06577485731976358