11 0.46875 0.271875 0.03125 0.07109375
11 0.47265625 0.4609375 0.0328125 0.06171875
6 0.3015625 0.26171875 0.04375 0.075
6 0.30390625 0.65078125 0.04609375 0.06015625
8 0.4140625 0.27421875 0.03671875 0.07421875
8 0.41015625 0.55390625 0.0453125 0.0546875
10 0.41328125 0.45 0.0421875 0.065625
7 0.471875 0.55703125 0.0359375 0.0609375
5 0.359375 0.45234375 0.040625 0.05703125
5 0.4703125 0.64140625 0.03359375 0.05859375
2 0.30546875 0.4546875 0.0453125 0.06796875
2 0.30234375 0.55625 0.04609375 0.06171875
0 0.3578125 0.265625 0.04140625 0.0765625
0 0.35546875 0.55390625 0.0390625 0.0609375
4 0.353125 0.365625 0.046875 0.07421875
1 0.4140625 0.36796875 0.04453125 0.08515625