9 0.8731614959420936 0.406123913756527 0.06602498933799979 0.03590243882958326
9 0.790039913271821 0.4346138960890965 0.05661362667090906 0.03255923328249999
9 0.6802836526098208 0.4028028112673258 0.050345445337363515 0.030851262917777865
9 0.4272939179265034 0.5313142434473954 0.04880112667090888 0.032377395326597204
9 0.3112694759309577 0.5012111289903469 0.04563976400381797 0.029179660144236053
9 0.2454802965865946 0.58397038402434 0.05038180800445433 0.03397626291777769
3 0.12036430728836571 0.32835877650114575 0.06308180267345423 0.05145470364722229
3 0.22526089262413834 0.30795339789204845 0.0536340773392725 0.044986498100138925
3 0.3279046346276382 0.27979007066972195 0.05205339600572696 0.04338763050895835
3 0.5397228346196841 0.33343782826916624 0.04885567067154532 0.03706489532659729
3 0.7776966439767738 0.15294632200090214 0.058321577339272325 0.04509560087368061
11 0.8975615119350939 0.45710453229763814 0.08172271467218159 0.04251611474138901
11 0.5488961979233217 0.551915071335312 0.05824885200509069 0.03884560087368065
5 0.09295746996341077 0.26729464314239576 0.07883407200827235 0.06275587955902787
5 0.4736449433084102 0.17251981848552042 0.05848520934118149 0.059158100873680654
8 0.6140966732972745 0.25125980148368005 0.07249316534054522 0.05479790919430565
6 0.26706603727722983 0.4069532891345832 0.0598840773392725 0.04513196846486114
6 0.32856551658977623 0.5586054016917705 0.05826703333863605 0.04040810087368065
0 0.6337728266231839 0.30547452279833276 0.0677329400063634 0.048438806420763925
0 0.6558290926161842 0.35650969272621474 0.06769657733927233 0.04531380642076392
7 0.3459615545830948 0.6074059243931942 0.0708579400063634 0.048511541603125076
1 0.3061119979710468 0.20609865074184003 0.07278406667727229 0.07979790919430556
4 0.7989716599697742 0.20399967572437433 0.09923747867599957 0.07104115824437507
10 0.770381941279457 0.37883667477444377 0.0958943026734543 0.05221842306201392
2 0.3351626039545021 0.32726448271381914 0.05999316534054513 0.05450696846486114