9 0.23515625 0.1513556170727441 0.065625 0.051111513840164415
9 0.28984375 0.27490852220594036 0.0578125 0.03985567885919252
9 0.51484375 0.221990474753948 0.05 0.04266234387822054
9 0.7 0.2581959357049126 0.05 0.045787343878220546
9 0.771875 0.3458922538799706 0.053125 0.0427896778706093
9 0.89765625 0.3001420606863221 0.0625 0.04942167984777566
3 0.13828125 0.4170217208367964 0.0625 0.036921679847775654
3 0.33046875 0.4670031803048863 0.05 0.03484984387822045
3 0.4296875 0.4324915760465423 0.04375 0.03303267589344294
3 0.5640625 0.3527974643738247 0.046875 0.0378475098858317
3 0.73046875 0.4507044292791219 0.05 0.037974843878220456
3 0.85390625 0.418330986579765 0.0578125 0.03985567885919252
11 0.25703125 0.0887455291260226 0.084375 0.06906301779449713
11 0.94375 0.24357638429858755 0.090625 0.07400518577927473
5 0.39921875 0.5392018324723329 0.0625 0.046296679847775836
8 0.68125 0.3206786896592453 0.0671875 0.05430018083635879
8 0.2125 0.19524753851756277 0.09375 0.07257001977166348
2 0.80859375 0.2795523294694024 0.0875 0.06606535178688588
2 0.46328125 0.3264352356283629 0.0578125 0.04766817885919252
6 0.43203125 0.13942732555225074 0.06875 0.06373884783255321
6 0.659375 0.6082887776059668 0.0625 0.04785917984777566
0 0.6046875 0.23317337247277053 0.0671875 0.05898768083635879
7 0.5234375 0.14976530627487886 0.0828125 0.08306185079830275
1 0.5 0.5054078112177948 0.06875 0.05123884783255335
10 0.11328125 0.4610091427759066 0.10625 0.0652668557412186