11 0.5397220111631424 0.6515625 0.06453768899896417 0.04375
11 0.34702508891340156 0.640625 0.07086046360606986 0.0453125
8 0.34119677398342413 0.7 0.07427656203449332 0.0515625
8 0.6307515796077766 0.72734375 0.07144266046291677 0.0578125
6 0.7246728616584805 0.8484375 0.07932793507002263 0.059375
6 0.3071749925518927 0.825 0.08103598428423435 0.0625
10 0.5279347946615885 0.7171875 0.07002570967712848 0.0609375
7 0.6487887961093306 0.66171875 0.08670378742738745 0.05
5 0.7249703064484129 0.6703125 0.08016268899896399 0.04375
0 0.6257045146777992 0.78671875 0.06973461124870503 0.0546875
0 0.31981623366055256 0.7609375 0.08067211124870503 0.0546875
2 0.6245273124442688 0.8453125 0.07769266046291676 0.0578125
2 0.5217105274980808 0.83515625 0.07783820967712848 0.0609375
4 0.43066384242805816 0.77578125 0.07961903349844608 0.065625
1 0.4422691224118475 0.70625 0.07769266046291676 0.0578125
5 0.5212524551245052 0.775 0.07129711124870504 0.0546875