11 0.49609375 0.609375 0.03203125 0.0609375
11 0.60390625 0.59921875 0.03515625 0.0609375
6 0.38671875 0.3203125 0.0375 0.06328125
6 0.603125 0.2984375 0.03046875 0.0640625
8 0.44296875 0.49921875 0.03203125 0.07109375
8 0.60078125 0.50078125 0.0359375 0.0546875
10 0.5015625 0.503125 0.0359375 0.0625
7 0.4359375 0.6046875 0.04296875 0.0640625
5 0.39140625 0.60546875 0.04140625 0.06484375
5 0.4984375 0.41015625 0.03203125 0.06328125
2 0.4390625 0.31171875 0.03671875 0.07109375
2 0.49296875 0.315625 0.0359375 0.0625
0 0.44296875 0.40390625 0.03203125 0.05625
0 0.60390625 0.4046875 0.03515625 0.06640625
4 0.546875 0.3984375 0.03515625 0.07109375
1 0.54453125 0.50390625 0.034375 0.065625