11 0.23707173463850748 0.4454044086868677 0.0755306210184525 0.037219356330665934
11 0.42471594780680455 0.4530554472433518 0.058343121018452494 0.03691934740221221
6 0.5891138348220342 0.6320320608809137 0.06973564732681173 0.04492276217486477
6 0.20490543479379922 0.6090811250016477 0.08076415258848364 0.04667617694751698
8 0.5096377084007354 0.5225946055231823 0.05888915258848364 0.04629434740221221
8 0.23324180837250053 0.49776179545634286 0.08343412628012441 0.03891822402541774
10 0.41045675575578205 0.5102776120160042 0.06955363680346807 0.0417977621748646
7 0.5232976609751016 0.46226107752000517 0.07120714206513998 0.04338753571381489
5 0.6056096320359063 0.4694093299556371 0.06459312101845249 0.03702844155801355
5 0.40653582422810325 0.5641974987854793 0.07129814732681172 0.04495003571381488
2 0.4972448532378856 0.6281724496789838 0.062196163111827296 0.04947389448011297
2 0.39402114270042443 0.6182673900191814 0.07773015785015547 0.0481841298696164
0 0.21760212684482175 0.5518862337679457 0.08049113680346806 0.04198867694751698
0 0.5004300373964004 0.5734849496789838 0.06477513154179633 0.04015344155801355
1 0.3289260346949772 0.503115722810897 0.08710515785015546 0.04834777110331849
4 0.31613833738228286 0.561873114044599 0.08710515785015546 0.04834777110331832