11 0.5727455734562248 0.25871317446722963 0.05610572402541756 0.08411605042954129
11 0.6118604407439394 0.44262782903521397 0.052680715096963836 0.06676477611928178
8 0.6984485515388323 0.5291219289897854 0.0669341298696164 0.07843926051544958
8 0.6288592057614731 0.25384861205190073 0.06235572402541774 0.08444359905006031
6 0.7352904379045656 0.22508288217828873 0.06866027110331849 0.08789614767057934
6 0.8247440446389736 0.6098916514001657 0.06846935633066593 0.07695864767057933
10 0.672443384737585 0.4255089280852743 0.07008640340856669 0.0801655348257091
7 0.6369752633893853 0.5399498863621602 0.0622466298696164 0.07819359905006032
5 0.6595008741842782 0.6230866129564119 0.05435230925276535 0.07309666327441153
5 0.7238695170428333 0.42039870420455616 0.06378185633066594 0.07671298620519007
0 0.6792449894466932 0.23385369459361768 0.06394549756436803 0.08608798620519006
0 0.7521366132272295 0.5194470358417619 0.062082988635914306 0.06881859905006031
2 0.7776121258091312 0.41384881105653254 0.07175799756436803 0.08649742198083885
4 0.7113637885531887 0.32998174411864784 0.07814436525911965 0.09463747060135788
1 0.6515211842511176 0.34479783864615243 0.07356595941492117 0.10064180913596861
2 0.8059201323019531 0.5152408926937383 0.06846935633066593 0.07695864767057933