9 0.5903837398232347 0.14582807228524258 0.04077548620519007 0.06337282218833336
9 0.4826365168470277 0.22420960505465234 0.03724105042954129 0.0554875870059723
9 0.5494090162812008 0.42368162177215235 0.033788501809022264 0.04916485182361115
9 0.5290566519659925 0.6024976060045829 0.03362472749876275 0.046039851823611144
9 0.4546951390756937 0.691052919359201 0.035351001809022266 0.04920121941479163
9 0.505535022046952 0.7954670092149649 0.03724105042954129 0.0554875870059723
3 0.3910630862713032 0.7903093433711456 0.0405298247398008 0.058685322188333264
3 0.34791287256735026 0.6833696655594789 0.03995661465389251 0.04774782218833344
3 0.434548656149864 0.5006643087018746 0.035187227498762755 0.04607621941479181
3 0.337986837402957 0.38949237899034694 0.04168288896415202 0.05090918977951393
3 0.29261238240543136 0.29981293636104145 0.04669793758467104 0.057268292553055565
3 0.3229196008590826 0.10199237899034697 0.04858798620519007 0.06355466014423614
11 0.5576674101065928 0.8200663125015968 0.05129690637700666 0.08546602773541671
11 0.6470841191764484 0.15311258900274255 0.0512150192218769 0.08390352773541672
5 0.22038990162730823 0.38440744832888873 0.06577548620519007 0.06395470364722229
8 0.5434711182719372 0.131275916225069 0.05129690637700648 0.08546602773541671
8 0.467955377655733 0.6007909420606247 0.04686171189493056 0.06039329255305557
2 0.4455094103337355 0.39637619899447885 0.054919873360319824 0.06526263050895835
2 0.5142715349372506 0.7084391346899301 0.05113313206674697 0.08234102773541671
6 0.6156304805509805 0.329058146373437 0.04398237336031983 0.06500805737069451
6 0.17201543588719043 0.655393401976111 0.07070864767057934 0.06875130642076392
0 0.5430981405460318 0.5122174449104162 0.042092324739800804 0.05872168977951393
7 0.609155830505552 0.41446896951170087 0.05244997060135788 0.0776898953265972
1 0.2610768566248338 0.47419599373173593 0.07720430913596861 0.07358427678548622
10 0.2699616971956095 0.0914919432948956 0.09002521370395292 0.10977634992375007