11 0.24769951396404713 0.2517008616016748 0.06337270401018139 0.07827548620519006
11 0.35306826662954716 0.25476722863041656 0.05868520401018138 0.0780298247398008
8 0.22548761195100225 0.34890008819592644 0.06638861600890866 0.06906426051544959
8 0.38693364194782054 0.36386226763999713 0.054034066677272286 0.08090916327441153
6 0.4034927912555945 0.5511608717784402 0.0429329346753633 0.06627345318850324
6 0.17328767059200345 0.5405829771600785 0.07109429734245412 0.07087242198083885
10 0.3238160239497295 0.3531161974227521 0.06967724801081765 0.0832905348257091
7 0.40770122262891084 0.2565886782008753 0.06353633601209037 0.09233798620519007
5 0.3070910532702301 0.44846631897404965 0.05697725334181776 0.06544793758467105
5 0.4551665686266837 0.2704973699694178 0.05243520401018138 0.07770227611928178
0 0.36392230860123026 0.4626649378118136 0.049146572008272396 0.06347600180902227
0 0.1963262759389119 0.439436556988262 0.06484429734245412 0.07054487336031982
2 0.28497005792491253 0.5378530455683013 0.06482611600890867 0.06898237336031983
2 0.3480785852562308 0.5493803657855463 0.052398841343090474 0.07457727611928178
4 0.2516313939370029 0.45059206298115584 0.07429202267663584 0.07728619629109837
1 0.2762597712842295 0.34702000565420954 0.07599997334499946 0.08986808344622813