11 0.76015625 0.2265625 0.0453125 0.07890625
11 0.7671875 0.4234375 0.04609375 0.0625
8 0.69921875 0.23125 0.0375 0.075
8 0.7015625 0.521875 0.04375 0.05546875
6 0.5828125 0.2203125 0.02890625 0.06953125
6 0.5859375 0.61484375 0.03046875 0.0546875
10 0.70390625 0.4125 0.05234375 0.06875
7 0.771875 0.52890625 0.06484375 0.06875
5 0.7640625 0.61484375 0.046875 0.06484375
5 0.64375 0.41640625 0.03671875 0.05859375
0 0.6375 0.51796875 0.03515625 0.0578125
0 0.640625 0.22421875 0.03359375 0.07734375
2 0.58828125 0.4171875 0.0375 0.0796875
2 0.5875 0.5203125 0.04140625 0.0625
4 0.63984375 0.321875 0.0453125 0.08515625
1 0.70625 0.3265625 0.05546875 0.08828125