9 0.3766728030992007 0.86796875 0.03582970364722229 0.0625
9 0.36154007200090216 0.7796875 0.03568423328249999 0.05625
9 0.35583689228937443 0.6890625 0.035684233282500075 0.05625
9 0.3456826019205203 0.58828125 0.030778527735416717 0.046875
9 0.33598225323104125 0.5015625 0.032341027735416715 0.046875
9 0.3235023966577774 0.4 0.033903527735416716 0.046875
9 0.3138384155594789 0.31171875 0.03557513050895835 0.0515625
9 0.2975795955553471 0.2046875 0.03568423328249999 0.05625
3 0.6383922063095826 0.834375 0.03259560087368065 0.0578125
3 0.6297458645539578 0.7359375 0.03568423328249999 0.05625
3 0.6194461038203813 0.64140625 0.03237739532659738 0.0484375
3 0.6041860861529509 0.55859375 0.030778527735416717 0.046875
3 0.6054414212590621 0.47109375 0.032268292553055564 0.04375
3 0.5905087119122566 0.37421875 0.033867160144236054 0.0453125
3 0.5804089729301734 0.27109375 0.03553876291777787 0.05
3 0.5773768515392707 0.16640625 0.03568423328249999 0.05625
11 0.31548072996093673 0.87890625 0.05189111474138901 0.08125
11 0.2336625659200693 0.1984375 0.05497974715020835 0.0796875
5 0.7004382646302076 0.8203125 0.051854747150208345 0.0796875
5 0.6424751746775346 0.15546875 0.05319904160312507 0.0703125
8 0.29814971922736044 0.784375 0.05646951196784729 0.0765625
8 0.2385663118360067 0.28984375 0.0594126740119445 0.06875
2 0.6907197321451383 0.734375 0.05639677678548623 0.0734375
2 0.6517209284772567 0.26171875 0.057704703647222286 0.0625
6 0.29391812053788136 0.69765625 0.050001306420763926 0.0671875
6 0.25308079388423577 0.4046875 0.04836607123840277 0.0640625
0 0.6748421186380202 0.64453125 0.04683993882958326 0.065625
0 0.6526638730064234 0.35546875 0.045022865691319504 0.0546875
1 0.6713372185617704 0.56015625 0.059594511967847194 0.0765625
4 0.6644533985576385 0.453125 0.05948540919430556 0.071875
7 0.28132916119107587 0.60078125 0.05963087955902786 0.078125
10 0.26185442220899263 0.49765625 0.0625376740119445 0.06875