9 0.6817064843561588 0.18529137634078896 0.036543715728545756 0.065590766749223
9 0.6803344291791916 0.27609831285855363 0.03461719468185827 0.05926799214211709
9 0.6063516266330602 0.36273998014589587 0.02956567363517095 0.05279966832079959
9 0.6441121479620963 0.6559120913946008 0.03241765785015538 0.04825771753501122
9 0.5704555691076058 0.7504026459854961 0.02929265785015538 0.048112168320799495
9 0.6315457165755918 0.8582194540910478 0.034253173635170955 0.05301799214211726
3 0.347671245514787 0.8363807255977818 0.0328726841585147 0.05607021753501158
3 0.36475160067763684 0.7314213978475228 0.0325086631118273 0.04982021753501122
3 0.37549095057881476 0.6277334716688404 0.02920165258848364 0.0465496683207995
3 0.4925327793627182 0.4608435322555918 0.029019642065139982 0.0434246683207995
3 0.4114772843420414 0.15782123200792272 0.031583199943530184 0.06068494292790545
11 0.7457689843561588 0.1882751352321291 0.04848227360693613 0.083287688998964
11 0.7132177347090947 0.5588594629823882 0.048315673635170954 0.05367296360606986
5 0.32736280567107745 0.4453169239023708 0.043901189420186525 0.058142139784752266
5 0.2844354981456229 0.8326521040099948 0.047845236775233245 0.07235018899896417
8 0.4478488818947321 0.35379085752465134 0.03516322625188941 0.06864299214211708
2 0.4199844032237682 0.6439064352749104 0.045554694681858444 0.05977741439185813
6 0.46981082700011356 0.7433649338271684 0.03452618942018652 0.057705492142117266
6 0.6359972691217232 0.768339316787495 0.0457367052052021 0.06290241439185813
0 0.5006553634788806 0.3617339441662505 0.0332367052052021 0.06232021753501131
0 0.5546071161097166 0.3634634181114026 0.03314569994353036 0.060757717535011226
7 0.6969879770283484 0.7837139137681765 0.06419827886860804 0.08557793507002262
1 0.3041619821488459 0.6150108397419711 0.05538472099021767 0.06802656203449331
4 0.46970701329535397 0.16680027977439235 0.04167083148532651 0.10011131596343473
10 0.6189797002258789 0.2669737158778722 0.048937299915295364 0.091100188998964