9 0.9095730471244474 0.7370884155007309 0.06903180113146803 0.05083830290255768
9 0.8198701976901814 0.7581697526167067 0.06119203005422946 0.04587798439090331
9 0.7301082609218981 0.7690948397326826 0.05963862041330899 0.047385920688572544
9 0.627101435589933 0.7858061353788461 0.050263620413308986 0.04705853847458741
9 0.5365900650784283 0.8021726906436564 0.050263620413308986 0.04705853847458741
9 0.43827073974646336 0.8190476773968125 0.050263620413308986 0.04705853847458741
9 0.34697357405541873 0.8346057008104575 0.056522710772388504 0.04883929328391083
9 0.239320155339312 0.8581845553496283 0.06120112041330898 0.047440484390903495
3 0.857228255362753 0.46656509517497813 0.0626908975406721 0.03499504809323426
3 0.7596674541330891 0.47956111377929966 0.0533068071815924 0.033105165879249124
3 0.6660265384420445 0.4950372916394484 0.05175339754067192 0.034613102176918174
3 0.5825600534691592 0.5139931335647475 0.0454943071815924 0.03283234736759475
3 0.49589584562363687 0.520339848085385 0.0439227168225127 0.031215283665263983
3 0.39836231547121176 0.5380233666897065 0.0470568071815924 0.032886911069925695
3 0.2977037853187866 0.5555977578893663 0.0470568071815924 0.032886911069925695
3 0.19309809855050314 0.566004489833199 0.05801248789975162 0.036393856986241604
11 0.9208877970262515 0.8023141114170469 0.08631020472226432 0.0670635036281972
11 0.23735820042065597 0.9237277097961322 0.08634656615858276 0.07331350362819719
5 0.18259186972593788 0.5054935757680484 0.07212953005422928 0.0462599303072194
5 0.8412578217177277 0.4066444581516696 0.07996930113146802 0.05122024881887359
8 0.32948206790709866 0.9160094682336526 0.08012383723582168 0.07778274881887377
8 0.8304082427715255 0.8241494166818573 0.0848022468767418 0.07638393992586642
2 0.7538669060266832 0.42233889082114173 0.07685339149054773 0.05267362141421188
2 0.28872369505790285 0.48889140752654664 0.06121930113146821 0.05056548439090349
6 0.742990056003242 0.8351563493513293 0.06912270472226431 0.06646330290255734
6 0.44341275770044425 0.897336368503805 0.07538179508134384 0.0682440577118811
0 0.6649362162333375 0.4418850097882828 0.06117384933607006 0.04275298439090349
0 0.3816379029034251 0.48276294781523255 0.05959316861791084 0.039573420688572544
7 0.6407962969280556 0.8573636768486583 0.08639201795398091 0.08112600362819719
10 0.5394019685710286 0.8827232861971528 0.07859769867214013 0.08397818511654265
4 0.4752742734149299 0.4665055199550839 0.06432612041330898 0.04754961179556503
1 0.5829913246445939 0.4538641654159129 0.08154998184962743 0.05439981252120454