9 0.27086491559002185 0.8121129146095484 0.04174321509696392 0.06500805737069441
9 0.2880308705407161 0.7234679886977429 0.038509120941162586 0.058685322188333444
9 0.3729473871798076 0.645741072569583 0.03527502678536125 0.052362587005972294
9 0.38665492573299626 0.35257230081809 0.036782979707460584 0.04927395459715278
9 0.47162598944998846 0.27172038468993015 0.03365797970746058 0.04920121941479163
9 0.4322107077933633 0.15862162585621492 0.03848184740221221 0.05712282218833335
3 0.5298074931067317 0.8755889606779856 0.043305715096964015 0.06504442496187508
3 0.4977485641273246 0.564743032866319 0.03689207386326192 0.05552395459715278
3 0.6440350032497062 0.4160847144777078 0.03996252678536116 0.05247168977951393
3 0.6715617597425279 0.3154846492232286 0.04155230032431163 0.05407055737069442
3 0.7045981765437752 0.21241354739961746 0.043278441558013726 0.06348192496187499
11 0.21094049067109974 0.8002318168699997 0.05616027110331832 0.08564786569131969
11 0.3030827207823021 0.4427628493550692 0.05106366801906326 0.06210126291777769
5 0.660266155036715 0.6046926195879508 0.057450035713814886 0.0700592332825
5 0.7684152146932222 0.22498497616121466 0.060684129869616396 0.07638196846486114
8 0.526239982553425 0.6773151148382981 0.0513091298696164 0.07616376291777768
2 0.5999401298729117 0.39212119082635366 0.05591480925276535 0.0715853656913195
6 0.4127010028426691 0.24732110315479128 0.051118215096964015 0.06522626291777786
6 0.568927683443634 0.28975991024114534 0.04160684740221221 0.057195557370694504
0 0.47419624148187867 0.6613459291428467 0.04336026217486459 0.06816942496187509
0 0.4220297694850558 0.6524079934473954 0.0433329886359143 0.06660692496187508
1 0.7131435133959758 0.438685106670173 0.07003185633066593 0.07503767401194458
4 0.47463875203518546 0.8596925101648953 0.061175053570722324 0.10450696846486096
10 0.3471058616122623 0.7392735202328817 0.05632391233702041 0.09502286569131932
7 0.3568328323879738 0.22675533643729134 0.06866027110331832 0.08593880642076393