9 0.24085444615939805 0.13847565095851752 0.04173651384016441 0.06585225897699046
9 0.24292096494247833 0.22754724131759713 0.04135451186299814 0.05647725897699045
9 0.31855231771794745 0.31931658479993474 0.03484984387822054 0.05019089754067192
9 0.281302963002493 0.6133529311109427 0.039410009885831696 0.047093168617910665
9 0.3564395672608369 0.71215806977282 0.0381021778706093 0.053334078258831144
9 0.2933904220134724 0.8141114552132436 0.04135451186299814 0.05647725897699054
3 0.5163173611784261 0.129058702580965 0.028918178859192522 0.05796703610435348
3 0.4376617564629717 0.4233359434075828 0.028281508897248564 0.04234203610435365
3 0.5556981265386464 0.5969092779129299 0.02684634288963732 0.04545794574527377
3 0.5653688982874762 0.7000024616561513 0.02840884288963732 0.04546703610435365
3 0.5829795040286948 0.8061751936039745 0.03028967787060921 0.05328862646343282
11 0.2098179407593716 0.5082750665513662 0.053854511862998146 0.05654998184962743
11 0.17669644566510648 0.13650460568078188 0.05500051779449713 0.08467498184962738
5 0.6015969224705829 0.419256455704223 0.04141817885919252 0.05803975897699054
5 0.6446982540286947 0.8058161244203298 0.0404286818249421 0.07209316861791067
8 0.48196090171033623 0.32149164227611465 0.037049013840164416 0.06582498789975162
2 0.5093006290101043 0.6089007386853185 0.0399193458553869 0.05959316861791066
6 0.46096789977035096 0.7076427657144857 0.03491351087441501 0.0517533975406721
6 0.28735398623419767 0.7235000907518631 0.054109179847775656 0.06279998184962743
0 0.428181985702725 0.32493025966436145 0.035422846843970034 0.06425339754067191
0 0.3734626522046278 0.3244671722321481 0.03861151384016441 0.06583407825883122
7 0.2237053217094612 0.7340290454741274 0.07499468281352514 0.07698065651766228
1 0.6240979580595771 0.5879155521134267 0.04792284684397004 0.06432612041330898
4 0.45785094517081487 0.13252459104645067 0.043137187756441084 0.10022725897699045
10 0.30369929745199237 0.22328646731349205 0.058507519771663484 0.09406816256778665