9 0.7579379687438214 0.8893888189985883 0.05120003571381489 0.06962275324641069
9 0.6707634768614962 0.775250226871382 0.04160684740221221 0.05695911201270878
9 0.8130349772685334 0.5984950377490005 0.04777502678536116 0.052380706168510115
9 0.8597621525944923 0.41012228450258953 0.047747753246410694 0.050818206168510294
9 0.8109234577900679 0.29844049067109973 0.046267073863261746 0.05547843262955983
9 0.9031461396088488 0.20930407833407932 0.049528441558013725 0.06334547970746059
3 0.47955782426370847 0.8348548721622737 0.033876168019063256 0.06151024431795733
3 0.5143616980475401 0.6349679204579906 0.032122753246410875 0.05054547077900686
3 0.5850230255642499 0.5641820876662749 0.032013659090609534 0.04429547077900686
3 0.7164582118472578 0.48295758685549595 0.039907979707460586 0.04911933847375849
3 0.6965064017837136 0.28011895901447453 0.038454573863261746 0.0553420649348082
3 0.780012602677218 0.18410130114168105 0.04325116801906326 0.06167388555165916
11 0.8222186570554241 0.9007706039016246 0.06876936525911966 0.09179776217486477
11 0.9678926578727935 0.19953756615921475 0.0642146842544129 0.0933602621748646
5 0.48132528124629276 0.5331696412369974 0.03853639448011279 0.06002956493480802
8 0.7109675113574951 0.8847382751670988 0.06879663879807012 0.09336026217486477
8 0.7961263465881381 0.3909143628300783 0.05909435633066593 0.0744466209411625
2 0.8844155048679687 0.30028363434043376 0.07030459172016953 0.09026253571381497
2 0.6972326992653561 0.5903570296313256 0.049501168019063256 0.061782979707460585
6 0.8533617426898088 0.7150143360447171 0.06690685633066593 0.07458298863591431
6 0.527388209007884 0.26197075122111124 0.04643071509696402 0.06485343262955982
0 0.841962772317839 0.5096819537394688 0.06364548863591431 0.06671594155801355
7 0.883098061278065 0.6277501152657103 0.08738299756436803 0.08431254464226878
1 0.5504377455324778 0.46319233198423204 0.043305715096963834 0.06479888555165925
10 0.4326282771858077 0.832548078330784 0.054925053570722325 0.10405230032431163