9 0.5162521444842143 0.24521972771969752 0.03241765785015538 0.04808467292769345
9 0.549042986704646 0.12250246931674055 0.037651189420186526 0.05765067391627658
9 0.6026061444136271 0.316095960419492 0.03232665258848364 0.04652217292769336
9 0.6301443993929503 0.6141196249442284 0.03241765785015538 0.04808467292769336
9 0.7145263756448399 0.6780282746402173 0.03746917889684287 0.054525673916276676
9 0.7361654281909711 0.7672035211801761 0.04114021046687384 0.06402800790866543
3 0.4889102675688054 0.8782988245636677 0.03939569994353036 0.060839340912470875
3 0.5060096784027326 0.5533969836511966 0.03241765785015538 0.04808467292769336
3 0.35673147326811777 0.424002596806789 0.0403211631118273 0.04996550790866543
3 0.3259071365211194 0.32502126874589926 0.0418836631118273 0.05002917490485981
3 0.28722479714328514 0.22557702566598148 0.04582771046687402 0.06421900889724856
11 0.7944938676817449 0.7468154253247892 0.05629477360693613 0.08335101087441502
11 0.6868894101280556 0.391755193613578 0.0504242052052021 0.0628475098858317
5 0.34857588097709885 0.6201109342592189 0.0586007262518895 0.06941584486680377
5 0.22751586817585512 0.24915378851756276 0.0620897472985769 0.07579317885919253
8 0.48245732828979315 0.6733884900769873 0.049407736775233246 0.0721588428896375
2 0.3950736364505322 0.396597838403832 0.0566742052052021 0.06310217787060939
6 0.42423124445597943 0.278727247491361 0.04288472099021767 0.0672166749048598
6 0.5713722839891056 0.21008338235860222 0.04748121572854576 0.06584517589344294
0 0.5334359993647155 0.647818145704475 0.042793715728545755 0.06565417490485981
0 0.5824349414863251 0.6285933018262545 0.042793715728545935 0.06565417490485963
7 0.6242396787556685 0.17660503749179854 0.06630681043863902 0.09467051285158128
1 0.289665070609047 0.45571019463934215 0.07119173151356133 0.07148768083635879
4 0.5414969412745636 0.853446063194961 0.06042083148532651 0.10066584486680341
10 0.6588602045699176 0.7037896200013126 0.055096294653623624 0.08953734387822046