11 0.4015566933879521 0.4092712288933864 0.05670453333863605 0.04004434740221221
11 0.3861942280394527 0.29730701704283324 0.05993862133990877 0.04947389448011297
8 0.49836805872054296 0.4054934383083074 0.05361589600572696 0.04311480032431163
8 0.4941789033656804 0.24685877799988193 0.06934998400699968 0.05276253571381497
6 0.693062940722452 0.42295149390762476 0.06289998933799978 0.035465941558013726
6 0.6732755100254534 0.19921398497917103 0.06469884667409058 0.05580571509696393
10 0.4924715000397709 0.3015053676914564 0.0646988466740904 0.05580571509696401
7 0.38543970269731676 0.23246326704283332 0.06798747867599957 0.0699227621748646
5 0.5878294533736346 0.3070753035674271 0.06775112133990877 0.0496102621748646
5 0.38885505669158976 0.19034395089020914 0.05218066534054504 0.05402502678536121
0 0.5946072593889065 0.41967076095375333 0.06291817067154533 0.03702844155801355
0 0.5903090160327713 0.2516611006453278 0.0631363466740904 0.05577844155801355
2 0.6809158346992257 0.25168046590444754 0.07405566534054522 0.05440685633066593
2 0.6800078627068618 0.30790319236549724 0.06618862133990877 0.0495829886359143
4 0.5962328467138616 0.35799292126217885 0.06936816534054521 0.05432503571381497
1 0.4930442120464524 0.35072411769145645 0.06309998400699968 0.05265344155801355