9 0.16598254667745418 0.7788814242319516 0.04160684740221221 0.057668656260602094
9 0.25499622808919803 0.6891071069014236 0.03837275324641087 0.051309528855940555
9 0.20616503612414733 0.5791616772271764 0.03988070616851021 0.04823909255827132
9 0.3220254099046837 0.2932564043616857 0.03683752678536116 0.0528174651536097
9 0.2730714870143565 0.1903422246874385 0.0416341209411625 0.05923115626060223
9 0.2949385787345259 0.1005703965571374 0.0433329886359143 0.06709821996293312
3 0.4534046802005184 0.8180331711519087 0.03066934740221221 0.05728671034428636
3 0.4646342808491415 0.7114557889379236 0.028943206168510115 0.047857146641955416
3 0.48204569765038874 0.608566401914615 0.028943206168510115 0.047857146641955416
3 0.41275772971075586 0.41813486407299977 0.028888659090609538 0.04473214664195542
3 0.5659271887186398 0.1418575623515685 0.02913412094116268 0.05879464664195542
11 0.1637065750843732 0.4619667427436059 0.06359094155801363 0.06468254809323426
11 0.2287777905850789 0.08882685390619877 0.062410271103318316 0.08650298439090338
5 0.5731770324706994 0.44220230273292166 0.03848184740221221 0.05755952885594055
5 0.5133018315804903 0.8307762186121707 0.04034435633066593 0.07480159255827132
8 0.48228107143092525 0.32669884302160757 0.038645488635914306 0.06693452885594056
2 0.4327996741114385 0.6118476585380369 0.03842730032431163 0.05443452885594056
6 0.3593973559302195 0.7018575888452563 0.03691934740221221 0.05750496515360979
6 0.18238088839762354 0.6893005690598084 0.05591480925276526 0.07222222958158006
0 0.4285520994341024 0.31842504075202205 0.035465941558013726 0.06370040145127884
0 0.37408278774570514 0.30783477033360207 0.041715941558013635 0.06391865626060227
7 0.11840020901447457 0.6868501808553735 0.07957049756436803 0.08554068511654282
1 0.5499053534945875 0.6124428808632227 0.0495829886359143 0.06731647477225663
4 0.5082646931828666 0.13528266933781014 0.04544095941492117 0.09840278366526398
10 0.33305045901117925 0.19839777214770055 0.057804591720169364 0.09102679328391083