9 0.49142134656447034 0.8478850716195317 0.039577710466874014 0.06270907825883114
9 0.4113859650932613 0.7341765747427897 0.03746917889684287 0.05332498789975162
9 0.5323446652485531 0.5716543697259379 0.03398015785015538 0.0470568071815924
9 0.565120825941306 0.39690435460062734 0.033798147326811724 0.0439318071815924
9 0.5196424549934406 0.2865208456236369 0.03563366311182729 0.04862839754067201
9 0.5970324366481763 0.20731058947531683 0.03746917889684287 0.05332498789975162
3 0.48781706036805195 0.16918789987836302 0.039304694681858265 0.05802157825883118
3 0.41616884449833175 0.25311747228346176 0.04023015785015556 0.04709316861791084
3 0.44523253114650807 0.45712371623333753 0.03545165258848364 0.0455033975406721
3 0.32193851529090534 0.5259141019683486 0.0418836631118273 0.04866475897699054
3 0.25314998891195895 0.5918976502711465 0.04702618942018653 0.056504530054229285
3 0.2247729018826119 0.7885408461146162 0.047390210466874014 0.06275453005422929
11 0.6546174234939967 0.20374068276126273 0.05022678413027979 0.0846386204133089
11 0.5477546465503529 0.8630515293668584 0.05013577886860805 0.08307612041330899
5 0.20872588374910914 0.48620618647369584 0.06614021046687393 0.0628636143631848
8 0.44280183604112666 0.8444782704880638 0.050226784130279964 0.08463862041330898
8 0.5060797549087359 0.3754742613146815 0.045554694681858264 0.05805793969514968
2 0.4261478731551783 0.5585407704880636 0.05364021046687384 0.06279089149054773
2 0.580898473409292 0.292344119627742 0.050044773606936134 0.0815136204133089
6 0.5678942993505981 0.6858850413689108 0.042793715728545935 0.06428975897699055
6 0.2405017155873715 0.21382719242562417 0.06944722099021768 0.06600679508134392
0 0.5516036284874373 0.4866390202916719 0.04086719468185844 0.05803066861791066
7 0.58650852048199 0.603208896755105 0.05124325256024882 0.07527271077238851
1 0.27342614960471184 0.41707491227319904 0.07762374203690507 0.07230224687674199
10 0.17188312031258085 0.7788613190854491 0.08909186305535757 0.10829428903121965