9 0.515170287678749 0.8895741578694982 0.038197220990217676 0.06622501785690744
9 0.5163148297015366 0.8027872240221224 0.03452618942018652 0.056795470779006506
9 0.4497636375093398 0.7101263912304068 0.032599668373499216 0.05051819724005639
9 0.4901813240869289 0.432424131084137 0.0340711631118273 0.04898297077900686
9 0.42316740031058353 0.33428091152294626 0.03232665258848364 0.045830697240056395
9 0.48152520285671485 0.24536446184725777 0.03581567363517095 0.05213524431795715
3 0.19561779493597223 0.2130023806803952 0.05364021046687393 0.06337275324641087
3 0.20983294240395836 0.31804443668674964 0.04684417889684287 0.05388865909060954
3 0.21706234250278036 0.4221825117678275 0.04528167889684287 0.053861385551659244
3 0.3372019953030255 0.6018036022701809 0.038758663111827296 0.04906479139585791
3 0.2425595403095849 0.8840336753226639 0.047208199943530274 0.06013865909060954
11 0.5727097718937334 0.8952707788106608 0.04701077886860805 0.08354888555165943
11 0.5496634689240791 0.5390383697200514 0.04086719468185844 0.0584670649348082
5 0.12865780809015184 0.20792336850553061 0.06705026308359248 0.07921594155801355
5 0.16169376108804107 0.5940478291382677 0.06283319994353027 0.06041139448011297
8 0.28303116381769905 0.6993956225627204 0.058873742036904986 0.07282957386326191
6 0.31898042924977876 0.32385983441327343 0.0472992052052021 0.06170115909060954
6 0.4843779160955991 0.3306570795420095 0.04242969468185827 0.05849433847375849
0 0.34093466907937087 0.698842243503883 0.05087923151356133 0.06956820616851012
0 0.3970026585560272 0.7029490909060951 0.0476632262518895 0.06795115909060953
7 0.536767168726435 0.3307894930968459 0.05262374203690499 0.07272047970746058
1 0.13861882408692888 0.42628758482031054 0.0839647472985769 0.07482845048646727
4 0.29789178241707714 0.8873456359554008 0.07448333148532651 0.09963753571381488
10 0.4561130770707006 0.8025184427725343 0.05711382096198285 0.09621252678536116
2 0.26443787144197556 0.4144069679363377 0.05814569994353027 0.06032957386326192