9 0.8429674353393815 0.18518837778317984 0.05030152837152997 0.06575397477225656
9 0.7183334967012946 0.257440378416152 0.03922763605166182 0.060684528855940556
9 0.7791787538274306 0.47306288921592526 0.04520485141192587 0.05152778366526398
9 0.7501491687128409 0.6660688447508881 0.04525031551854859 0.053090283665263985
9 0.6633191069552161 0.7533902846767543 0.03900031551854841 0.052872028855940556
9 0.7137928169052037 0.8694765869463398 0.04708560015828454 0.06251984736759475
3 0.569163873977468 0.1268501212445759 0.03306856426490725 0.06359127404661713
3 0.5243501644896987 0.3258704638028473 0.031142351411925874 0.05103671034428627
3 0.5614206039857154 0.41979158939341044 0.02935253087881229 0.04316964664195542
3 0.6499027792959667 0.5439160809558901 0.03573892319868044 0.048075401451278844
3 0.5532908890876698 0.726014307542245 0.032659387305303156 0.04952877404661713
3 0.591954920824412 0.8456348375793119 0.0376196719450391 0.05906746515360979
11 0.7728351962929481 0.9056571344066018 0.07143238229073816 0.09458830290255768
11 0.9050582583797773 0.19706832968994561 0.0665630258642473 0.08817461179556507
5 0.4548212629986308 0.4086854530030741 0.04248902837152997 0.06548115626060227
8 0.7974192546188534 0.1680480070019401 0.06339256175762494 0.08650298439090336
8 0.685578203352577 0.6589582383976186 0.05204588479802066 0.0720585384745874
2 0.6724801244396864 0.43854653467675425 0.04873902837152997 0.06569941106992569
2 0.7305149671426305 0.777579263625362 0.06504598997087019 0.08968254809323425
6 0.3938764366595296 0.6792906188823232 0.04882995658477531 0.06882441106992569
6 0.8630429399582347 0.3803818266947207 0.06454588479802084 0.07249504809323426
0 0.7717179433234471 0.5685390803229178 0.05820495658477522 0.06915179328391083
7 0.8540423615075626 0.47513133150404413 0.08044366943775678 0.08241568511654282
1 0.4919144345479586 0.5018253285936373 0.042579956584775404 0.06860615626060226
10 0.5251327291503175 0.1112176867610053 0.04992109514371954 0.1063244110699257