9 0.424216230648266 0.865962239663563 0.043235346843970034 0.0654811562606021
9 0.3995610819408603 0.7817881363055184 0.03985567885919252 0.059122028855940555
9 0.44217168768207904 0.6742013255984124 0.03647601087441501 0.05276290145127884
9 0.32318024304273674 0.41623011289187345 0.037911176882026075 0.04969246515360979
9 0.3643556827763441 0.3055728658870983 0.03478617688202608 0.049583337748947985
9 0.2777907830803553 0.22824152877112253 0.03979201186299806 0.05755952885594055
3 0.6883861600017501 0.7966665695231445 0.044797846843970035 0.06553571996293303
3 0.5199849643738247 0.5451016134400277 0.038165844866803765 0.05594246515360979
3 0.5865370888981236 0.3477429746026205 0.04116351087441501 0.05292659255827141
3 0.5664248601526619 0.24780746198874876 0.04278967787060921 0.05454365626060227
3 0.550378048897686 0.14382929011904988 0.044734179847775654 0.06397321996293312
11 0.3641408936901277 0.8852231603521353 0.05812551779449713 0.0862847295815797
11 0.2871870518262546 0.5337276369384906 0.05248301285158128 0.06268353847458741
5 0.6863885557805872 0.5010638928441222 0.05905134783255335 0.07071429328391084
5 0.6144233028520187 0.12286946017465024 0.06243101581733086 0.07707342068857255
8 0.5961707795831332 0.6282563646211539 0.05305601581733086 0.07674603847458741
2 0.5358513393924152 0.3471725449283733 0.05755251482874755 0.0722222295815799
6 0.3000703482896638 0.3132787276826634 0.052610346843970035 0.06580853847458741
6 0.460782355209746 0.2749007300449161 0.04291701186299814 0.05766865626060227
0 0.5418825276059668 0.6395138123515685 0.04492518083635879 0.06866071996293321
0 0.4904964411421201 0.6561308826773213 0.044861513840164416 0.06709821996293304
1 0.6596708413695815 0.33348701244423573 0.07174234882113631 0.07583830290255769
4 0.6309092410283894 0.8095956446582209 0.06357702174882984 0.10519842068857237
10 0.46100791791041545 0.767160151914615 0.058507519771663394 0.0956597295815799
7 0.238846346806789 0.3224379620735668 0.07062551779449713 0.08672123920022674