11 0.45889375101149027 0.755072518090223 0.038501994009550344 0.07532090456798421
11 0.45690220899352385 0.5655596387370094 0.03973711179556503 0.06602779172311415
6 0.2925048591788584 0.7682674796464694 0.051165685116542826 0.08066350180902226
6 0.281063939208076 0.37867603516439335 0.05374504809323426 0.06520227611928178
8 0.4041516873091594 0.7537689676606817 0.04491568511654283 0.08033595318850324
8 0.39045380817521724 0.47363441033373554 0.0504563569862416 0.06035100180902227
10 0.39776282197021534 0.5781138704196438 0.04927580290255769 0.07120661465389251
7 0.45241809483570616 0.4698377029613606 0.042862111795565025 0.06619156603337366
5 0.3438292901190499 0.5760700135676673 0.04582342068857255 0.06166784034363317
5 0.44755203476157224 0.3850532671857119 0.04119048439090349 0.06298467887824381
2 0.28986847641671903 0.5748074067156909 0.0525099303072194 0.0744953889641522
2 0.2832315852170592 0.4734938902073475 0.05385417549789597 0.06832727611928177
0 0.34824642769051267 0.7633619736535756 0.048095248818873594 0.08206222749876275
0 0.33641114891939006 0.47471555348175903 0.04598711179556503 0.066355340343633
4 0.339992472788522 0.6635290699901024 0.05429068511654282 0.08082727611928178
1 0.4011755094490108 0.6596914190401628 0.053055567330527964 0.09012038896415202