9 0.30815109396167767 0.12661588813212246 0.03616987336031983 0.065590766749223
9 0.30188116180407354 0.21618781038186344 0.03567855042954129 0.05621576674922295
9 0.30584936680159913 0.30684919768541635 0.03567855042954129 0.05621576674922295
9 0.3050448626177277 0.41104654611383984 0.035187227498762755 0.04684076674922295
9 0.30276306761525323 0.5019990318458161 0.03674972749876275 0.04691354135632899
9 0.30019134554355736 0.6023629048813455 0.035105340343632996 0.04527826674922295
9 0.30025330054108296 0.693206228702663 0.03847600180902226 0.050111315963434676
9 0.29360823213286025 0.8055071755595099 0.03576043758467105 0.05777826674922295
3 0.5766487884437537 0.13917143031702084 0.0264673247398008 0.05890411910658786
3 0.578723622794493 0.23853572953123256 0.028029824739800802 0.058976893713693725
3 0.5774277956798429 0.333358077959656 0.029101001809022264 0.049674668320799586
3 0.5709122020568496 0.41824250020939696 0.02721095318850324 0.043351893713693815
3 0.5802263263216805 0.5063054263880794 0.028937227498762753 0.0465496683207995
3 0.5743658299397252 0.6036898486378204 0.028937227498762753 0.0465496683207995
3 0.5743835193334185 0.7086320597626908 0.027538501809022266 0.04960189371369381
3 0.5807740394598065 0.815626922459138 0.02942855042954129 0.055924668320799495
11 0.24446040818602893 0.12175075971990967 0.05105124491161739 0.08187073821317573
11 0.22917391790850897 0.816339821754403 0.057137470601357876 0.079036836641599
5 0.6468084752354553 0.8203828889606919 0.047598696291098364 0.07547518899896417
5 0.6397629421072268 0.14797919603278653 0.04447369629109836 0.07532963978475227
8 0.2359695567611194 0.21377559388030948 0.06009869629109836 0.0760573858558109
8 0.22413785786802926 0.720246071754403 0.06413109905006031 0.06377570967712849
2 0.6372764292169281 0.23502543176476287 0.04570864767057934 0.06915241439185812
2 0.6448188500661132 0.7077009524429274 0.04858798620519007 0.06461046360606985
6 0.24067806818108012 0.3036193438803095 0.05179487336031983 0.06631851282028159
6 0.22601353912112226 0.6066009487188737 0.0514673247398008 0.06006851282028158
0 0.6326918277920186 0.3268683294073981 0.0389673247398008 0.05948631596343468
0 0.6369034514910227 0.6164402516571391 0.03732293758467105 0.05785104135632899
7 0.23580353968694912 0.4048736288264975 0.06626680913596861 0.07478598428423436
1 0.6339887341690251 0.4113888786216098 0.05055992198083885 0.07249573821317572
4 0.6379945607178483 0.5177116532287156 0.0452173247398008 0.05977741439185813
10 0.22570592265820738 0.5110701248975561 0.06741987336031982 0.06704625889134022