9 0.8037407423036467 0.854854231524586 0.042188806420763926 0.06836956677218957
9 0.8015768706284035 0.7618854815245859 0.03877286569131968 0.05577863855894431
9 0.7268658517267019 0.6714901505666313 0.03393989532659738 0.04939224623907634
9 0.767539524220035 0.37287680581862304 0.038591027735416714 0.04796613855894431
9 0.6918654173624308 0.274646242807357 0.03550239532659738 0.04943771034569897
9 0.7541816197753821 0.16793925323219827 0.04197060087368065 0.058994566772189706
3 0.4650288540078126 0.18919316145369094 0.02943423328249999 0.05706835391920828
3 0.4815097988213196 0.2935085884132951 0.02612739532659738 0.04916492570596294
3 0.490977677430417 0.3984006768930971 0.026054660144236054 0.046039925705962936
3 0.6073690096867366 0.5688615925699302 0.029143292553055568 0.044568353919208194
3 0.5269243223757647 0.8694406025990601 0.029543336056041626 0.061755853919208195
11 0.8386534176467713 0.476439726510021 0.05450696846486096 0.06092077962517113
11 0.8669310733256952 0.8527892778428046 0.0550524823325695 0.08435827962517131
5 0.4033646553945835 0.18974107924209505 0.04386040919430556 0.07310253087881238
5 0.44439688421177126 0.57739184342786 0.03880923328249999 0.057341138558944314
8 0.5614045058870145 0.6737022052646271 0.03753767401194459 0.06979567445232178
2 0.5382520677230211 0.3833810821450889 0.03746493882958326 0.0666706744523216
6 0.7593977562682641 0.2578739314454436 0.056214938829583436 0.06721624373179384
6 0.5858518067051044 0.2817109335570147 0.035720600873680654 0.058812710345698974
0 0.672123800339931 0.6675551568348375 0.037355836056041626 0.0619831744523216
0 0.6159647193178825 0.6698246989964209 0.035793336056041625 0.06193771034569906
7 0.82474999933441 0.24806467392359624 0.0753649823325695 0.084949313011266
1 0.42408111815986144 0.4089457203083218 0.04676720364722229 0.06381845909205772
4 0.5837919182154521 0.8640687924907879 0.03971842306201392 0.09640363855894449
10 0.7400581423798964 0.76868339931299 0.0583229526972918 0.09069920783841638