11 0.3560382541338292 0.3950339046760858 0.04353598428423435 0.06415534190105418
11 0.24489954693790014 0.36945163144438115 0.052983758891340216 0.06609984387822046
6 0.15144076116314253 0.6564966922050653 0.06690070967712844 0.06354784684397004
6 0.37444376757328335 0.689756155664669 0.041973484284234266 0.06409167490485981
8 0.193816544042416 0.478097119581383 0.05632708271265772 0.0709146778706092
8 0.3543366670779453 0.4924354866913082 0.0526198858558109 0.05828734387822045
10 0.24846765673886306 0.4795442144481868 0.06868153349844608 0.06829901384016442
7 0.1787116207592177 0.37143328410611953 0.07642125889134017 0.0670548488211364
5 0.13797745884855891 0.36743419220506535 0.055162688998963996 0.0459146778706093
5 0.25677677046876746 0.5742346319386729 0.05269266046291676 0.059849843878220454
2 0.20400283498446012 0.6633170365775773 0.05937930810555185 0.06947951186299797
2 0.2587994968951189 0.6678891314443811 0.054473484284234354 0.06460101087441501
0 0.20063593237942623 0.5742863700756746 0.06192211124870504 0.057106845855386903
0 0.3688957808078497 0.5873805721665717 0.04353598428423435 0.06415534190105418
4 0.3050152173256143 0.5886764753226017 0.06243153349844608 0.0680443458553869
1 0.29757724482820425 0.4792059748283101 0.06086903349844608 0.06798067885919253