9 0.324821307457427 0.9186702713695833 0.05083830290255768 0.07128850180902262
9 0.298970624787955 0.8296553589996829 0.045877984390903404 0.06323034034363317
9 0.34257927024878404 0.7239309814554916 0.04086310217691826 0.05360967887824373
9 0.21203863149619492 0.4501958310713789 0.04549603847458741 0.052292840343633
9 0.25433031361751285 0.3373583163720578 0.03924603847458741 0.05196529172311397
9 0.16101931243638648 0.2526347563315781 0.047385920688572544 0.06174972749876275
3 0.44335315199943304 0.19151130709980366 0.0395188569862416 0.05977779172311406
3 0.46073657024093484 0.29886678369405534 0.03450397477225664 0.050157130257724794
3 0.48308030699409094 0.3986554217536962 0.03773810217691818 0.0534459045679843
3 0.42458821679807224 0.5943906456344145 0.03450397477225664 0.050157130257724704
3 0.5945733014669773 0.8592354748967711 0.03973711179556503 0.06602779172311415
11 0.26250235673178757 0.9326232287419582 0.06711806733052797 0.09085737336031982
11 0.1758605401190499 0.567267144391219 0.06155754809323426 0.06561171189493056
5 0.5033829164274033 0.17587301899473423 0.05590774881887377 0.08247166327441158
5 0.5854637186121707 0.5597743854576491 0.04900298439090349 0.06339411465389251
8 0.49982134057453675 0.6812975033909019 0.047876994009550346 0.07581222749876275
2 0.4336978658870983 0.400763476367109 0.05078373920022692 0.06972600180902226
6 0.3568203965571374 0.3161184814554917 0.04264385698624169 0.05994156603337357
6 0.18374499510585857 0.341485894391219 0.061775802902557686 0.07186171189493056
0 0.44776776725355916 0.6926577272716201 0.04280754809323426 0.06462906603337366
0 0.3940971302302506 0.7054985639972087 0.047658739200226743 0.06956222749876276
7 0.11868299029653515 0.34433757745333426 0.08603175843752049 0.0965275192218769
1 0.552157689208076 0.3928834565794054 0.0603224303072194 0.0749048247398008
4 0.5371055418483304 0.8687465937345351 0.05645338584218216 0.09809666327441136
10 0.3580554481089327 0.8186636273170487 0.0720238221398514 0.09735303482570892