9 0.8666047236759482 0.453125 0.06526290145127903 0.034375
9 0.8033730920949352 0.56640625 0.05750496515360979 0.0359375
9 0.5960491762156861 0.51328125 0.04478671034428618 0.0296875
9 0.41901545026230325 0.54453125 0.0480208377489479 0.0328125
9 0.33669651278350776 0.62578125 0.049637901451278846 0.034375
9 0.2304812291182438 0.58203125 0.05906746515360961 0.0359375
3 0.936708925667532 0.715625 0.06257441106992587 0.046875
3 0.7444867093327959 0.759375 0.05626984736759475 0.0453125
3 0.6509896804768553 0.721875 0.04834821996293322 0.0421875
3 0.530719331295162 0.63359375 0.04974702885594055 0.0375
3 0.35446934454200596 0.73203125 0.04823909255827141 0.0390625
3 0.24545644309072712 0.69765625 0.05454365626060227 0.040625
11 0.8576910259455337 0.39921875 0.07970734736759474 0.0453125
11 0.19829372249482186 0.5328125 0.07981647477225655 0.0484375
5 0.6683086444493387 0.8375 0.06791667549789597 0.065625
8 0.42739343465320656 0.60546875 0.06262897477225664 0.0484375
8 0.887718321043543 0.4984375 0.08762897477225665 0.0484375
2 0.6348066305695227 0.61640625 0.06273810217691818 0.0515625
2 0.31668162394610067 0.5671875 0.07959821996293304 0.0421875
6 0.4011236336495655 0.9046875 0.06958830290255769 0.06875
6 0.6826563096107977 0.44296875 0.06542659255827132 0.0390625
0 0.511329435834333 0.52578125 0.05443452885594056 0.0375
7 0.598690537378279 0.4546875 0.0750744110699257 0.046875
1 0.5741940567003907 0.8046875 0.07465774881887359 0.0796875
10 0.9490278267175067 0.76953125 0.10194434656498644 0.084375