11 0.5656063202265864 0.7374798238599667 0.050122016805913994 0.08050570616851012
11 0.5129721156642314 0.5570013912304067 0.046296679847775656 0.06326365909060953
8 0.6174407342570313 0.7258934874148031 0.046869682813525236 0.07732615909060954
8 0.5476734264249157 0.4506519797041653 0.05586268083635879 0.06811480032431164
6 0.7262427312912818 0.7137401351413268 0.05630834980971962 0.07905230032431163
6 0.6225540682122391 0.33407418019063256 0.05592634783255335 0.06967730032431163
7 0.48799467889637355 0.4613206984545771 0.04967634783255335 0.06956820616851012
10 0.5697486976794538 0.5517468754020942 0.052928681824942106 0.07274775324641088
5 0.4666515780980708 0.37819455275664826 0.04817751482874755 0.07110343262955983
5 0.6231137782118015 0.5394065624958809 0.05423651384016441 0.06652502678536117
2 0.649716087489611 0.4258895332748877 0.05911501482874755 0.07129434740221222
2 0.6734493592384407 0.529355452511767 0.05774351581733086 0.07595457386326192
0 0.5996670079458465 0.4429718932590017 0.05098417984777566 0.06334547970746059
0 0.6710604827741565 0.7198031745085898 0.05643568380210837 0.08217730032431163
4 0.650834213002493 0.6257668023496111 0.05962435079830275 0.08379434740221221
1 0.5911236319758538 0.635654271100023 0.05512785178688588 0.08840002678536116