9 0.19790415422930002 0.19874152274507903 0.06306656603337357 0.043463209677128446
9 0.2855059735420339 0.29053522456432457 0.0534459045679843 0.03833906203449331
9 0.3958979189286211 0.2463379224546288 0.050566566033373485 0.04288101282028158
9 0.5790479336279422 0.2932429633966729 0.050484678878243726 0.04131851282028158
9 0.7509118882867835 0.4359506559102936 0.058133404567984215 0.03855738585581072
9 0.8651182304394389 0.3488573784077036 0.06948034034363318 0.046879308105551944
3 0.17194476255161448 0.3204880901562558 0.058133404567984305 0.0385573858558109
3 0.2656294855278215 0.40081775310037193 0.04834896879233552 0.03030823821317572
3 0.4653362364323327 0.38584137820281583 0.048512743102595124 0.03343323821317572
3 0.5440234011770823 0.513245094290085 0.04366146879233561 0.03008991439185813
3 0.6154613099289381 0.5847070254311661 0.05155585594746519 0.03201628742738745
3 0.8123429539814728 0.6236369005336101 0.06257524310259513 0.034088209677128486
11 0.880852773067064 0.2877208252645504 0.0874048247398008 0.06174232878371626
11 0.18510093905500907 0.12922738937046754 0.09250176051544959 0.06977315260503385
5 0.5126328810506943 0.6190755632728384 0.05994156603337366 0.04331766046291676
8 0.38004054556830125 0.30981822559778194 0.07137038896415202 0.053202082712657715
8 0.8609353414752869 0.3987846038005977 0.0983423247398008 0.0622517510334573
2 0.5699451713034703 0.40715991418246117 0.06972600180902226 0.05156680810555194
2 0.2876283955228728 0.22014994995721876 0.10023237336031983 0.06857452564056317
6 0.6976651368164455 0.25647717162605926 0.07169793758467105 0.059452082712657714
6 0.24276411635137318 0.5681315316364192 0.064792840343633 0.046660984284234173
0 0.4927762409548885 0.2657300853987449 0.07161605042954129 0.05788958271265772
7 0.6122565812985215 0.22743818093168416 0.07884869629109836 0.07693068114108118
1 0.44436091587640336 0.546977931345969 0.06635534034363318 0.04673375889134022
10 0.8098044521724506 0.6720744005336101 0.10747166327441135 0.0580008986760923