11 0.0929774691607443 0.7217678551628499 0.06553527110331836 0.08810621572854593
11 0.1097088218379623 0.5248851498870606 0.06526253571381498 0.07248121572854575
8 0.15306553531336844 0.729177807737216 0.06241027110331836 0.0879242052052021
8 0.190978187097082 0.43890141823232487 0.06213753571381497 0.0722992052052021
6 0.27370927192068784 0.7620119655167843 0.051418224025417736 0.08416216837349921
6 0.32445493466145003 0.36377886284359606 0.048047762174864596 0.06991765785015547
7 0.11704580925606059 0.41817241830291196 0.08883640340856665 0.08165879465362362
10 0.1711548364484589 0.5441048577230985 0.07315685633066597 0.07762374203690499
5 0.23669801583160788 0.5526145787133162 0.055860262174864596 0.07037268415851479
5 0.13970778774570514 0.329557239335482 0.06537162986961631 0.07873121572854576
2 0.2959366481368562 0.5638852786568466 0.049855724025417734 0.08407116311182747
2 0.3079474987854793 0.45822681285771355 0.057450035713814976 0.07202618942018653
0 0.2129626866933402 0.7475252603115822 0.05467959172016936 0.09215667889684287
0 0.25569920617180547 0.44970938659170656 0.055860262174864596 0.07037268415851479
4 0.22487807995563713 0.6473355445124491 0.0686602711033184 0.08828822625188941
1 0.1555513814977647 0.631567060368052 0.08129663879807003 0.0968287683452644