11 0.5083951848643864 0.6938816480744512 0.062287168373499215 0.05069089067472703
11 0.3202203506776368 0.7167089787157706 0.0688101841585147 0.05545111600890884
6 0.6798360873116958 0.5019952347628592 0.07102513154179632 0.03986247867599957
6 0.2948926689381965 0.5475498987109979 0.06790013154179615 0.03982611600890866
8 0.31490279009782335 0.6603589813812706 0.07947466837349922 0.05089088534372692
8 0.5939679347937992 0.6206083274188142 0.0700086631118273 0.049219297342454026
10 0.49204911902290116 0.638966881405133 0.07533319994353035 0.060211341343090474
7 0.6091687295885971 0.6817640034213597 0.09003273677523324 0.07131247334499946
5 0.6853062953594953 0.6631054574315409 0.07965667889684287 0.05401588534372674
5 0.48990206107392353 0.581871996737724 0.06835515785015538 0.04763861600890866
2 0.5883465373258131 0.5157844674172234 0.07478716837349922 0.05083634134309047
2 0.4898257373399305 0.5294918840706331 0.06955363680346807 0.041406797342454026
0 0.5855708768448217 0.5634407174172235 0.06799113680346806 0.04138861600890866
0 0.3024629742563381 0.605489668045816 0.0696446420651399 0.04296929734245403
4 0.40341852950389256 0.5902470233927245 0.07340667889684287 0.05394316000954511
1 0.4114515664061827 0.6536646333943154 0.07864021046687383 0.06337270401018139