9 0.5664777848567022 0.8980328651699399 0.040553571238402954 0.06565417490485999
9 0.5926025673417715 0.8132413711014388 0.03884560087368065 0.05934050790866543
9 0.6077171146444798 0.7248792080595772 0.037173998100139015 0.05458934091247105
9 0.6312435739912852 0.6290547134967847 0.03699216014423605 0.04677684091247088
9 0.6534257388851741 0.5425415519377977 0.0355023953265972 0.04983817391627667
9 0.6770249334143406 0.44984205737500516 0.035429660144236055 0.046713173916276676
9 0.6976082307170489 0.36170272881982385 0.040262630508958355 0.05315417490485981
9 0.7272392196991321 0.2598829022418089 0.03884560087368065 0.05934050790866543
3 0.45438164152687505 0.17305542840208193 0.043605836056041625 0.06265650889724857
3 0.43803190254479196 0.2754164244477493 0.03866376291777769 0.05152800790866543
3 0.4153957959715281 0.37596025250863896 0.04186149810013902 0.054780341901054186
3 0.3894710352379518 0.46934549657714 0.03862739532659729 0.04996550790866543
3 0.3797525027528824 0.554805494105682 0.038591027735416714 0.04840300790866543
3 0.35275555128986164 0.6356589046760858 0.0370648953265972 0.04990184091247087
3 0.3314637391695145 0.7268913997331699 0.042043336056041714 0.06259284190105419
3 0.3125702284359382 0.8205631452845455 0.042116071238402865 0.06571784190105419
11 0.6270522621552785 0.9184527945234239 0.05981271751493065 0.08829317885919252
11 0.7913562710859029 0.26483699908577896 0.06122974715020853 0.0821068458553869
5 0.39378898043270844 0.15185424904859784 0.06119337955902786 0.0805443458553869
5 0.2518684645682298 0.7946744659310616 0.05981271751493065 0.08829317885919252
8 0.7739707089655559 0.35622866163334904 0.06097517401194459 0.0711693458553869
8 0.6547031770491673 0.8321624674511174 0.06922408510611114 0.09023768083635879
2 0.36802787385944463 0.25227074311709885 0.06577177678548622 0.07604784684397004
2 0.27183416603125055 0.7135345538777831 0.06268314437666671 0.07748301285158128
6 0.6683097757386465 0.7460803874130612 0.05312630642076392 0.06928851087441501
6 0.7468471241437851 0.4651752387056556 0.05465243882958326 0.06778967787060922
0 0.29715951472072966 0.627929976311185 0.05312630642076392 0.06928851087441501
0 0.35618379692145863 0.3470102401513493 0.051418336056041715 0.06297484387822054
1 0.31241953238816017 0.5458178132693232 0.06907861474138902 0.0839876808363588
10 0.7262820106366672 0.5540958172608369 0.0641365416031249 0.07285917984777565
4 0.33182153618788235 0.4404591512160446 0.06413654160312507 0.07285917984777565
7 0.6942163526766325 0.6519138933445603 0.064391114741389 0.08379667984777565