9 0.1663698991167996 0.8280471289920328 0.07011392319868044 0.04887542069139812
9 0.25646370170322436 0.8168391928612287 0.06064799498543501 0.045477636051661816
9 0.3468984850893192 0.7939125067304246 0.057522994985435096 0.045386707838416564
9 0.45052359026216865 0.7737243756933276 0.04810253087881229 0.04355142319868044
9 0.5430748031151502 0.7585419934025894 0.05122753087881229 0.04364235141192587
9 0.6427481941813771 0.7400300226320492 0.05122753087881229 0.04364235141192587
9 0.7330693173009151 0.721009586501245 0.05448892319868044 0.04842077962517113
9 0.8459330301538965 0.7052361708244119 0.06069345909205772 0.04704013605166182
3 0.13439143956252347 0.5588939637109113 0.06350021034569897 0.03619356426490725
3 0.23178927678868427 0.5381064391003051 0.05725021034569906 0.03601170783841638
3 0.3283603999082224 0.5189041465430101 0.05086381802583091 0.031142351411925874
3 0.4137667024946472 0.507832602732074 0.044659282132453626 0.032522994985435004
3 0.49965037820061015 0.4803548089211379 0.04939224623907634 0.03422188730530316
3 0.5999686269469688 0.4665076060972863 0.05086381802583091 0.031142351411925874
3 0.6973437321198184 0.4465013314866801 0.052517246239076346 0.03431281551854841
3 0.8059063898790926 0.417583058129715 0.05725021034569906 0.03601170783841638
11 0.17307688869195836 0.8926408264056083 0.09092652837152992 0.06665395407749272
11 0.8652309479423007 0.7663411553850057 0.08481292069139812 0.07115959765100222
5 0.13696852177411936 0.49715248165759995 0.08100595909205777 0.04763116943775678
5 0.7990630079840658 0.35767686071613985 0.074710494985435 0.045886813011266
8 0.7723842183962718 0.7916797876757439 0.0692788489046432 0.0738299565847754
8 0.26625022717176045 0.8829044620615587 0.088074313011266 0.07593802586424729
2 0.6914861887045937 0.3795411520197935 0.06560827962517113 0.05498902837152997
2 0.2232697346271008 0.48215195579335257 0.07493781551854842 0.05369931301126592
6 0.3535372785045439 0.8608499541439999 0.07686402837152997 0.06624477711788863
6 0.6601198991167996 0.8136804712992657 0.07373902837152997 0.0661538489046432
0 0.5985939950519421 0.40644228431053164 0.058903638558944316 0.03918217194503928
0 0.31499423337345955 0.46855480555592555 0.06519910266556703 0.04092652837152997
7 0.45624474135752535 0.8453720551602142 0.08825616943775678 0.0821880258642473
1 0.3966988744396864 0.45056567201154624 0.07801735141192587 0.05222774122451135
4 0.5028268539857152 0.4248405948145152 0.06538095909205772 0.04717652837152997
10 0.5635033118906387 0.8344452638565606 0.07731866943775678 0.08186977711788863