9 0.5239065525062102 0.8378237217881985 0.028497704722264317 0.06520850593149916
9 0.5431565222555893 0.7511222178338658 0.02687157220870695 0.054207338935304605
9 0.49689966667300317 0.6467822277196975 0.02684430113146803 0.04951983893530461
9 0.5968734373574586 0.37870870695945086 0.025272710772388508 0.047893671939110226
9 0.5522154432111911 0.26805504984908823 0.026826120413308986 0.046394838935304605
9 0.6300273467037915 0.18443478353746584 0.029987481849627427 0.05277217292769345
3 0.3578756116327102 0.10882592437338715 0.03630111436318471 0.06396434091247101
3 0.35021258167667674 0.2177061758562619 0.036228391490547726 0.051464340912471054
3 0.3355455727978822 0.32218542882201145 0.034647710772388506 0.04827567391627659
3 0.4132700761175318 0.5220952455141946 0.028388620413308984 0.04645850593149916
3 0.2617656216898552 0.7868010271488564 0.03627384328594587 0.059276840912470874
11 0.5800565585563344 0.8527192099252006 0.04269656010845857 0.08921900889724839
11 0.6360490459651067 0.49192894855649383 0.039398843285945874 0.05940417490485981
5 0.2455740368899204 0.48206444760509176 0.05188975292686626 0.05835101087441501
5 0.29470344594166564 0.09265443771926 0.05356133723582168 0.0771646778706093
8 0.3416899919067723 0.6085858438410395 0.044149975799503235 0.07053267589344295
2 0.38241602761834237 0.3210566689361797 0.047202252926866174 0.0581600098858317
6 0.4563080455723233 0.23993932011504332 0.034720433645025396 0.060775673916276675
6 0.6138932865953328 0.2725714534994098 0.0362829336450254 0.06083934091247105
0 0.3970860190341354 0.6188256654761386 0.03628293364502548 0.060839340912470875
0 0.44933886544333923 0.6323178211036264 0.03470225292686635 0.05765067391627667
7 0.6708881751590143 0.2764976081383145 0.05043633723582168 0.07703734387822055
1 0.26140409085005895 0.31192836114124506 0.06758747579950324 0.07148768083635879
4 0.3171616488172182 0.7970408487839553 0.05523292154477701 0.09597834486680376
10 0.4846400403077659 0.7402284801911555 0.04270565046753809 0.09078150889724856