9 0.7349054995902244 0.7892593626146688 0.06141268899896417 0.0440954336450254
9 0.6564958633201288 0.6952099016458886 0.053381865177646405 0.03936248184962743
9 0.5437389981424824 0.7349178171405415 0.05508991439185813 0.04249657220870695
9 0.36585374669474036 0.6804990036142373 0.05174659057054054 0.03779089149054773
9 0.20855928515558508 0.5361409913175972 0.05955909057054054 0.03783634328594587
9 0.08929555480029219 0.6149386778894887 0.07093323821317572 0.04727497579950324
3 0.16342237531184087 0.3481733587058439 0.06261131596343472 0.0362920240041051
3 0.35655163709866516 0.3939120638208918 0.05152826674922295 0.03310339149054773
3 0.421027205957584 0.4685166332009284 0.04676799214211709 0.03151362041330898
3 0.48689830087135083 0.597004726683266 0.05003854135632899 0.03465680113146803
3 0.6887155119962213 0.5903633203619952 0.04996576674922295 0.03309430113146803
3 0.7707959578196109 0.6726758506126164 0.056361315963434674 0.03625566256778647
11 0.7402243922704608 0.8595218656397311 0.09233735731976367 0.07083065046753845
11 0.07001470781961082 0.6767528766598249 0.09360875889134015 0.0645897408266178
5 0.46414796733012353 0.3643876694034777 0.06482878742738726 0.050363614363184706
8 0.09236920492412669 0.565715382709949 0.09509848428423429 0.06303633118569749
8 0.565290820516058 0.6746524828315861 0.06639128742738745 0.050372704722264315
2 0.38646380728149154 0.5733768500234412 0.06788101282028158 0.04881929508134384
2 0.6425018298216829 0.7608985341594459 0.10312930810555195 0.06776928298109546
6 0.728533644956548 0.42298946800086307 0.06482878742738744 0.050363614363184796
6 0.24564825455262315 0.7124398709042883 0.06973461124870503 0.05507838544042354
0 0.44873686724907025 0.7120393742239379 0.06646406203449332 0.051935204722264317
7 0.3293126251069531 0.743975696334449 0.08474318114108118 0.07547269867214013
1 0.5263525607961481 0.43744337432213387 0.069661836641599 0.05351588544042372
10 0.1720011627392283 0.29813699726952547 0.11094180810555185 0.06781473477649361