9 0.6269510215037648 0.8548570522572202 0.03859094155801372 0.0635911385589445
9 0.6480799533225458 0.7666978227111916 0.036946620941162675 0.058858174452321776
9 0.6582304748329013 0.6765130919115213 0.04007162094116268 0.058949102665567035
9 0.6760434918790299 0.577507290578738 0.036782979707460584 0.049483174452321775
9 0.6932389001588606 0.48789922129926566 0.03683752678536116 0.0526081744523216
9 0.7126280539744643 0.3896292058598595 0.03683752678536116 0.05260817445232169
9 0.7274797122542949 0.30008933274032135 0.03998980032431163 0.05426160266556703
9 0.7513927248361967 0.1923079249810471 0.03853639448011279 0.06046613855894432
3 0.4751654155834313 0.12999710774663895 0.036946620941162675 0.058858174452321686
3 0.46373876623205434 0.23663355265293173 0.03683752678536116 0.0526081744523216
3 0.44678881980277685 0.34030412193240395 0.032095479707460586 0.04934678213245362
3 0.42582352921769795 0.43783835147843286 0.032013659090609534 0.044659282132453626
3 0.41953834739891693 0.5255656720115462 0.03206820616851012 0.04778428213245363
3 0.3998355478853843 0.6058669374509524 0.032122753246410875 0.050909282132453625
3 0.38273559699187987 0.7009437567304245 0.03373980032431163 0.05407974623907634
3 0.3680475799457513 0.7998586298499626 0.035465941558013546 0.06350021034569905
11 0.6874345539711689 0.871856684152247 0.05616027110331832 0.08596624373179367
11 0.8170177248361966 0.19039843250289448 0.062410271103318135 0.08614810015828459
5 0.41310574634655206 0.11226168995823486 0.05295345048646727 0.08118781551854845
5 0.30750950040044656 0.7797339979549359 0.05292617694751698 0.07962531551854841
8 0.8077711842511176 0.2875916812492532 0.06518071509696384 0.06592652837152997
8 0.7108799622509996 0.7820667584462843 0.06230117694751698 0.07989810015828454
2 0.3947023940730758 0.22222772334432972 0.0573954886359143 0.06726170783841656
2 0.3231287719108019 0.6893901427820864 0.0574227621748646 0.06882420783841656
6 0.7202492337613551 0.6919047596999255 0.05120003571381489 0.07020485141192587
6 0.7847076055165918 0.39925660695521614 0.05583298863591431 0.06721624373179384
0 0.34354463757695874 0.605159895289369 0.04475912094116259 0.05908549498543501
0 0.3869910799490466 0.3178130079840658 0.046348894480112965 0.06069345909205772
1 0.3561343664736404 0.5203757183297648 0.05750458279171564 0.07351170783841657
4 0.3683422658250173 0.4137165413701607 0.057450035713814886 0.07038670783841657
10 0.7691292443146619 0.49194421212806566 0.06685230925276535 0.07222199247815268
7 0.7404469111159091 0.595174512207208 0.06857845048646745 0.0816424565847754