9 0.6059137162181937 0.15132184238863539 0.036239028371529966 0.06526290145127885
9 0.5885012441940123 0.24012144756077852 0.03288670783841656 0.05734127404661713
9 0.5100065196625483 0.3092013189749904 0.031142351411925874 0.05103671034428627
9 0.4912802855641729 0.604087233040141 0.029397994985435005 0.04473214664195524
9 0.40862925844628417 0.6818972637101801 0.03105142319868044 0.04791171034428636
9 0.44432741455620584 0.7961581711519087 0.03444920783841656 0.057395837748948075
3 0.17805520836714192 0.720386877952816 0.04543217194503919 0.05934028366526398
3 0.21138819708437087 0.6208853857573642 0.04842077962517113 0.054761911069925694
3 0.23925243580159977 0.5215748665200705 0.0436878155185485 0.053035719962933214
3 0.3854407771843957 0.3791095696079626 0.03739235141192587 0.05125496515360961
3 0.35730638314866797 0.05854409846390316 0.044051528371529966 0.0655357199629331
11 0.6601011110453443 0.1665996128070554 0.04441524122451135 0.07803571996293313
11 0.567840437055241 0.5210267071794253 0.0423071719450391 0.05923115626060227
5 0.1177087417532368 0.7022023623437192 0.06762542069139794 0.07104167549789597
5 0.2246684132360576 0.3254091946503716 0.061329956584775226 0.06926092068857255
8 0.35766878134103075 0.26066959365457976 0.05374477711788863 0.07680060217691817
2 0.2791500100956369 0.5451562102594683 0.05949467194503919 0.059831356986241604
6 0.3118595585254265 0.6548387451058586 0.04864810015828454 0.06257441106992552
6 0.4631887263138307 0.7112102522774346 0.042534492478152684 0.06704365626060227
0 0.41011181974169053 0.28225192777533065 0.044051528371529966 0.06553571996293313
0 0.4611742145688411 0.29763882559841237 0.04248902837152997 0.06548115626060227
7 0.5109215326611791 0.7337375275051782 0.04928459765100222 0.08444941106992551
1 0.17065319998736472 0.4919717012737935 0.07709134890464334 0.07449405771188111
4 0.4082323856559505 0.07861849628698492 0.065500631037097 0.10530754809323421
10 0.5329332057933526 0.2186482408446893 0.047903954077492726 0.09064484736759484