9 0.8730685984051387 0.32021951885744243 0.06820579255305574 0.04648768083635879
9 0.7828618257037151 0.29855808307816767 0.057195557370694414 0.04291701186299814
9 0.6808077100123956 0.34913906182362947 0.05083645459715278 0.037974843878220546
9 0.39806990482590254 0.23361358501815302 0.04934668977951393 0.04103617688202608
9 0.2882214729301734 0.2830949787826428 0.050872822188333354 0.03953734387822054
9 0.19645350664951372 0.1941187090109793 0.06039329255305561 0.04616934585538686
3 0.16390788468993017 0.4836932035737719 0.05853985182361114 0.03360567885919252
3 0.2676868481207982 0.4933958088206989 0.049092116641249996 0.030098676882026075
3 0.3720470398001732 0.5117239975657231 0.04593074905006951 0.02840884288963732
3 0.5590398531547913 0.4403622866147585 0.04600348423243048 0.03153384288963732
3 0.8361627847661801 0.5955405124316517 0.06322735182361114 0.03379667984777566
11 0.5116973001524998 0.18976010874414923 0.06380923328249999 0.05879667984777566
11 0.8831352358479512 0.2572884373365116 0.08572060087368065 0.061250517794497125
5 0.15233329863388842 0.5442168680985082 0.07449216014423614 0.0483048488211363
5 0.5372706898764232 0.602911366158523 0.058758057370694415 0.042980678859192524
8 0.6527885467340273 0.5114334733826164 0.07122168977951393 0.04192751482874755
2 0.3654164865135413 0.46062441258475123 0.06809668977951393 0.041800180836358794
6 0.2851886983288887 0.2118102277940596 0.07009560087368065 0.06061384783255326
6 0.2756104105254858 0.3881498933073792 0.060247822188333355 0.0399193458553869
0 0.6670712119122566 0.4017547258540743 0.06337282218833344 0.04004667984777566
0 0.6587307286297566 0.4577182243711996 0.06333645459715279 0.038484179847775656
7 0.28673432095406237 0.1454039777940596 0.08775587955902786 0.0816266847906915
1 0.36968379958381903 0.5796609140676259 0.06515352773541672 0.04948534684397003
4 0.8421958856398607 0.537919013420235 0.09785692496187508 0.04613485376405215
10 0.7775008720564928 0.3608989155876817 0.09200696846486114 0.06306768577927464