9 0.13421193164496464 0.6580249412027157 0.06340928213245363 0.03452548620519007
9 0.22414660985821003 0.6596084526226764 0.05555131802583091 0.03255355042954129
9 0.3143768047645028 0.6510357140426372 0.05555131802583091 0.03255355042954129
9 0.41386833940423895 0.6468605483933765 0.044613818025830906 0.03198034034363317
9 0.5031581599373522 0.6437156162357722 0.04773881802583091 0.03214411465389251
9 0.6010417304704656 0.6410210634313817 0.04773881802583091 0.032144114653892684
9 0.6895957651102018 0.6362726876962127 0.050954746239076344 0.03543288896415202
9 0.7983486394833811 0.6364950949777304 0.052426318025830906 0.032389776119281774
3 0.7885179645688412 0.3558658926937383 0.06046613855894432 0.040611711894930555
3 0.6840661452893689 0.3691703968776098 0.047920674452321774 0.03839411465389251
3 0.5829893785963215 0.3740449253717409 0.051045674452321776 0.03855788896415202
3 0.48358877216983076 0.37509509102100164 0.04475021034569906 0.036667840343633
3 0.3963471849436699 0.3885191039113004 0.044704746239076346 0.035105340343633086
3 0.3103414887837359 0.386359060379164 0.050954746239076344 0.03543288896415202
3 0.2155829182506225 0.389217387493814 0.057295674452321685 0.03888543758467104
3 0.11834420539764105 0.3966403838757694 0.058812710345698974 0.0374048247398008
11 0.1355865635399914 0.7183449655129752 0.08256845909205772 0.049570632066747146
11 0.8145897534317192 0.6968117972617226 0.08114235141192587 0.05417624491161739
5 0.11864573376917101 0.3324959967206397 0.0811878155185485 0.055738744911617386
5 0.7880609749936823 0.2908993119610437 0.07493781551854858 0.055411196291098364
8 0.22545304559330276 0.722272226932936 0.08127874373179385 0.05886374491161739
8 0.7227743264721151 0.7060838986866321 0.06873327962517131 0.056646147670579336
2 0.6822512441940123 0.2970906789897855 0.0704321719450391 0.06141553482570909
2 0.20641851840890707 0.3277066774079057 0.07194920783841648 0.05993492198083885
6 0.3165099546062183 0.7121779319304615 0.06836956677218975 0.04414614767057934
6 0.6107600597790677 0.7103852170948548 0.06372753087881229 0.04546298620519007
0 0.2994781966221524 0.329453963138126 0.06542642319868044 0.050232373360319826
0 0.5879784069678514 0.31014619968200036 0.05917642319868044 0.049904824739800804
7 0.4136122751393317 0.7094424355485062 0.07810827962517113 0.057137470601357876
10 0.5175185251393317 0.7148879313646346 0.06560827962517113 0.056482373360319825
4 0.48933631848804937 0.31201855890882596 0.06735263605166182 0.06281426051544958
1 0.3834356594751339 0.32133492593756774 0.07677310015828462 0.06486808344622812