9 0.7204201644144984 0.840875106760695 0.0363011143631848 0.06333645459715279
9 0.7159866735878805 0.7501591877827437 0.03627384328594587 0.05864895459715278
9 0.7006247731203423 0.6607511956665284 0.03938975292686635 0.05715918977951393
9 0.6898821949597069 0.5597335563238548 0.03621021077238851 0.04771145459715278
9 0.6815469993126289 0.469707968367952 0.036228391490547907 0.05083645459715278
9 0.6723714663315334 0.3695079466164589 0.036228391490547907 0.05083645459715278
9 0.6616925206844554 0.2794278072737853 0.03779998184962743 0.052435322188333355
9 0.6540204003693424 0.16910790311347276 0.03783634328594587 0.058685322188333354
3 0.3705039184215191 0.17578843531420169 0.03627384328594587 0.05864895459715282
3 0.3898675176593933 0.2816935964083684 0.03467498184962743 0.052362587005972294
3 0.40219077653818786 0.38587260334222256 0.03153180113146821 0.04916485182361115
3 0.4097992643397436 0.48525500750253503 0.029942030054229286 0.04444098423243048
3 0.4282679840891226 0.5716107348011115 0.03152271077238851 0.047602351823611146
3 0.43187477312034234 0.6544959699834726 0.03154089149054773 0.05072735182361114
3 0.4418088302037388 0.750807925530556 0.03155907220870695 0.053852351823611144
3 0.45566277282575474 0.8495545500555906 0.033176114363184794 0.06326371941479181
11 0.7836968692349586 0.8415667442035076 0.05516928903121965 0.08408536569131933
11 0.717192566060387 0.15183079055628532 0.06142837939029935 0.08579333605604171
5 0.3056601684215191 0.17427918028020858 0.050463608313060515 0.08085126291777782
5 0.39158209210759554 0.8449384788171879 0.050454517953980905 0.07928876291777769
8 0.7349345779642437 0.24754333405927148 0.06443520472226431 0.06555357123840277
8 0.7808213332288009 0.7501059428167368 0.059829517953980726 0.07950696846486113
2 0.3188010387366321 0.28472637100965303 0.05506929508134393 0.0668978656913195
2 0.38167985128097764 0.7540952732701045 0.05507838544042354 0.0684603656913195
6 0.7646736375817229 0.6598985169049312 0.04882838544042354 0.06831489532659737
6 0.7441919241770558 0.3618058558107645 0.05350679508134384 0.06686149810013893
0 0.3780503363520588 0.6673037880877434 0.04408634328594587 0.058830792553055566
0 0.3388731651018694 0.37814971589941 0.04565793364502548 0.06042966014423614
1 0.3650549117822197 0.581856597358299 0.05666815651766246 0.07318423328249998
4 0.3472538125443455 0.47598780385531275 0.05508747579950324 0.07002286569131932
10 0.7556703005422929 0.45502917894902845 0.06447156615858277 0.07180357123840295
7 0.7570696949597069 0.5612973627446187 0.0660886083130606 0.08121493882958344