9 0.1672072653974013 0.8686611111784261 0.05972250988583174 0.04923067885919252
9 0.27374908406675086 0.8035865509120335 0.053281508897248565 0.04428851087441501
9 0.3736482663859845 0.8817526546760857 0.05028384288963732 0.047286176882025896
9 0.5688334323935956 0.8865860292003849 0.046967841901054186 0.0424713428896375
9 0.7741337446371546 0.7951174066904331 0.05934050790866543 0.03985567885919252
9 0.8638740183631508 0.9110872579830275 0.06584517589344294 0.046360346843970036
3 0.8693149575652857 0.6235063449411659 0.06195617193911005 0.02748301285158128
3 0.6657124550938276 0.6035108854358949 0.04951983893530461 0.028536176882026077
3 0.5811902164625342 0.6538836171471062 0.0432698389353046 0.028281508897248564
3 0.47564982368662756 0.7626763439154016 0.04996550790866543 0.039473676882026076
3 0.2767865593521715 0.6867173858930056 0.052899506920082294 0.03491351087441501
3 0.16520707220375278 0.7430071951708148 0.05940417490485981 0.04141817885919252
11 0.14491311273566293 0.9340486892393158 0.08555018083635883 0.07056185079830257
11 0.8618605322033153 0.9721667490485979 0.08685801285158128 0.0556665019028042
5 0.5728272767289267 0.5443494496566201 0.062210839923887915 0.03373301285158128
8 0.3685668355496256 0.8144696541817942 0.07403967787060939 0.0560536818249421
8 0.8736509249792219 0.8639085104544855 0.08842051285158128 0.06443918479069169
2 0.5852476581733079 0.772601783649009 0.056533842889637496 0.047540844866803766
2 0.2626152658916929 0.8748885479462839 0.08698534684397004 0.06750051779449748
6 0.29872127326888565 0.5168014753226016 0.05608817391627667 0.036603344866803764
6 0.6754136962337601 0.9564448844473116 0.07129667984777566 0.06530134783255334
0 0.4769961008726648 0.8914234264249157 0.0633568458553869 0.06185801285158128
7 0.5844212817090237 0.9607524286306373 0.07824701680591399 0.07849514273872557
1 0.4874282876033417 0.5923465978697343 0.06402800790866543 0.04004667984777566
10 0.8759986976794538 0.576981513420235 0.10309050790866543 0.04163835475263546