9 0.20142114546082907 0.11817122512391362 0.06106647477225655 0.05154921189493056
9 0.3051761172378607 0.20860919662978264 0.05621528366526398 0.04661605042954129
9 0.4063095421027844 0.15698249886834623 0.05325397477225664 0.05113977611928182
9 0.5988070661494016 0.19826367537174083 0.05319941106992569 0.049577276119281775
9 0.7994568852940281 0.33900926334052467 0.057614092558271324 0.042010437584671045
9 0.8921404038983496 0.24638907338100444 0.06893353847458741 0.05352114767057934
3 0.8951761569783925 0.5343018311829206 0.06509921034428637 0.033044873360319825
3 0.6929588925504222 0.5049883881711825 0.054107146641955414 0.03090916327441153
3 0.6093626533501955 0.4335427561044355 0.044786710344286364 0.03198034034363317
3 0.5048611479078998 0.29939572817613136 0.04969246515360979 0.03847600180902226
3 0.3092956767638403 0.3265779466297826 0.05120040145127884 0.03699538896415202
3 0.2011533053496284 0.24448806365852435 0.057614092558271414 0.042010437584671045
11 0.8929737284004535 0.18092784769126394 0.08828373920022656 0.07169129353213637
11 0.17868056070710597 0.047575442107226834 0.09464286660488849 0.07514384215265536
5 0.5982837988110244 0.5405773281307028 0.05750496515360961 0.03888543758467104
8 0.4031597494518458 0.2231021438253921 0.0692063569862416 0.06133364767057934
8 0.9024529105217717 0.29605820273421807 0.0960416754978958 0.07053822930778511
2 0.6146453756753811 0.31684657903521396 0.0594494110699257 0.049904824739800804
2 0.2963889050794759 0.1356253980092636 0.08661211179556512 0.06848440637700656
6 0.7072445595259796 0.15481796980838833 0.07411211179556502 0.0678293091359686
6 0.3255084977225653 0.500547713138126 0.06386409255827141 0.04233798620519007
0 0.5074454561679349 0.17242047037421523 0.06775298439090349 0.06437676051544958
1 0.5155233733131285 0.4707351396415206 0.06866071996293321 0.04570864767057934
10 0.9007465998994835 0.582162799070745 0.10788691106992587 0.05244332654882307
7 0.6150198539910168 0.12659007123329785 0.08107143992586625 0.0884693577564876