9 0.15936572281089698 0.35666652864418286 0.06627956493480816 0.038263616008908666
9 0.24744242126876942 0.3673580332988652 0.056850017856907444 0.035029528007635945
9 0.3265474943212524 0.4445466946212749 0.05057274431795715 0.03339430267345413
9 0.6148969281686283 0.4372859885821402 0.04588524431795715 0.03333975867281787
9 0.6994571144516362 0.5151922652371408 0.045857970779006864 0.03177725867281787
9 0.8080469103117208 0.4694065032225051 0.05843979139585791 0.03661020934118149
3 0.7664598336090851 0.7487400145608231 0.06172843262955983 0.04602157200827239
3 0.6646070073101912 0.7218058919080497 0.055451159090609534 0.04438634667409058
3 0.5634127000860208 0.7018939285885036 0.05227161201270878 0.04122498400699968
3 0.4111661818220762 0.5638501306095026 0.04906479139585791 0.03650112133990877
3 0.10555138149776469 0.6205204906508643 0.06326365909060953 0.044477253341817756
11 0.16896859375205958 0.2987540313096829 0.0851932061685102 0.04785679201145401
11 0.5247998080382447 0.3633495965945488 0.06172843262956 0.04602157200827239
5 0.3800956396154395 0.7329273946133206 0.0635091209411626 0.058539753341817755
5 0.758296731742646 0.8136655805617774 0.07762616801906326 0.06182838534372692
8 0.2995604801177929 0.6034222552912292 0.07431025324641087 0.05085452267663584
2 0.5821451091766303 0.657934843252731 0.06509889448011297 0.0601204346753633
6 0.6852252447282895 0.6145564659055044 0.06013865909060954 0.04444089067472703
6 0.7200111221622738 0.45637124856782274 0.06326365909060953 0.044477253341817756
0 0.3146048275200052 0.5470086232893202 0.06167388555165916 0.04289657200827222
0 0.3225497410748416 0.4945830572883657 0.061619338473758486 0.039771572008272395
7 0.7381531960255358 0.40148375389882285 0.08066934740221221 0.05717724801081765
1 0.5449706172943052 0.7739689232575035 0.07315685633066593 0.0742738413430903
4 0.11588095536102658 0.5657239026495917 0.10268071509696393 0.06524428668045382
10 0.23471455032760682 0.42530689330045607 0.08996252678536117 0.052598836012090366