9 0.8474926582443368 0.7240303685550961 0.06380952885594056 0.03822725334181776
9 0.758184621583848 0.7180354545671864 0.05906746515360979 0.03661020934118149
9 0.6677406708582085 0.7018933812460494 0.05755952885594055 0.03815452800763595
9 0.5672223156860654 0.688213236592958 0.04651290145127884 0.03490225867281786
9 0.47696933791858404 0.677539913271821 0.04812996515360979 0.03648294000636341
9 0.3765328282999372 0.6662035186187294 0.051309528855940555 0.03808180267345414
9 0.28778778683012485 0.653949513964047 0.051309528855940555 0.03808180267345414
9 0.17649562276497432 0.6450841386457737 0.05755952885594055 0.03815452800763595
3 0.8828844881039185 0.4617934505490508 0.0605208377489479 0.03350339067472703
3 0.7854365692294445 0.44651444322886846 0.05750496515360961 0.036592028007635946
3 0.6912773414619631 0.4358865732415952 0.054161710344286365 0.03030566534054522
3 0.6058482729503087 0.42906495591982186 0.04796627404661713 0.031795440006363404
3 0.5184201948200077 0.4097615199315941 0.04478671034428618 0.030196577339272324
3 0.42197178075485703 0.40072342194463884 0.048075401451278844 0.03492044000636341
3 0.31751989373154854 0.386307480625411 0.05120040145127884 0.034956802673454315
3 0.2128224700477511 0.3648602893061831 0.0575049651536097 0.036592028007636036
11 0.8418627063375709 0.7866212752228232 0.08154266587924894 0.05405224801081765
11 0.1544321390070431 0.707084699315728 0.08488592068857255 0.06033861067790873
5 0.8837996581595189 0.39847583788196 0.08132441106992587 0.04780224801081765
5 0.22152285825218604 0.30067051997136496 0.07373016587924912 0.053961341343090476
8 0.7480035789329094 0.7845871552355499 0.07879961179556502 0.06495338534372692
8 0.24800108973268253 0.7231904099697741 0.0693154843909034 0.06171929734245403
2 0.32759180897782547 0.31663077995704747 0.06440972958157998 0.05541475334181776
2 0.7959177122432028 0.3885564925605049 0.07216766587924912 0.05394316000954493
6 0.6605755008026082 0.7652837192473221 0.07055060217691818 0.052362478675999566
6 0.3610467267559911 0.7375063539545021 0.06898810217691827 0.05234429734245403
0 0.7058011437315486 0.38178941923936793 0.06553571996293321 0.0429329346753633
0 0.419734668959292 0.3366609219446389 0.06095734736759475 0.04600339067472685
7 0.5609748048862923 0.7555007339274579 0.08041667549789597 0.06653406667727228
1 0.6232515385594054 0.36790018925050383 0.07852679328391084 0.057140885343726744
4 0.5162922104291042 0.34882401993159406 0.06748016587924913 0.053888616008908666
10 0.4568775819281342 0.7512410426082299 0.07254961179556503 0.06488066000954511