9 0.13210161363756193 0.16870499648534334 0.06320911201270882 0.04353598428423431
9 0.22364423133231362 0.15663518196965068 0.05693183847375849 0.0416823858558109
9 0.31700271915744904 0.2194198182397463 0.050627291395857824 0.03826628742738745
9 0.618216391640739 0.13591584367542167 0.04443183847375849 0.04110018899896399
9 0.7178248794658745 0.1984093815170939 0.04755683847375849 0.04124573821317572
9 0.8214641225660155 0.11942389475166022 0.0538341120127086 0.04309933664159913
3 0.13105771631807522 0.4521168099675787 0.0613466030842551 0.02627570967712849
3 0.42596288758354933 0.3275340711352304 0.044240923701106105 0.030162688998963995
3 0.6030418104738766 0.4238888786216098 0.04577615016215582 0.028672963606069857
3 0.7069753340128269 0.41748686724907025 0.04415910308425506 0.025475188998963994
3 0.8138838530875503 0.41953305666231905 0.05358865016215582 0.029036836641599173
11 0.13245221550400105 0.10389763378889627 0.08532957386326187 0.0586173287837163
11 0.5075885831987528 0.07861922808349048 0.06509889448011297 0.06235875889134015
5 0.42619689245481335 0.49301352192101877 0.0567681972400564 0.03230738585581072
5 0.8144099586074376 0.4788352820552131 0.0677056972400564 0.032816808105551945
8 0.3233776298729116 0.39085817059711114 0.06617047077900687 0.034306533498446076
2 0.6172230872592378 0.37170779446120994 0.05372501785690744 0.03684933664159917
6 0.7167106185088258 0.306966744213541 0.05687729139585791 0.0385573858558109
6 0.7347180990270653 0.1250253854460353 0.07132162094116268 0.06108735731976358
0 0.3236191375835493 0.3323008079006641 0.06310001785690744 0.03728598428423435
0 0.3230657585247119 0.27456108250776995 0.06630683847375848 0.042119033498446076
7 0.73823461120193 0.057728723535376524 0.08102390340856669 0.08027400496239871
1 0.5956735953769126 0.4882424770500332 0.06156479139585791 0.03877570967712849
4 0.13288899756766331 0.3919241726640258 0.09906479139585782 0.04052230024766903
10 0.21867431331325035 0.21775461848741534 0.09325116801906326 0.06523120181924558