11 0.8055532429692367 0.5755651664275407 0.06733427678548623 0.07611151384016442
11 0.7606550510055212 0.39362675832859484 0.06246493882958344 0.06810801285158127
6 0.641909623478195 0.633844534526049 0.0564695119678472 0.07879084486680377
6 0.54637173261691 0.2584718028148377 0.05018314437666671 0.07697367688202608
8 0.6768417890376739 0.32040677562880043 0.06104790919430556 0.0742943458553869
8 0.7503572499030907 0.5895440947924416 0.061084276785486225 0.0758568458553869
10 0.7080573810776393 0.41844768619920425 0.07209451196784719 0.07942751482874755
7 0.737197407578785 0.29292376277721915 0.0833229526972918 0.09237318380210838
5 0.6512807042159032 0.4317090315602995 0.054725174011944586 0.07091467787060939
5 0.7065818807932989 0.22066410220681543 0.06431837955902786 0.08067167984777565
2 0.5959028731938545 0.4378754599252003 0.05014677678548622 0.07541117688202625
2 0.5726270677230211 0.34498496437382464 0.061084276785486225 0.0758568458553869
0 0.6977050285884381 0.612021272663051 0.05952177678548622 0.07579317885919253
0 0.6201196635627086 0.3360118709898957 0.05468880642076392 0.0693521778706093
4 0.6703593189572921 0.5122586946021611 0.0689695119678472 0.07930018083635879
1 0.732459275454306 0.49252451475438547 0.07841724715020834 0.08280718281352506