9 0.8663607374634719 0.5025125188587756 0.06649782218833344 0.03979167549789597
9 0.7810596703091315 0.4721677652305784 0.05864895459715278 0.0379563569862416
9 0.6915977800165274 0.4526241023465543 0.05864895459715278 0.0379563569862416
9 0.5952682938842357 0.4258036528020412 0.04607621941479181 0.03439484736759475
9 0.5090586901607635 0.4009003673226787 0.04923758700597229 0.03606647477225646
9 0.4143098878240622 0.3733532314804965 0.04923758700597229 0.03606647477225655
9 0.32882698271381916 0.35082097785229943 0.052435322188333446 0.03930060217691818
9 0.22484865074184004 0.3166964597961321 0.05552395459715278 0.037847229581579975
3 0.14433830746760368 0.5844171839354164 0.06351829255305556 0.04593254809323426
3 0.24864394776020787 0.6044792019915838 0.050945557370694415 0.04237103847458741
3 0.34655411768808975 0.6305729652384277 0.05407055737069442 0.04248016587924912
3 0.44202961863802026 0.6604911329317753 0.04774782218833344 0.039136911069925694
3 0.5292568617041662 0.6752654502623032 0.04614895459715278 0.03751984736759475
3 0.6107062302452771 0.7031300446346732 0.052435322188333446 0.03930060217691818
3 0.7023300325819786 0.7305680530721936 0.06035692496187508 0.04426092068857237
3 0.7979691876922217 0.7534549707655414 0.06028418977951393 0.04113592068857237
11 0.8841307721327428 0.44449168773324954 0.08564786569131969 0.05763393992586607
11 0.22864710438906233 0.25427830534962836 0.08415810087368066 0.060704376223535306
5 0.7762383516361798 0.8136831426352401 0.08419446846486114 0.06226687622353531
5 0.12413360382038141 0.6462624195074461 0.07794446846486114 0.06204862141421188
8 0.798866072569583 0.41258443410505247 0.08582970364722228 0.06544643992586625
8 0.31887206088607617 0.274630500084818 0.07325696846486114 0.0618849303072194
2 0.22673127374826332 0.6725198738612826 0.07492857123840287 0.06662699400955034
2 0.6907554465259368 0.7911508890070431 0.07649107123840296 0.06668155771188111
6 0.7093859984813886 0.3938220212210283 0.0714398953265972 0.050892866604888454
6 0.42762881183600676 0.30501245924797793 0.06675239532659738 0.050729175497895976
0 0.6031106293715967 0.7607242898253498 0.06842399810013902 0.055471239200226743
0 0.3209352154276383 0.6898834778522994 0.062173998100138926 0.055252984390903315
7 0.6161815123490969 0.3671106990811769 0.08110583605604163 0.06372024881887368
10 0.5177628493550692 0.32927090398316755 0.07013196846486132 0.061775802902557686
4 0.41566583396874945 0.7182118636944816 0.07340243882958326 0.06813493030721922
1 0.5206618052834022 0.7422074136018144 0.08125130642076392 0.06997024881887377