9 0.8161155182606492 0.3036726162156129 0.06627956493480838 0.04055653349844608
9 0.740749099834549 0.4205562092673529 0.05210797077900686 0.03365156203449331
9 0.5381638421239112 0.3713503835840085 0.045857970779006864 0.033360463606069854
9 0.3566235158250173 0.4079536253118409 0.04898297077900686 0.03350601282028158
9 0.2697332163114846 0.49175289061332184 0.045857970779006774 0.033360463606069854
9 0.1618701233734993 0.44908170120007307 0.05849433847375849 0.04175516046291676
3 0.866050883112732 0.566405902609543 0.06011138555165942 0.044952935070022626
3 0.6690764715864904 0.6146743904084341 0.0522170649348082 0.03990156203449331
3 0.5808537228043065 0.577343518406362 0.04906479139585791 0.038193512820281585
3 0.4668264046230874 0.49508329011798374 0.04432274431795715 0.03485018899896399
3 0.28247076988220704 0.5943684683635808 0.05528751785690744 0.036922111248705036
3 0.1747985917168741 0.5626347789503321 0.05528751785690753 0.036922111248705036
11 0.13118713920181185 0.3934331687350843 0.08697389448011292 0.06337760339082213
11 0.8080615105500115 0.2454063519475893 0.08217730032431163 0.056909279569504534
5 0.585242988225582 0.6944218564957032 0.06350912094116268 0.06072348428423435
8 0.36236104707460537 0.4678915514905233 0.06638865909060954 0.04680653349844608
8 0.8340939508902092 0.3481845955374485 0.08993525324641069 0.05414815260503385
2 0.5688565089251585 0.47234780335255006 0.055396612012708776 0.043172111248705035
2 0.25071443506189656 0.43243354859503913 0.0836307061685102 0.0507320541766104
6 0.6330030093321956 0.29499974524699824 0.06479888555165907 0.045171258891340126
6 0.3175293827056948 0.7663140889179108 0.07296594155801364 0.06584763192686935
0 0.45241725689656354 0.38629048697483065 0.06011138555165925 0.044952935070022626
7 0.5456530137964224 0.3076688732449263 0.07757162094116268 0.06137845574818694
1 0.4970747865212985 0.6602159844936313 0.07143071509696383 0.06733735731976367
10 0.8794509098980932 0.6173862057526962 0.10909435633066593 0.07845894789030403