9 0.6989851288989284 0.8449364130909369 0.03616987336031983 0.0648262194147918
9 0.7060363110565325 0.7556011561570828 0.034116050429541286 0.055414851823611146
9 0.7019452753263123 0.6626142223614926 0.03551477611928178 0.052326219414791805
9 0.7036948038204434 0.5616693182011799 0.03189845318850324 0.04287848423243048
9 0.7051953488229177 0.4708988478364578 0.03198034034363299 0.04444098423243048
9 0.7078489580497433 0.372279509880555 0.03189845318850324 0.04287848423243066
9 0.7085682530522177 0.28152722331142305 0.03691350180902227 0.04923758700597229
9 0.7144730150380053 0.17031696637756885 0.034116050429541286 0.055414851823611146
3 0.43071881275401325 0.15893075038124965 0.03551477611928178 0.05232621941479172
3 0.4378086957252714 0.26436313279006907 0.03222600180902226 0.04912848423243066
3 0.4378263851189648 0.369177919359201 0.030663501809022265 0.049092116641249996
3 0.4320068323145743 0.46708874249746496 0.028773453188503238 0.04280574905006951
3 0.4420203194242756 0.553680205928333 0.028937227498762753 0.04593074905006951
3 0.43398316937884707 0.6391273966577774 0.03222600180902226 0.04912848423243048
3 0.43206986657445656 0.73694730081809 0.034197937584671045 0.05697735182361115
3 0.43402187019250116 0.833895036000451 0.0311548247398008 0.05846711664124982
11 0.7625529839418825 0.8489322756481243 0.05253185775648763 0.07925239532659703
11 0.7788254421072269 0.15943271134357576 0.05886374491161739 0.08096036569131951
5 0.3709486601065929 0.8244122396476733 0.047844357756487634 0.07914329255305574
5 0.3663697077110591 0.15495307161965247 0.04743492198083885 0.07133079255305556
8 0.7711257225219218 0.7587794011230896 0.057137470601357876 0.07779899810013902
8 0.7829983649925769 0.25398214513916606 0.056564260515449404 0.06686149810013893
2 0.37327139868663217 0.7344048354873609 0.05039614767057934 0.06827852773541672
2 0.3665511714150119 0.26289285818878444 0.05335737336031983 0.06522626291777778
6 0.7671165739468313 0.6673549673274994 0.048506099050060314 0.06199216014423605
6 0.7804642644721784 0.36980716689065907 0.0483423247398008 0.05886716014423614
0 0.37463034430036196 0.35735137300642333 0.04349105042954129 0.05563305737069442
0 0.3795413308442363 0.6450877623490969 0.042092324739800804 0.05872168977951393
1 0.37672286804479455 0.5614576447579165 0.05384869629109836 0.07460126291777769
4 0.37193579149597145 0.4551894609623261 0.05335737336031983 0.06522626291777786
10 0.7807309373575284 0.4644475196642007 0.0628142605154494 0.06700696846486114
7 0.7712917395960921 0.567918011780416 0.06001680913596861 0.07318423328249998