11 0.52890625 0.26015625 0.0296875 0.07265625
11 0.534375 0.4484375 0.03203125 0.05390625
6 0.36875 0.63828125 0.0390625 0.0640625
6 0.36484375 0.2515625 0.0390625 0.075
8 0.471875 0.54296875 0.03984375 0.05234375
8 0.4765625 0.26328125 0.03125 0.07734375
10 0.4765625 0.4421875 0.0359375 0.0640625
7 0.5328125 0.5484375 0.0359375 0.06484375
5 0.53125 0.63125 0.03203125 0.06015625
5 0.4234375 0.44609375 0.03671875 0.06640625
2 0.365625 0.54609375 0.04375 0.05703125
2 0.36875 0.44140625 0.04140625 0.07109375
0 0.421875 0.25625 0.03515625 0.07421875
0 0.4203125 0.54140625 0.034375 0.05859375
1 0.478125 0.36015625 0.03984375 0.08203125
4 0.41875 0.35546875 0.040625 0.08046875