9 0.10740541543895754 0.7895804226640257 0.06728034190105418 0.04368153349844608
9 0.19921091346179115 0.7946617208447802 0.054780341901054186 0.04309933664159917
9 0.29716559380385843 0.7253787198113228 0.04821200692008221 0.03499573821317572
9 0.5908572439941389 0.7896765444612099 0.04527800790866543 0.039537688998963996
9 0.6950619243362061 0.7201024449993293 0.04990184091247087 0.038193512820281585
9 0.7950990750207781 0.7910805709303427 0.05790534190105419 0.043244885855810725
3 0.1251791417501424 0.5064768242356024 0.05733233893530465 0.0291823858558109
3 0.41177853353746585 0.6108731100103599 0.04476867193911023 0.027037688998964172
3 0.5954452207996154 0.5048477801931863 0.04464133794672165 0.023912688998963993
3 0.6992241368072265 0.5031332688206468 0.046394838935304605 0.028672963606069857
3 0.8080088877958097 0.49338793362678973 0.05576983893530461 0.029109611248705036
11 0.1031370681006959 0.8560594472711316 0.08191584486680373 0.05839900496239849
11 0.47831348163684917 0.853400904262173 0.05697951186299797 0.058797111248705035
5 0.4239641516359741 0.44577464888548946 0.05752333992388792 0.03386988585581072
5 0.8119907336511967 0.43394015901968386 0.07008700692008211 0.036014582712657804
8 0.3150427963890471 0.5545567975615819 0.06696200692008221 0.035869033498445904
2 0.6027510434232977 0.5551923825505511 0.059276840912470874 0.038630160462916764
6 0.7018305305717163 0.6113995330886705 0.05758700692008212 0.0354323858558109
6 0.7062275760093613 0.7905412235353765 0.06947951186299797 0.05937930810555194
0 0.30720643867066216 0.6703273467757935 0.06409167490485981 0.04197348428423435
0 0.3126552840317574 0.6131505475615819 0.060775673916276675 0.037140435070022446
7 0.7081137281768081 0.8590728997140591 0.08586851581733086 0.07885705417661057
1 0.5934317346397797 0.4394411040145039 0.06565417490485981 0.04204625889134021
4 0.12350921239665832 0.5665966869320493 0.09833934091247101 0.040449525640563165
10 0.20013142631337244 0.733796995451886 0.09141817885919253 0.06196065260503385