9 0.56875 0.14375 0.02578125 0.06171875
9 0.57578125 0.23203125 0.0234375 0.05234375
9 0.51640625 0.32734375 0.0234375 0.04609375
9 0.5796875 0.60859375 0.025 0.04140625
9 0.5203125 0.70859375 0.0234375 0.04140625
9 0.58671875 0.8046875 0.02421875 0.05234375
3 0.30625 0.82734375 0.03359375 0.0546875
3 0.3125 0.72109375 0.03359375 0.0484375
3 0.31171875 0.6171875 0.03125 0.0453125
3 0.41640625 0.43671875 0.02734375 0.04375
3 0.30078125 0.15 0.03203125 0.05703125
11 0.62734375 0.13984375 0.03203125 0.0796875
11 0.634375 0.503125 0.034375 0.0546875
5 0.2453125 0.44453125 0.046875 0.0546875
5 0.24140625 0.83359375 0.04765625 0.06796875
8 0.35625 0.33671875 0.0375 0.0671875
2 0.3578125 0.62578125 0.0484375 0.0546875
6 0.42109375 0.7171875 0.0328125 0.05390625
6 0.58203125 0.715625 0.0328125 0.05625
0 0.4140625 0.33828125 0.03046875 0.05703125
0 0.46640625 0.334375 0.028125 0.05625
7 0.6390625 0.72109375 0.0421875 0.07265625
1 0.2375 0.615625 0.0625 0.0609375
4 0.35625 0.14765625 0.04453125 0.09296875
10 0.51640625 0.2328125 0.03359375 0.08515625