9 0.2701520057964924 0.7940144301214392 0.043678571238402776 0.06627345318850324
9 0.3904476284216661 0.7338316039113003 0.03568423328249999 0.058051517412854636
9 0.34846406943545094 0.5212187392574078 0.03393989532659729 0.050157130257724704
9 0.38943782760357615 0.34033058740295696 0.03550239532659729 0.050239017412854546
9 0.4772482585493748 0.26436563093509335 0.03713763050895835 0.0534459045679843
9 0.4378065116835069 0.14418592774659003 0.04204333605604162 0.06306656603337353
3 0.5286171628065965 0.8803048914505428 0.04200696846486114 0.06150406603337331
3 0.5831631117041661 0.687612780414695 0.03866376291777769 0.05196529172311415
3 0.5501707333794092 0.5928015694242756 0.03542966014423623 0.047114017412854634
3 0.47413752308267315 0.465228768090223 0.033867160144236054 0.0470321302577247
3 0.5774476270904859 0.29464735244096235 0.03397626291777769 0.05171963025772479
3 0.5512507626334374 0.17672619007106188 0.03884560087368065 0.05977779172311406
11 0.21028669652593684 0.7783617746489437 0.05981271751493065 0.0889673247398008
11 0.3855725176674305 0.10312051447217847 0.07264002583555555 0.10368492198083885
5 0.6623070574676037 0.6143224445936177 0.057741071238402775 0.06701043758467104
8 0.31428321229350625 0.8135357140426371 0.056724085106111134 0.0903660504295413
8 0.4501389382609025 0.35368043645301733 0.046912674011944586 0.07112472749876275
2 0.44682818104270794 0.5631373236081471 0.04197060087368065 0.05994156603337366
2 0.4177284413950345 0.2338692254625979 0.05516158510611113 0.09028416327441154
6 0.7435259155594789 0.3510655280398458 0.05785017401194459 0.07169793758467105
6 0.26673998432933976 0.6045424943457904 0.05156380642076393 0.06980788896415202
0 0.36458133833715245 0.43367447365357564 0.04825696846486114 0.06183161465389268
7 0.280495319435451 0.5176566480092636 0.06584451196784728 0.07991987336031983
1 0.6324760467340275 0.5181125079134578 0.06097517401194459 0.07186171189493056
10 0.5766546193036104 0.9000308932595651 0.0742752610179167 0.10689180913596844