11 0.640625 0.25703125 0.03671875 0.08046875
11 0.646875 0.4484375 0.03671875 0.06015625
6 0.475 0.2484375 0.03203125 0.07421875
6 0.47890625 0.6375 0.0296875 0.05625
8 0.584375 0.54453125 0.0359375 0.06171875
8 0.58359375 0.25859375 0.03203125 0.078125
10 0.584375 0.43984375 0.0359375 0.06328125
7 0.6484375 0.54765625 0.04921875 0.0671875
5 0.64296875 0.6328125 0.03828125 0.0609375
5 0.53046875 0.43984375 0.03203125 0.0609375
2 0.4796875 0.44140625 0.03046875 0.06796875
2 0.47578125 0.5421875 0.0390625 0.0609375
0 0.5296875 0.2546875 0.0328125 0.07578125
0 0.52578125 0.53984375 0.0328125 0.0578125
4 0.5265625 0.3515625 0.03515625 0.078125
1 0.5875 0.35625 0.040625 0.0890625