11 0.7311436660725444 0.23536593076199672 0.08440374373179385 0.05806185079830275
11 0.540373913565262 0.2650401377958097 0.06864235141192587 0.05273768083635879
6 0.768866289587794 0.4027789238419145 0.0776991026655672 0.04218218281352524
6 0.3852558192129652 0.471597838403832 0.06051160266556703 0.041481845855386903
8 0.7407065341775176 0.29520384578102477 0.080960494985435 0.04699701680591399
8 0.45592836889639604 0.34669865608459843 0.06859688730530315 0.05117518083635879
10 0.5608970137235465 0.325213633841477 0.07342077962517131 0.05605368182494201
7 0.4384166084715548 0.28249157604654235 0.08159699247815251 0.068872016805914
5 0.3553229636444043 0.3030852603429423 0.0702503155185485 0.05436384783255317
5 0.5672439536152745 0.3820538828528938 0.07154003087881229 0.045052514828747635
2 0.5765795011871342 0.4340792978719218 0.07618206677218957 0.04368101581733086
2 0.477815392253361 0.45374715213026573 0.06538095909205772 0.04792284684397004
0 0.47093725494805794 0.40553248661694613 0.06051160266556703 0.041481845855386903
0 0.7547750458560001 0.34860075981146965 0.08872753087881229 0.04575285178688589
4 0.6584001510288496 0.3697356135755219 0.08422188730530315 0.05181185079830275
1 0.644840104710631 0.30693186604697986 0.09860263605166182 0.06332235376405233