11 0.7111530779884537 0.43864723079699014 0.07613660266556685 0.04211851581733086
11 0.7063626264182434 0.32764606380079575 0.07948892319868044 0.05005834980971961
6 0.4216419486007095 0.4650864195048333 0.06359113855894431 0.04004667984777566
6 0.3818507082341279 0.22390566258475117 0.06427310015828454 0.06348417984777566
8 0.587029953219563 0.27596420558811924 0.08279577962517112 0.05643568380210837
8 0.6121389164682558 0.44163562653864635 0.06372753087881229 0.044734179847775654
10 0.6029110174844703 0.33903720855386876 0.07815374373179385 0.05780718281352524
5 0.6820181927947218 0.21506780935217149 0.08454013605166182 0.06274935079830275
7 0.7021093839400908 0.2619255633065042 0.09726745658477523 0.07107118676785787
5 0.5047690341775176 0.3451824377936221 0.07011392319868044 0.04967634783255317
2 0.4095929264973857 0.3459862510257642 0.06069345909205772 0.0477318458553869
2 0.3914590404457239 0.28594274756572313 0.07185827962517113 0.05599001482874764
0 0.519715735747728 0.45659744026508003 0.06832410266556703 0.041800180836358794
0 0.4842686660725445 0.2842621838392894 0.06390938730530316 0.05098417984777566
4 0.5031898138026888 0.39818010380123336 0.066897994985435 0.04642401384016441
1 0.6121556368430847 0.38857429353484074 0.08734688730530316 0.051939184790691505