11 0.7302348623200812 0.5901486765371846 0.07689884328594587 0.05914890340856669
11 0.7136564163784156 0.4851611676087309 0.07528180113146803 0.0497466298696164
8 0.6371206665748074 0.6135259009696393 0.06123748184962743 0.05262616801906326
8 0.5989444765850701 0.46050031249588097 0.0690227107723885 0.048075035713814884
6 0.45318602810932174 0.6689150101429744 0.06437157220870696 0.05424321509696384
6 0.40286890730322933 0.4539524833576133 0.06118293969514976 0.04325116801906326
10 0.6181575640172834 0.5155287317327601 0.07842498184962743 0.05292617694751698
7 0.7038137837666625 0.4310776396055537 0.09407725292686635 0.05788641233702041
5 0.5234854134515494 0.5380974326262645 0.06277271077238851 0.047965941558013724
5 0.6821842234618122 0.3885083100602489 0.0768352107723885 0.04821140340856669
0 0.547095109393215 0.6432076724799949 0.0753454336450254 0.060684129869616396
0 0.5050444856602564 0.48464515015886056 0.06432612041330898 0.04643071509696384
2 0.4342820128858153 0.5607615909060952 0.06593407220870695 0.054270488635914306
2 0.4142922206331418 0.5049382848997407 0.0690408914905479 0.05120003571381489
4 0.527872931601922 0.5897417532431156 0.07221134328594588 0.059067082791715644
1 0.6319518984244347 0.5618679435833132 0.09100679508134384 0.06720686525911965