11 0.5679703454729241 0.715454261367381 0.03807431301126592 0.0740647913958579
11 0.5453044206248909 0.5274730202958346 0.03936402837152997 0.06471706493480803
6 0.7359163634196128 0.7117411059302194 0.050710705331134066 0.07897047970746059
6 0.6949310329238765 0.32397805317027595 0.053381064264907255 0.06340002678536125
8 0.6224987210997447 0.709030937504119 0.04446070533113407 0.07886138555165907
8 0.5987356460142846 0.42961617289362247 0.0501196719450391 0.05865797970746058
10 0.605665259104693 0.5334542390462467 0.04887542069139794 0.06956820616851012
7 0.5370623601209074 0.43225597768216095 0.04248902837152997 0.06477161201270895
5 0.6593896526782024 0.5262633019524598 0.045477636051661816 0.06013865909060954
5 0.5299197983632826 0.34796279829901194 0.04083560015828454 0.061619338473758486
2 0.7123327962517116 0.5190860016281483 0.052091348904643196 0.07274775324641088
2 0.7054941113745488 0.41837293547552423 0.05347199247815269 0.06652502678536117
0 0.6788851134196128 0.7127365901019068 0.04763116943775678 0.08047843262956
0 0.6533094857477281 0.42475534903036055 0.04561402837152997 0.06482615909060954
4 0.6743901785424498 0.6119826136408573 0.05383570533113406 0.07902502678536116
1 0.6135208747023838 0.6153900316599205 0.05254598997087019 0.08837275324641088