11 0.3853706423798965 0.7497970295632499 0.042552482332569495 0.08304884933607007
11 0.3676525462558685 0.5590947615110732 0.04048083605604171 0.061164758976990544
6 0.5510683775622576 0.7538856076256895 0.036157011967847194 0.07676248789975162
6 0.524825347358299 0.36472311367581367 0.03259560087368065 0.057994307181592396
8 0.4247363880114934 0.4610026951560987 0.03899107123840295 0.06428066861791085
8 0.4423291571975353 0.747003827669656 0.036229747150208526 0.07988748789975161
10 0.43107926662059076 0.5657129210537978 0.03899107123840277 0.06428066861791085
7 0.36065570421590315 0.4598487404338344 0.05316267401194459 0.06904998184962743
5 0.36099923670097256 0.3739248759724538 0.04051720364722229 0.06272725897699045
5 0.48493096523381995 0.5636827884420446 0.034267203647222286 0.06269089754067192
2 0.5356394800514588 0.5608532251121321 0.03601154160312507 0.07051248789975162
2 0.5332937704203129 0.46007197511213216 0.042079703647222286 0.06273634933607006
0 0.496271774788716 0.7488799450579029 0.037719511967847195 0.07677157825883114
0 0.4833846893982643 0.46368733362158443 0.035756968464861136 0.059574987899751616
4 0.4940169841355214 0.6520049450579029 0.03935474715020852 0.07990566861791085
1 0.4322436827487506 0.649302125874258 0.04585932028847246 0.09087953005422929