9 0.32265625 0.8598263454686783 0.0359375 0.06687996515360979
9 0.31171875 0.7688020413849943 0.0359375 0.05750496515360961
9 0.3140625 0.6780951958314979 0.034375 0.055887901451278664
9 0.31015625 0.5774503550873251 0.0328125 0.0448958377489479
9 0.30546875 0.48777029619431767 0.0328125 0.0480208377489479
9 0.30078125 0.38871523730131025 0.03125 0.04327877404661713
9 0.29765625 0.29741811470597196 0.0359375 0.0512549651536097
9 0.2875 0.18917902877112253 0.0328125 0.055833337748947984
3 0.571875 0.20424843494690675 0.034375 0.057450401451278846
3 0.56875 0.3043575623515685 0.03125 0.04640377404661713
3 0.571875 0.40815468494690677 0.028125 0.04316964664195542
3 0.5796875 0.5031943664352525 0.028125 0.04316964664195542
3 0.57421875 0.5908853393934106 0.0296875 0.052599210344286364
3 0.58359375 0.6757142071794254 0.0296875 0.04947421034428636
3 0.58828125 0.7700817660724327 0.0296875 0.05572421034428636
3 0.58984375 0.8692459523701018 0.028125 0.06191964664195524
11 0.25859375 0.8597197072642434 0.0515625 0.08305060217691818
11 0.22265625 0.17269342241785304 0.053125 0.07998016587924912
5 0.63671875 0.20354654130017624 0.0453125 0.06720734736759484
5 0.653125 0.8646923724257022 0.0421875 0.08272321996293286
8 0.22109375 0.2680604861201839 0.059375 0.06926092068857255
8 0.246875 0.7679414350317247 0.059375 0.07863592068857254
2 0.6484375 0.7773560635326948 0.05 0.0798710384745874
2 0.63984375 0.3089061638955145 0.053125 0.06904266587924912
6 0.24921875 0.6780158394782285 0.05 0.0642460384745874
6 0.2265625 0.3780257631620259 0.05 0.0642460384745874
0 0.634375 0.40050338685367254 0.040625 0.05454365626060227
0 0.63828125 0.6878669775978453 0.0390625 0.06698909255827132
1 0.63984375 0.6034374138955145 0.053125 0.08310516587924895
4 0.63984375 0.49640616389551456 0.0484375 0.06419147477225665
10 0.22890625 0.47403766760852956 0.065625 0.0726041754978958
7 0.24140625 0.5775074079898828 0.0640625 0.07879961179556502