11 0.6273884610706147 0.7929751760087148 0.0492391335443795 0.08234102773541671
11 0.6501032323825158 0.6063830593674647 0.04735838479802066 0.07136716014423623
8 0.5716923905375013 0.7864537254956245 0.0461141335443795 0.08226829255305575
8 0.5954946372387961 0.5028956898764232 0.0472674565847754 0.06824216014423605
6 0.46151340848419 0.7882363906738539 0.04308006175762493 0.08532055737069441
6 0.5002610420950765 0.40035387775607595 0.03610263605166182 0.060175087005972294
10 0.5876486964891384 0.609400263014687 0.04754024122451135 0.07761716014423606
7 0.6611423692921075 0.5021495010468398 0.05673338479802066 0.0715853656913195
5 0.6634202716411053 0.4192278982732981 0.0472674565847754 0.06824216014423605
5 0.5342281797960909 0.6004805111148259 0.04418792069139812 0.06973192496187508
0 0.5171412828573694 0.792414091186944 0.04308006175762476 0.08532055737069441
0 0.5383724590255508 0.5010981069545135 0.03922763605166182 0.060247822188333446
2 0.48342419774277967 0.600881207828194 0.042898205331134066 0.07907055737069442
2 0.48892638849243736 0.49443118607670095 0.04873902837152997 0.06515352773541672
4 0.5220668120868293 0.6930135032310412 0.04620506175762475 0.08539329255305575
1 0.5814418120868291 0.6916315347661801 0.05125627461060631 0.09800239532659738