11 0.28375543568812894 0.6975915757247485 0.05674087939029935 0.08470225292686635
11 0.31781175223949515 0.508324542645457 0.05354315651766246 0.07218407220870696
6 0.4480861012809777 0.7427308380213885 0.0457579275949012 0.07682612041330898
6 0.5239930536655509 0.36102632006740765 0.04252384328594587 0.05805793969514968
8 0.40017427946505413 0.43049900361423726 0.051962475799503235 0.06904998184962743
8 0.34240827302214644 0.7074069372592627 0.050481789031219734 0.08310339149054773
10 0.37576969798476906 0.5329881993595112 0.05355224687674207 0.07374657220870695
7 0.33598905961747927 0.4097779583365016 0.0660704275949013 0.07694429508134401
5 0.4312975353187866 0.5428217416121848 0.044131795081343836 0.06587953005422928
5 0.35816806576579935 0.3276148981298472 0.05353406615858276 0.07062157220870695
2 0.5057748396717086 0.4525416543763631 0.04730224687674216 0.07371021077238851
2 0.48137025819142354 0.5550308501216369 0.0457579275949012 0.07682612041330898
0 0.4557339330558502 0.44580129586691086 0.042551114363184796 0.06274543969514959
0 0.39407531215156205 0.7250757054096354 0.04733860831306043 0.0799602107723885
4 0.4169628454272452 0.6304081000234412 0.052062469749379045 0.08623748184962743
1 0.357496941836449 0.6151285336684665 0.0599204215447771 0.0940954336450254