9 0.20293497021375878 0.8785035936554859 0.05879814732681181 0.04505923328250035
9 0.3040354676535101 0.8010487812507984 0.05227513154179615 0.040226262917777686
9 0.4088209491670714 0.8674530716196525 0.049332142065139986 0.04327852773541672
9 0.6025786544428607 0.849644056517673 0.04602513154179633 0.040080792553055744
9 0.8000235308641594 0.7339605858686105 0.058252115756780756 0.03568423328249999
9 0.8977091439195171 0.839645581784548 0.06486613680346806 0.042079703647222286
3 0.8824811731410609 0.5513279641933673 0.06064907366340577 0.02325696846486114
3 0.679265167879389 0.5544932510468398 0.04824007892507769 0.024528527735416715
3 0.5990841151920833 0.6150326671749996 0.04208108418674961 0.025945557370694417
3 0.5013130150791438 0.7362192957840968 0.048877115756780755 0.03546602773541672
3 0.2987725730281213 0.683824913659618 0.05172909997176518 0.030851262917777688
3 0.19248404664917496 0.752795078837847 0.058343121018452536 0.037246733282499986
11 0.18501869909648422 0.9469814899320138 0.08332771046687397 0.06435474715020853
11 0.9000143675405706 0.9060881993757285 0.08452618942018653 0.05814111474138883
5 0.5826029995058898 0.5066753065176732 0.06101309471009344 0.029506968464861318
8 0.39865772291518187 0.8004110419843746 0.07175317363517095 0.05316267401194459
8 0.9043084834385257 0.7917711262374645 0.08608868942018652 0.058177482332569495
2 0.6114692650791438 0.7336553806058677 0.055582142065139804 0.043423998100139014
2 0.298110962321251 0.873941420593472 0.08470819994353018 0.061266114741388836
6 0.30902899161338204 0.5106958849742705 0.05494510523343692 0.03248649810013902
6 0.713894857017227 0.9072909427262147 0.06908319994353036 0.06090243882958361
0 0.5119459491670714 0.8650528106017358 0.061088689420186526 0.0575956008736803
7 0.6233531570031094 0.9242621968102774 0.07477175782192055 0.0781990416031249
1 0.5014586862952404 0.5641079064414232 0.06293961575678075 0.035793336056041625
10 0.8859555126600693 0.5035262438286452 0.10191111049510866 0.035140025835555734