11 0.6407896682251273 0.30059295686356363 0.04258747579950324 0.06899543969514968
11 0.5352481953524905 0.28747935762568944 0.03321247579950324 0.06894089754067192
8 0.6390049753085238 0.39667307132494417 0.04093407220870695 0.05336134933607006
8 0.4819509994108248 0.39185324023744267 0.033176114363184794 0.062690897540672
6 0.6463776346548566 0.5896781827612626 0.04250566256778647 0.054932939695149584
6 0.4260060473208391 0.5782401921310366 0.031568162567786474 0.0548693071815924
10 0.5405220235131257 0.38828787870292836 0.03635565651766246 0.07208407825883115
7 0.48052887909571174 0.28169244505790286 0.03644656010845857 0.08770907825883115
5 0.5371839209556019 0.4859214028052293 0.03470225292686635 0.05644998789975162
5 0.43448967125018945 0.29079927946505413 0.031668156517662284 0.0720568071815924
0 0.6450236920328407 0.49123613758172285 0.04569429508134384 0.06588862041330898
0 0.48173335167376113 0.48872369505790286 0.033148843285945875 0.058003397540672096
2 0.5369390021412993 0.5781043576256895 0.04251475292686617 0.056495439695149585
2 0.47836797803899833 0.5816697191602038 0.0363011143631848 0.06270907825883114
4 0.5888009631100795 0.49559638465485667 0.04567611436318479 0.06276362041330899
1 0.5881737283335859 0.38778388465485664 0.04891928903121965 0.08309430113146812