9 0.8075235189017015 0.04136803760816181 0.05160017401194459 0.07166216837349917
9 0.8338334053945836 0.12980120605224815 0.04985583605604162 0.06375866311182735
9 0.7830904826169099 0.235239134949091 0.046548998100139016 0.05576415258848364
9 0.9086048545764935 0.5189477350620304 0.04974673328249999 0.059071163111827474
9 0.8611869535503132 0.6327974034355297 0.04981946846486096 0.062196163111827296
9 0.9523405900431949 0.7174538535202343 0.05308993882958361 0.06862817363517096
3 0.6515963608447576 0.7701741190229011 0.03412173328249999 0.05816111049510884
3 0.6373682470532993 0.6630441584854401 0.032413762917777686 0.05182010523343692
3 0.6169992360353824 0.5609657189946662 0.029216027735416716 0.04851309471009326
3 0.689161257502535 0.3674439611727457 0.03706489532659738 0.050530621018452494
3 0.5240758924768057 0.09777474523243833 0.032741071238402954 0.06588260523343699
11 0.9495909176467713 0.3976495877352187 0.06867857123840296 0.0679757262518895
11 0.8737115633546182 0.03654808987194445 0.07075021751493082 0.0730961797438889
5 0.5916037650050702 0.7807090715972673 0.04237064437666671 0.07736613680346807
5 0.5224465361878823 0.3974940241716335 0.037283100873680655 0.059905621018452496
8 0.6111797682361114 0.27732646636383035 0.045459276785486225 0.07598564732681172
2 0.6718322064001047 0.5640305348361515 0.05014677678548622 0.0762586631118273
6 0.7504858428929866 0.6494150270142309 0.04673083605604163 0.06357665258848363
6 0.9353511521635423 0.6261309035061168 0.0703865416031249 0.07431673151356133
0 0.7294751733463544 0.2508788164767698 0.054725174011944586 0.07184417889684287
0 0.6719172464846184 0.2651835111586282 0.048438806420763925 0.06991765785015547
7 0.9808201210096531 0.6222099719784381 0.03835975798069384 0.09215667889684287
1 0.5513924198309728 0.5655691899848839 0.042116071238402775 0.06642863680346807
4 0.5855946207253127 0.0855862873964003 0.05705139342673622 0.10474768415851472
10 0.7737862581681252 0.13799240862661435 0.07729115824437507 0.10280575256024874