5 0.15549459863331122 0.40153413331477356 0.08819351282028158 0.04943747334499946
2 0.24252371773989906 0.42397165996977415 0.08208906203449332 0.05248974801081765
0 0.32966199875714575 0.4487529366247747 0.07242296360606985 0.04613066000954511
1 0.4126757059530748 0.46889216661363875 0.08038101282028158 0.04934656667727211
4 0.5206894131490039 0.4887404952657758 0.07100601282028159 0.04923747867599957
0 0.6163486695591447 0.5118592745862764 0.06133991439185813 0.04287839067472703
2 0.707774190237309 0.5279922572406406 0.06624573821317573 0.047620434675363296
5 0.8129176085581087 0.5533456985598686 0.07398546360606986 0.046148841343090476
3 0.13780198448912206 0.45802049065086436 0.06729881596343468 0.036701116008908664
3 0.23729471629215704 0.47953131663750137 0.06104881596343468 0.036628390674726855
3 0.32975619809519197 0.5011239586250928 0.05152826674922295 0.03339430267345413
3 0.4146598910230974 0.5282762572804115 0.05003854135632899 0.03493862133990877
3 0.5035233378799442 0.539749011935094 0.04684076674922295 0.03333975867281787
3 0.5970571681114025 0.5675825632559126 0.04996576674922295 0.03337612133990877
3 0.6966954491286492 0.5922183892425497 0.05316354135632899 0.03497498400699968
3 0.8015113817174726 0.6105405805617775 0.05955909057054072 0.038172709341181485
9 0.08558462882198833 0.7298687659930003 0.0727140620344933 0.05238066000954493
9 0.1728684590534467 0.7577750426480009 0.06646406203449332 0.0523079346753633
9 0.2644031416422699 0.776251775302365 0.06326628742738745 0.05070907200827239
9 0.3656039226595166 0.8008694199554565 0.05374573821317572 0.047474984006999676
9 0.4573933163732103 0.8248149026098208 0.05389128742738745 0.05059998400699968
9 0.5571407593011157 0.8517944785964577 0.05225601282028158 0.04901930267345449
9 0.6480397411041506 0.8734053019175947 0.06028683664159917 0.053797709341181485
9 0.7565992578533736 0.9049723805697317 0.06646406203449332 0.0523079346753633
11 0.0775217258026697 0.7917147853278184 0.08459763192686945 0.0728204293443632
11 0.7560941437091845 0.9612587432368226 0.08721320967712849 0.06191929201145392
8 0.1626801298554456 0.824335833983137 0.08801373035529289 0.07910679201145428
8 0.6619802706736552 0.9545371232495492 0.07856595574818712 0.07743520401018138
6 0.25108981244426887 0.8428489293045922 0.07849318114108117 0.07587270401018138
6 0.5489879650493027 0.9284933385980487 0.07522263192686936 0.07271134134309065
7 0.3501651672828331 0.8721813459580019 0.09484592721213972 0.09167951734563573
10 0.45343787054982077 0.9077183092775479 0.08383565260503403 0.08998974801081765