11 0.696875 0.59609375 0.04296875 0.06328125
11 0.81796875 0.5984375 0.05234375 0.07265625
6 0.58203125 0.29453125 0.03203125 0.06484375
6 0.82265625 0.28125 0.0546875 0.071875
8 0.815625 0.4953125 0.05546875 0.065625
8 0.63671875 0.47890625 0.03515625 0.06875
7 0.634375 0.58515625 0.0421875 0.06484375
5 0.7 0.390625 0.0453125 0.0671875
5 0.58515625 0.5828125 0.0328125 0.05859375
2 0.63671875 0.2890625 0.03671875 0.0734375
2 0.70234375 0.29296875 0.053125 0.0625
0 0.821875 0.3921875 0.05546875 0.07109375
0 0.6375 0.3828125 0.0328125 0.05859375
1 0.75703125 0.49453125 0.059375 0.0734375
10 0.7046875 0.48984375 0.05 0.06484375
4 0.75859375 0.38203125 0.0578125 0.07421875