11 0.7201911379839959 0.4572086215783339 0.07414661201270896 0.04233427678548622
11 0.7282821018631438 0.5628228419430561 0.07403751785690744 0.03608427678548622
8 0.6260025815706044 0.6088600809251394 0.07091251785690744 0.03601154160312507
8 0.6232752276755704 0.45261008092513944 0.06000229139585791 0.03731946846486114
6 0.43160987905554216 0.4333113010055212 0.05536933847375849 0.0403353656913195
6 0.43393385835596554 0.6559311834143406 0.06000229139585791 0.03731946846486114
10 0.6289133473989169 0.5519197499030908 0.0756545649348082 0.03924564437666671
7 0.7363088360348312 0.6200177461033687 0.09133411201270877 0.04273432028847228
5 0.7246406789728166 0.6673830553739242 0.08039661201270878 0.042479747150208524
5 0.5327650503210164 0.5465581430454866 0.05531479139585791 0.037210365691319504
2 0.43765314772322855 0.6005715361878823 0.06471706493480803 0.03899107123840295
2 0.4405230032431156 0.5412874551658338 0.05843979139585791 0.037283100873680655
0 0.5293888599808186 0.442615525454306 0.06002956493480802 0.03888196846486114
0 0.5212605344927037 0.6032984523160421 0.06151024431795715 0.03423083605604162
4 0.5241070706135558 0.4979388050895837 0.06471706493480803 0.03899107123840295
1 0.6320423015388322 0.5074794188810422 0.0803420649348082 0.03935474715020852