11 0.684439505786459 0.7264423845566608 0.058471779569504535 0.08156816256778665
11 0.6215284751834972 0.5495617219888741 0.052983758891340216 0.0643533914905479
8 0.7359827351082946 0.7095594115858279 0.0632320541766104 0.0831579336450254
8 0.6515541153825343 0.4396100050681656 0.06733735731976367 0.07068520472226432
6 0.8482451406088126 0.6883434626191003 0.06955482878371626 0.08475679508134384
6 0.7215133968140656 0.31505088748352705 0.06570208271265762 0.06911361436318471
10 0.6827014156302033 0.538202041172519 0.06919095574818712 0.07694429508134401
7 0.5920892241500398 0.45410377624360027 0.057962357319763666 0.07063066256778665
5 0.7327185322555918 0.5220912278426066 0.06428513192686935 0.0722295240041051
5 0.569664106491194 0.37508844193464486 0.05454625889134022 0.06436248184962742
0 0.7919416366798713 0.7036366645126942 0.06486732878371626 0.08472952400410509
0 0.7046962320079228 0.4235173724564124 0.06413958271265763 0.06910452400410509
2 0.7826264869703214 0.5036366645126942 0.07246150496239885 0.08008747579950323
2 0.7521876621155466 0.4034866735878805 0.06889985731976367 0.07069429508134402
4 0.7662630864322022 0.6050764446651193 0.07751287799792798 0.08792724687674217
1 0.707506670592602 0.618012261020094 0.07467897642635143 0.09415906615858276