11 0.17742329893486714 0.23691864146193825 0.05793451680591395 0.08127874373179385
11 0.18150725695726327 0.4328987311953815 0.06055018083635884 0.0688696719450391
8 0.2551131947137043 0.5349218839400909 0.05404551285158128 0.06243781551854841
8 0.23767504942915876 0.24101275956691143 0.053183349809719616 0.07957985141192588
6 0.3604122124710204 0.22741692399010324 0.04068334980971962 0.07921613855894431
6 0.37899104650059023 0.6259226201500373 0.03842051285158128 0.0619831744523216
7 0.18039969619657908 0.5397708568222022 0.07936384783255326 0.07097774122451135
10 0.24349792098770812 0.4222172954602888 0.06692751482874763 0.07217652837152996
5 0.196465047983465 0.6276345696751836 0.060677514828747635 0.07199467194503928
5 0.3059979209877081 0.42403585972519603 0.04798651384016441 0.06694345909205772
2 0.36530925399151376 0.4242009957768579 0.03899351581733077 0.07604567445232177
2 0.37032435923844076 0.5281299778301692 0.0477318458553869 0.06069345909205772
0 0.2990117974519924 0.23343359177850737 0.042627851786885884 0.08863660266556703
0 0.32120110973273236 0.5290416084715547 0.044479511862998145 0.057477530878812286
4 0.3029909847141418 0.33108984177850737 0.05806185079830275 0.08440374373179385
1 0.23527690269891943 0.3353621531404207 0.0691266847906915 0.0878469924781526