9 0.8312257114597597 0.3973315085535052 0.0642533975406721 0.03355793467536321
9 0.7278148860295988 0.3133843172342773 0.05332498789975162 0.03499316534054504
9 0.5513336783804682 0.4357422172581398 0.04390453610435365 0.027071577339272325
9 0.3746030067374953 0.46670295794877514 0.04391362646343318 0.028634077339272323
9 0.26630014822804304 0.41796656063018356 0.04706589754067201 0.033357940006363405
9 0.18070756099222135 0.49395744330841024 0.05330680718159235 0.03186816534054522
3 0.798409708041914 0.129762747891505 0.06119203005422946 0.04445907200827235
3 0.6006216478352595 0.15471893658500377 0.056522710772388504 0.04752952800763603
3 0.5275790575743757 0.22197061859486694 0.04397725897699054 0.0395715773392725
3 0.44483875956616564 0.3448001386060028 0.04708407825883114 0.03648294000636341
3 0.2411324974659172 0.31279780263368334 0.05335225897699045 0.03968066534054513
3 0.15010752166641406 0.38260231997931915 0.05959316861791084 0.03819089067472694
11 0.17021951288581533 0.5511068719764556 0.07524543969514967 0.04306020401018138
11 0.8394967537124332 0.4527002612190053 0.08459316861791066 0.03848179201145392
5 0.4962023134281083 0.10984333593254855 0.06130111436318479 0.06320907200827235
8 0.8322978529503073 0.34732241788673246 0.08462953005422946 0.044731792011454094
8 0.35777003074160035 0.40596545261777495 0.06431703005422928 0.0444954346753633
2 0.26671778386485834 0.48045746996341077 0.07835225897699045 0.03997156667727229
2 0.5480637535160414 0.32641267059200346 0.06122839149054773 0.05070907200827239
6 0.6620530097625574 0.47195134257641325 0.059574987899751616 0.03506589067472685
6 0.2210568676828344 0.13804325063654682 0.06131929508134402 0.06633407200827235
0 0.46686322961013216 0.4531302592695939 0.05958407825883114 0.03662839067472703
7 0.576805856171761 0.48856722525464 0.06899543969514958 0.04298747867599957
1 0.4208568797830828 0.17009103994272992 0.06762383723582169 0.07578179734245412
10 0.7932636657892405 0.07435763255891406 0.10200792759490121 0.0777442866804539