9 0.42109375 0.8355823158231601 0.028125 0.05221711664124982
9 0.49375 0.745085908813056 0.028125 0.04284211664125017
9 0.44140625 0.6360550945085073 0.025 0.03964438145888884
9 0.465625 0.45536879217180604 0.025 0.03964438145888884
9 0.57734375 0.27828157494121575 0.028125 0.049092116641249996
9 0.4890625 0.1715393060395143 0.028125 0.06471711664125004
3 0.75859375 0.20750021551816036 0.0375 0.058685322188333354
3 0.74375 0.40871722340194505 0.0390625 0.05715918977951393
3 0.678125 0.48297103457236173 0.034375 0.04298758700597212
3 0.559375 0.5638008476426394 0.028125 0.047529616641249994
3 0.6 0.7686526550133339 0.03125 0.047602351823611146
3 0.5328125 0.8624013485925698 0.028125 0.056904616641249815
11 0.43203125 0.16083688896142398 0.0359375 0.08364895459715282
11 0.3609375 0.8451196635627086 0.0421875 0.07910692496187507
5 0.79375 0.5145684863197229 0.053125 0.060611498100139015
8 0.50078125 0.6499370629733685 0.0390625 0.06184668977951393
8 0.53828125 0.16955988516170187 0.0375 0.08368532218833336
2 0.43359375 0.7444670065526046 0.034375 0.08048758700597229
2 0.571875 0.4609667883720839 0.040625 0.05407055737069442
6 0.4234375 0.34266811720993096 0.034375 0.061737587005972296
6 0.7765625 0.7930746928167368 0.05625 0.06693423328249999
0 0.45078125 0.5409608000555906 0.0328125 0.05545121941479181
7 0.41015625 0.4298589926848962 0.0390625 0.07434668977951393
1 0.7328125 0.5897126502636812 0.0640625 0.06555357123840296
10 0.8140625 0.21191626500507016 0.0671875 0.10156380642076393