9 0.3065390871934035 0.8565671943973874 0.03590243882958344 0.06622501785690744
9 0.3043752155181604 0.7635984443973873 0.03731946846486114 0.06000229139585791
9 0.31547441004732696 0.6700802694784652 0.037246733282499986 0.05687729139585791
9 0.32008721523381994 0.5662967504037418 0.03546602773541672 0.04747501785690744
9 0.32411879217180595 0.47109334455954316 0.03546602773541672 0.04747501785690744
9 0.32720546494947944 0.36884505194586936 0.033903527735416716 0.047447744317957154
9 0.33283590947864605 0.27523141964062103 0.037101262917777864 0.050627291395857824
9 0.3317617591180557 0.16197744317957138 0.037246733282499986 0.05687729139585782
3 0.5804311820831605 0.880871313713697 0.02947060087368065 0.058303423701106284
3 0.5874422886564242 0.7794724549473989 0.030960365691319502 0.05520569724005657
3 0.5921641966164589 0.6803764358726754 0.030851262917777688 0.05051819724005639
3 0.5908906777147575 0.5921088226421507 0.03397626291777769 0.05057274431795715
3 0.6052057912218753 0.5025514448011291 0.029179660144236053 0.04580342370110628
3 0.6059668977951392 0.4010434918790299 0.030814895326597203 0.0489556972400564
3 0.6121058353904516 0.29572474634325674 0.03081489532659738 0.0489556972400564
3 0.626765787803403 0.18743100527171047 0.0325228656913195 0.055232970779006775
11 0.24091408719340351 0.8554217057614733 0.05196384992375007 0.08524775324641069
11 0.2672992156150696 0.14367172808260747 0.05814111474138901 0.0822318474022122
5 0.6924998905769446 0.19326399390762475 0.05174564437666671 0.07587275324641088
5 0.6451294617184382 0.875753165580136 0.04876611474138883 0.08206820616851011
8 0.23787804654020897 0.758533068991998 0.06122974715020844 0.08072389448011279
8 0.2562545724726738 0.23953365300152957 0.06246493882958344 0.06668866801906326
2 0.6485070752255562 0.7860048729664622 0.05160017401194459 0.06962275324641087
2 0.6864518719595836 0.3024889894433979 0.05308993882958344 0.06652502678536117
6 0.24823235866055615 0.6665637573036006 0.04996493882958344 0.06647047970746059
6 0.2519872594023961 0.35816092207625305 0.051381968464861136 0.06024775324641087
0 0.6487233211414937 0.6946395332748876 0.043605836056041625 0.06167388555165907
0 0.6714827950215975 0.39750148051494416 0.04193423328249999 0.05695911201270887
7 0.2504832300514588 0.5619580779204517 0.06591724715020834 0.08080571509696384
1 0.6560617360353824 0.6073031745085897 0.05487064437666671 0.07592730032431164
4 0.6667608870615629 0.49659749958966765 0.05301720364722229 0.06340002678536116
10 0.24564830005559068 0.4548859176120262 0.06726154160312507 0.07145798863591431