9 0.1186554760900413 0.6678016067298018 0.06284544533736343 0.03223417984777566
9 0.2116605887571322 0.674714793003368 0.058157945337363424 0.03204317885919252
9 0.30694526941435984 0.6090990632693231 0.05187158267027261 0.02866351087441501
9 0.6107157067552231 0.6769192105310351 0.04722044533736351 0.031597509885831696
9 0.709125387412451 0.6114308147893789 0.04718408267027243 0.0284725098858317
9 0.816938434754905 0.6829795040286948 0.05503294533736351 0.031915844866803766
3 0.09974874538508853 0.38513368676785786 0.06442612667090888 0.03386034684397003
3 0.41191348539940603 0.5032721690105418 0.05499658267027261 0.028790844866803767
3 0.5918180667170432 0.3950325405690912 0.05192612667090888 0.03335101087441492
3 0.6995851133831795 0.3955193133065042 0.05038180800445424 0.034849843878220634
3 0.811966934715134 0.3899470870325004 0.0613193080044546 0.03529551285158128
11 0.11862875143217728 0.7326135232317046 0.084865896005727 0.045625517794497125
11 0.5028673914305865 0.7365568542955249 0.05830339600572696 0.044543178859192525
5 0.40203740404199806 0.3256100840295698 0.06462612133990878 0.051047846843970034
5 0.8103857060391345 0.32116525353440323 0.07242044000636341 0.04980368182494201
8 0.30267429805854273 0.4433785627750316 0.07391021467218159 0.043617348821136305
2 0.6088243007240428 0.4472635440291324 0.0676965773392725 0.04648768083635879
6 0.7231793440881323 0.6783782342570313 0.061392033338636055 0.04154551285158128
6 0.7071350787316788 0.5074927312912818 0.05506930800445424 0.03504084486680377
0 0.30959700739972423 0.5014457307598091 0.06598862667090888 0.033924013840164594
0 0.30946119474058753 0.5568826472617119 0.06597044533736343 0.03236151384016441
1 0.5815521813733163 0.31808803859192486 0.06633407200827221 0.06361151384016442
4 0.10591747672658816 0.44551277125453825 0.102053396005727 0.04632585475263547
10 0.20622765408176896 0.6104612920147849 0.09420453333863614 0.042882519771663394
7 0.7340719380967228 0.7420733197322948 0.08034202800763594 0.059497016805913995