9 0.7894416185671916 0.21370630088382656 0.0668525308788123 0.04562676051544958
9 0.7101596323572451 0.3379903279076195 0.05725021034569906 0.03732293758467105
9 0.49945546456884105 0.2874082310052658 0.049483174452321775 0.03847600180902226
9 0.30805757475625556 0.3239609639310955 0.0494831744523216 0.03847600180902226
9 0.2157587629986307 0.4130444753510562 0.050954746239076344 0.03543288896415202
9 0.10007157851717921 0.36762351198578763 0.0621195667721897 0.04381859905006032
3 0.8392751678549111 0.48489522614402575 0.06042067445232178 0.03904921189493056
3 0.6342095831360327 0.5354252498884584 0.05256271034569906 0.03707727611928178
3 0.5401246140148451 0.4982328663513732 0.04939224623907634 0.035351001809022266
3 0.4223808360390266 0.41625692729636415 0.04939224623907634 0.035351001809022266
3 0.2329569716949771 0.5190111923343694 0.04778428213245363 0.033706614653892686
3 0.11529811025392142 0.4877346161242306 0.05725021034569897 0.03732293758467105
11 0.780390878992033 0.14943576096973482 0.08922763605166181 0.06396068068726608
11 0.06590717867546378 0.3085694165537719 0.08771060015828455 0.06544129353213642
5 0.5468937880714554 0.6141068498430299 0.06395485141192588 0.05327548620519007
8 0.8044839453685112 0.2597214857549641 0.08900031551854859 0.056148180687266167
8 0.31009979638472557 0.3878187460432711 0.07015938730530316 0.0520405348257091
2 0.19581598753009466 0.34778464552287275 0.08909124373179385 0.05927318068726608
2 0.5284406194251214 0.3904170443251059 0.06529003087881229 0.04554487336031983
6 0.5962826519532864 0.2035478081199158 0.06703438730530316 0.05187676051544958
6 0.2669956879131708 0.6896202634561257 0.0702503155185484 0.055165534825709094
0 0.405432679929105 0.30169646031305086 0.06230142319868044 0.050068599050060315
7 0.5031093134734844 0.21545134385013603 0.08159699247815269 0.06980124491161739
1 0.45191390868371106 0.5808616598835096 0.06882420783841656 0.05977114767057934
10 0.8518600843896739 0.5349394917478579 0.10981292069139811 0.07440021370395282