9 0.886311556988262 0.2381073558155807 0.06791784034363317 0.04642401384016441
9 0.7925172913844298 0.22019300254582 0.06158595318850324 0.0446068458553869
9 0.6885014987568046 0.27780523129128176 0.05352779172311415 0.03960101087441492
9 0.39177034090945995 0.1733300010257642 0.050730340343632996 0.045723676882026165
9 0.2799420482818348 0.230623894790254 0.050566566033373485 0.04259867688202608
9 0.18588551108127646 0.14301912403000733 0.05698034034363304 0.045978344866803675
3 0.846861796134128 0.5277455173745677 0.06545458163720567 0.029172846843970035
3 0.5617165914752869 0.38146478908621645 0.04843085594746519 0.031597509885831696
3 0.3661374185899368 0.46822866555050063 0.049911468792335524 0.030098676882026255
3 0.2595974915207154 0.45449247631118495 0.049911468792335614 0.030098676882026255
3 0.1494821850982802 0.4492227030794803 0.057723968792335524 0.030417011862997965
11 0.8944792610812765 0.1718921068041639 0.09069359905006032 0.06450285178688589
11 0.5134273349165661 0.12269994273653798 0.07202548620519007 0.06530134783255326
5 0.5372477787212736 0.5495781191242726 0.059532130257724705 0.035168178859192524
5 0.14077889247065503 0.5107186185927999 0.07203213025772479 0.03567751482874755
8 0.6574141938047076 0.45269514334456035 0.07211401741285464 0.037240014828747545
2 0.3588062754419133 0.41390858007523706 0.05821529172311406 0.03979201186299797
6 0.2655343102676223 0.34121122631118483 0.06290279172311397 0.039983012851581276
6 0.2737573253056277 0.15442880931499045 0.07827548620519006 0.06555601581733077
0 0.665254349277203 0.3927298943331435 0.06759029172311415 0.04017401384016441
0 0.6746160611721335 0.33360956231792105 0.07252345318850324 0.045052514828747635
7 0.27892286013133677 0.08574247631118485 0.08707063206674714 0.08462435079830274
1 0.36426065807448726 0.533917332546695 0.06602779172311406 0.04011034684397004
4 0.8524810323393183 0.4653410178688592 0.1036915660333733 0.044763354752635466
10 0.7892418051792397 0.28269300254582 0.09866987336031982 0.06794618676785787