9 0.10416311517764643 0.036084601016214385 0.07093323821317572 0.048875420691397976
9 0.20614299214211712 0.02529420203242877 0.06312073821317572 0.04864810015828456
9 0.3120890851938571 0.09966005304864316 0.055162688998963996 0.04529577962517117
9 0.649220904052776 0.019892990862053466 0.05850601282028158 0.03978598172410693
9 0.7637971344080687 0.08964592623468831 0.061631012820281585 0.05016513605166188
9 0.8772003548385643 0.015091173265187436 0.06944351282028158 0.03018234653037487
3 0.8726071699734295 0.3430771516240821 0.060757717535011226 0.03141513605166182
3 0.7511131596343471 0.33800686988733986 0.0527996683207995 0.0280628155185485
3 0.6347432969379001 0.34217519583072964 0.049674668320799496 0.027971887305303155
3 0.43766062758364327 0.22586954889200808 0.05167381596343468 0.03739235141192587
3 0.1081444096343472 0.35671534976257313 0.06842466832079959 0.028517456584775315
5 0.8726114780789814 0.4103555798373275 0.08285104135632863 0.0367391335443795
5 0.4370185804363461 0.4136423335317441 0.06246576674922295 0.03458560015828453
8 0.3219671610820892 0.2949498209953318 0.07987159057054054 0.039773205331134064
2 0.6499102245643246 0.28149610860456875 0.07696491439185812 0.04436977711788872
6 0.7601713283694316 0.21335621087442438 0.06453768899896399 0.045568564264907255
6 0.7711322913563288 0.021749175970325607 0.0747132096771285 0.043498351940651214
0 0.3180522948709855 0.1605066248353978 0.07569351282028158 0.050574313011266005
0 0.32192646567298444 0.22689014278208647 0.070787688998964 0.04575042069139794
1 0.6270806542576637 0.41280594457708836 0.06729881596343468 0.03784699247815269
4 0.10721330231458362 0.2863346536026391 0.11006851282028159 0.051574523356964976
10 0.2029859129441161 0.0918823084589195 0.10483735731976358 0.07326766693047429