9 0.1423952541809718 0.53532968610348 0.06649782218833336 0.0405565334984459
9 0.23116746666190932 0.5183477014049609 0.05701371941479163 0.0354323858558109
9 0.32230030651767316 0.5679539032242065 0.05072735182361114 0.033578787427387444
9 0.6037159203091316 0.47313167059260197 0.04444098423243048 0.031725188998963996
9 0.7026430763693051 0.5238829954473768 0.047602351823611146 0.03343323821317572
9 0.7983023749062844 0.4462182218737283 0.05861258700597229 0.03706766046291676
3 0.8174829071070133 0.7310127528909749 0.06042966014423605 0.04807793507002263
3 0.7141215177643396 0.7363658788219883 0.05741376291777787 0.0526198858558109
3 0.6121953418525341 0.7472605293601076 0.05414329255305557 0.046224336641598994
3 0.42962053761597174 0.6613293757216164 0.050872822188333444 0.03982878742738745
3 0.14146330813319377 0.8105843972283504 0.06667966014423614 0.0483690334984459
11 0.1382721050546524 0.4772624749786093 0.07758079255305557 0.04731595574818712
11 0.49988305870187466 0.43153702191650944 0.06035692496187508 0.044952935070022446
5 0.82142421827743 0.7968924640158455 0.07347517401194459 0.07209763192686953
5 0.4341411174037493 0.8367296360606986 0.07020470364722228 0.06570208271265798
8 0.3286197756481244 0.7332706881703945 0.0778353656913195 0.05825345574818712
2 0.6202994357923606 0.7014942650920839 0.06395470364722229 0.06541098428423435
6 0.7103990653513884 0.6274810303935648 0.06362739532659738 0.05134848428423418
6 0.711946647607708 0.46018436848290617 0.06820579255305556 0.046879308105551944
0 0.33078299411298556 0.6739320754739474 0.06664329255305557 0.0468065334984459
0 0.32813142600871475 0.6198438889561828 0.06664329255305557 0.0468065334984459
7 0.7171075795034372 0.40646005500067073 0.08557513050895835 0.05549232878371626
1 0.6080332122935064 0.8252763674494489 0.07841724715020852 0.08325345574818713
4 0.1427907252112841 0.7535531472283503 0.10625130642076393 0.07206339867609249
10 0.22973094681027728 0.5800664514049608 0.09178876291777786 0.05422092721213971