9 0.5170150073516903 0.8664226895625233 0.03945864767057934 0.06823317445232177
9 0.4093054059267807 0.7782898552393565 0.03576043758467105 0.05720474623907634
9 0.4991845347141674 0.566618917854911 0.03387038896415202 0.050909282132453625
9 0.49523509837269175 0.37405934481451525 0.03214411465389251 0.04773881802583091
9 0.4239543198785608 0.2755058360390266 0.03543288896415202 0.050954746239076344
9 0.4865948400049488 0.16681514614729873 0.0374048247398008 0.058812710345698974
3 0.3657058078927732 0.16643236441055653 0.03904921189493056 0.06042067445232169
3 0.30980993272343105 0.2803872158224823 0.03847600180902226 0.049483174452321685
3 0.3835805461341282 0.4802759040648576 0.0352691146538926 0.04782974623907634
3 0.2721749773872212 0.5966259812618885 0.04168288896415202 0.051136602665567035
3 0.2142186352345658 0.6903592608870597 0.0467798247398008 0.05908549498543501
3 0.22725978855935466 0.9029358172344082 0.047107373360319824 0.06533549498543537
11 0.54567659090946 0.14091422420225955 0.04998006784239593 0.09038095909205776
11 0.5781162816619497 0.8615245894042388 0.04677318068726599 0.08872753087881265
5 0.1458581388526104 0.5956210738983257 0.06577548620519007 0.06431856426490726
8 0.4655786601106522 0.8804002730277606 0.048417567842395925 0.090335494985435
8 0.4289516791053864 0.3736478193459792 0.04373671189493056 0.06055706677218966
2 0.38631936454235094 0.5917446014784329 0.05335737336031983 0.06551735141192587
2 0.4887538042747286 0.2595793076674967 0.04660940637700648 0.08560253087881238
6 0.5607627645877795 0.6716952112701359 0.040939260515449404 0.0667161385589445
6 0.11902448043943888 0.3038798547771381 0.06914614767057933 0.06909699247815268
0 0.5010137075995174 0.4721785960681565 0.040693599050060314 0.06202863855894449
7 0.5617697438955644 0.5780588715366926 0.05105124491161739 0.08105142319868044
1 0.19760542458283065 0.5012884006996453 0.08041119629109832 0.07566524122451135
10 0.1713816027837059 0.9123622930195132 0.08706398801421242 0.1133016335443795