9 0.31050335380059774 0.8828237800365892 0.04651543507002263 0.059884077339272326
9 0.3670551066960818 0.7726044427116343 0.03990156203449331 0.05199885200509069
9 0.2813294683590716 0.6755652633672712 0.044516287427387446 0.050490896005727134
9 0.29649843424145306 0.3641919587046346 0.041609611248705033 0.05514203333863606
9 0.2119179189399721 0.2749743700270442 0.0450257096771284 0.06142839600572705
9 0.20200991790651482 0.17959823535963515 0.04858735731976358 0.07083975867281792
3 0.6097563370513747 0.8535111867440873 0.0354323858558109 0.05663180800445424
3 0.5828235018575176 0.7446628980744511 0.03343323821317572 0.047238626670908876
3 0.5646299658778722 0.6390396067393148 0.03343323821317572 0.047238626670909056
3 0.4293173963997809 0.46646407805536105 0.033360463606069854 0.04567612667090888
3 0.48592899958571517 0.15635382873167886 0.034160984284234176 0.06286362667090888
11 0.19754731968297917 0.5699596060232263 0.068681533498446 0.06638861600890866
11 0.1335146290313853 0.1842670066836356 0.06977315260503389 0.08982611600890866
5 0.5965584003287223 0.4527935714114964 0.04488016046291676 0.05830339600572696
5 0.672892037837163 0.8511225307526779 0.04731595574818712 0.07707157733927232
8 0.4672646985094767 0.3591515647278608 0.04389985731976367 0.0707852146721816
2 0.5177014619489307 0.6541100760661788 0.04175516046291676 0.05826703333863605
6 0.47503027253568203 0.7605867953930427 0.04182793507002262 0.059829533338636054
6 0.2960897892849051 0.7912993513685438 0.06286818114108109 0.07569089067472685
0 0.4112694096343471 0.36396578672022484 0.04204625889134021 0.06451703333863605
0 0.3528575961521119 0.36719023671227063 0.046879308105551944 0.06769657733927241
7 0.2310469861417519 0.8030357353596351 0.08532537799792798 0.0884454293443632
1 0.6335426317174724 0.6265674260820872 0.053202082712657625 0.06933180267345432
4 0.4261366226212445 0.16346634739017923 0.05316784946188076 0.10212612133990877
10 0.27323640860088994 0.2670987827020893 0.06686647642635143 0.09447725334181775