9 0.7644455600330549 0.85625 0.046949041603125075 0.0703125
9 0.6576708428024647 0.74453125 0.03884560087368065 0.0578125
9 0.7914503500206592 0.53515625 0.046512630508958354 0.0515625
9 0.822104857238854 0.32578125 0.04647626291777769 0.05
9 0.7583534413950346 0.21171875 0.045022865691319504 0.0546875
9 0.8475815551864929 0.10390625 0.04832970364722229 0.0625
3 0.4579416401051729 0.83359375 0.028053571238402953 0.0640625
3 0.47322572046163136 0.61328125 0.029397865691319323 0.0546875
3 0.5415958203853816 0.52890625 0.027617160144236052 0.0453125
3 0.6760818827900691 0.4234375 0.03866376291777769 0.05
3 0.632663110372986 0.2078125 0.0356478656913195 0.0546875
3 0.7126798783247569 0.09296875 0.03895470364722229 0.0625
11 0.8354847586462839 0.85859375 0.06304682028847211 0.090625
11 0.9222549000762499 0.084375 0.06936955547083343 0.09375
5 0.4272248490707288 0.50859375 0.035793336056041625 0.0609375
8 0.7120836262374646 0.85703125 0.06315592306201409 0.0953125
8 0.752065114172708 0.3140625 0.05487064437666671 0.075
2 0.8374415293509372 0.20390625 0.06613545269729144 0.0890625
2 0.6670861296559372 0.54140625 0.04829333605604162 0.0609375
6 0.8488062954997563 0.65546875 0.06420927678548623 0.0734375
6 0.4482335589862151 0.21015625 0.04215243882958344 0.065625
0 0.8140721920606246 0.4359375 0.06090243882958326 0.065625
7 0.8713917699485412 0.5578125 0.08470361474138884 0.08125
1 0.49405063279006906 0.4234375 0.03906380642076392 0.0671875
10 0.4070694711272216 0.8375 0.04625936379145834 0.1078125