9 0.29680171770236186 0.9095438798433684 0.04229790919430556 0.07282055737069441
9 0.29679975807121595 0.8088171812301391 0.040589938829583436 0.06653418977951375
9 0.3774302026003825 0.7169946635627087 0.035720600873680654 0.05861258700597229
9 0.3315844936348267 0.391103657578785 0.037173998100138925 0.05396145459715287
9 0.4120331002080905 0.2914686399113545 0.03404899810013902 0.053888719414791716
9 0.34280836189159736 0.16882926728618083 0.04044446846486114 0.06028418977951393
3 0.6560357137152085 0.20735278552229222 0.03891833605604163 0.06181032218833336
3 0.6384144154625697 0.322505006836945 0.0356478656913195 0.0554875870059723
3 0.6277879996187503 0.4362583823119103 0.03397626291777787 0.05076371941479181
3 0.5015560739912852 0.6152529384483337 0.03393989532659738 0.04920121941479181
3 0.5953307898906952 0.9539719059632643 0.03593880642076393 0.06798758700597211
11 0.22638011492882018 0.9032198382402431 0.05683318787965286 0.09346036569131969
11 0.2567137398351046 0.49555346181534743 0.05294446846486114 0.06057513050895835
5 0.6848595364722228 0.6406016966164589 0.05149107123840295 0.0652262629177777
5 0.7264936840799308 0.2152393271254173 0.05345361474138901 0.08245013050895836
8 0.5511950109210075 0.7350939661837504 0.04237064437666671 0.07594555737069442
2 0.5781328385245837 0.41636280318972274 0.05156380642076393 0.06835126291777768
6 0.5224439233463544 0.3049700550895838 0.03899107123840295 0.06493532218833345
6 0.3396489539315627 0.2679207307170489 0.05163654160312507 0.07147626291777787
0 0.4923648715783339 0.7235739315144796 0.03753767401194459 0.06958645459715278
0 0.43291713639597285 0.7190669630496185 0.03906380642076392 0.06806032218833344
7 0.2712619766329863 0.24836999050069464 0.07409342306201391 0.09698540919430557
1 0.7070761093261462 0.45450119566652836 0.06424564437666672 0.07645470364722229
4 0.5302324667524314 0.9415251509292712 0.04945709897381967 0.11202852773541672
10 0.36426001500507016 0.822099737650903 0.05548889342673622 0.10279899810013901