9 0.8424552939210945 0.5664268315804902 0.0676602146721816 0.0417977621748646
9 0.7680285532702301 0.45134334821958166 0.058230670671545325 0.036946620941162675
9 0.5595887972629123 0.508876978899977 0.048837489337999786 0.03522047970746058
9 0.37560469593413937 0.478501506496117 0.04569430800445433 0.03360343262955982
9 0.288287056612048 0.3972299614468112 0.05039998933799979 0.03524775324641087
9 0.1791842292727755 0.44287547240385994 0.05824885200509065 0.038509120941162676
3 0.18991373862191113 0.32630558117015784 0.05826703333863614 0.04007162094116259
3 0.3020597499602291 0.2876367731352085 0.0504727146721816 0.041497753246410876
3 0.48603421327977525 0.3859673587695932 0.04729317067154533 0.036755706168510205
3 0.6058387306254109 0.2932695698093674 0.0505090773392725 0.04462275324641087
3 0.7000614452975926 0.251008157472347 0.05835794000636341 0.04788412094116259
3 0.9018870272915475 0.292007484178278 0.0646261213399086 0.04955571509696401
11 0.1504410639322304 0.49649139610496607 0.08966248400699968 0.05311709172016954
11 0.832407584579913 0.6244029728141923 0.08650112133990895 0.04993754464226861
5 0.6166136933084102 0.17279342857566538 0.0663704346753633 0.0652079886359143
8 0.8601882339274578 0.5192518226520365 0.0880636213399086 0.049964818181219076
8 0.3810194492759572 0.4159196858792661 0.061464758672817865 0.04637616801906326
2 0.592056946610457 0.4036440081209701 0.06624316534054522 0.054270488635914306
2 0.26728366593732106 0.45695951745316565 0.08337612133990877 0.04988299756436802
6 0.6532473432527309 0.5822269297934813 0.06609771467218159 0.0417704886359143
6 0.34086935331795526 0.10730834496987554 0.07113066000954502 0.0715398092527653
0 0.4683189072645032 0.49875373092857184 0.06142839600572696 0.04325116801906326
7 0.5651206345878673 0.5704866347441755 0.07870680267345413 0.05136367694751698
1 0.5224546133036376 0.2095860909126858 0.07590906667727211 0.07943412986961632
10 0.9150051926320926 0.23866429586667523 0.11349997334499946 0.08790119480442442