9 0.5200017835029552 0.9083037386915809 0.03586903349844608 0.0673446302577247
9 0.43539780521457694 0.7910952272716202 0.02896406203449331 0.05295458163720568
9 0.5642977088530682 0.613025538216611 0.030162688998964172 0.04522396879233561
9 0.6021552355270885 0.42235295058651146 0.03030823821317572 0.04834896879233561
9 0.5542700072387103 0.30706878731209997 0.030162688998963995 0.04522396879233552
9 0.6390688463615088 0.21831722580128216 0.03550516046291676 0.05953213025772479
3 0.24280573676994285 0.8569681315009202 0.0387757096771284 0.06282090456798421
3 0.2728700341221278 0.648657664517607 0.03684933664159917 0.054926517412854634
3 0.34514960256676186 0.5764794493433161 0.03506851282028158 0.050157130257724704
3 0.471808455957584 0.49697009102100154 0.03008991439185813 0.04366146879233561
3 0.4482212144346394 0.28036576718571193 0.032161836641599176 0.05468085594746528
3 0.5214104654680967 0.188656302011421 0.03223461124870504 0.05624335594746528
11 0.7052760432183557 0.20925648631673174 0.05705482878371626 0.08715916327441153
11 0.58050263586032 0.9208723377416412 0.050659279569504535 0.08370661465389233
5 0.22874550661953777 0.5367032191310198 0.05759848428423435 0.06536605042954129
8 0.5402738196874883 0.40579621438132135 0.042119033498446076 0.06767217887824373
8 0.4698926215922964 0.9080270997274289 0.04640842721213971 0.09283595318850324
2 0.4535057580672799 0.6040865502023987 0.04168238585581072 0.058297178878243726
2 0.6190773699351574 0.3112483542499846 0.04142982878371626 0.08634029172311397
6 0.601771976016576 0.7332461849826792 0.0405565334984459 0.06759029172311415
6 0.2647922843270155 0.2503905828804012 0.06108735731976358 0.0733423247398008
0 0.584107248761655 0.5240006597679085 0.03870293507002263 0.06125840456798422
7 0.6255241532287157 0.6436447744218011 0.05661818114108108 0.0777841632744117
1 0.29786368776061894 0.4651424796464694 0.06257708271265772 0.07186171189493056
10 0.18670128598415459 0.8508951939162491 0.07064644789030412 0.11125176051544941