9 0.6105567989592033 0.2451787874221533 0.031072937584671046 0.056904616641249996
9 0.711279415987945 0.14218303362243115 0.03781426051544958 0.06642508700597224
9 0.7320167983933764 0.44854213639597285 0.03526911465389269 0.04763871941479181
9 0.7565608542499846 0.6488694447165978 0.03683161465389269 0.04767508700597212
9 0.6949007372212429 0.7527743882958339 0.03222600180902226 0.04912848423243048
9 0.7794162573476309 0.8616422016504519 0.03748671189493056 0.060175087005972475
3 0.4225854081860289 0.14248627925402813 0.03140048620519007 0.06315461664125004
3 0.43762831128367524 0.35507719823197953 0.029019114653892685 0.047493249050069505
3 0.5030696048158114 0.4424330342880213 0.02721095318850324 0.042769381458888846
3 0.6257026006319399 0.549066853626563 0.027292840343633173 0.04433188145888885
3 0.5817423179539375 0.7524814879352435 0.029101001809022264 0.04905574905006951
3 0.6524000559681499 0.8649282429692366 0.031072937584671223 0.056904616641249815
11 0.7790843916776856 0.14064002383878535 0.05146068068726599 0.08859102773541672
11 0.8495173954072719 0.8890236256623965 0.057628793532136055 0.08717399810013901
5 0.38666003278954414 0.4545492149494795 0.04529921189493056 0.06035692496187508
8 0.6601296737898611 0.13396983690906303 0.04833568068726599 0.08851829255305557
8 0.6904821528705036 0.6535738220914242 0.04406426051544958 0.06657055737069442
2 0.6158185883074682 0.43491343464861154 0.03945864767057934 0.06802395459715278
2 0.7689114473071511 0.7654211650813201 0.049898180687265994 0.08855466014423605
6 0.7854549796464694 0.33664285486083395 0.05064180913596843 0.07296602773541672
6 0.4004104307988078 0.7467003473582989 0.05212242198083885 0.07143989532659738
0 0.7487306648562913 0.544127393329827 0.04529921189493073 0.06035692496187508
7 0.8029091525318194 0.43146504559027843 0.06494997060135788 0.07798083605604181
1 0.4513610198992454 0.5426681172099309 0.04858798620519007 0.06355466014423605
10 0.3691328595655099 0.1349997811538892 0.0539239393936934 0.10581489532659724