9 0.12754582142314008 0.5783850288328153 0.06740566861791084 0.041021147670579336
9 0.21831626716841396 0.6081344838303409 0.05958407825883123 0.03904921189493056
9 0.31292024004105096 0.6255886567156909 0.05489657825883114 0.03880355042954129
9 0.4161725050681656 0.6528682089542545 0.04864657825883114 0.03847600180902226
9 0.5084781797362006 0.6780120511069099 0.05020907825883114 0.0385578889641522
9 0.608609989942855 0.7059090790352139 0.0470658975406721 0.03526911465389251
9 0.7024599838927308 0.7280098083429991 0.05490566861791084 0.04036605042954129
9 0.8135656555357038 0.7627300463572115 0.061164758976990544 0.042256099050060315
3 0.8751651891059744 0.47698397613996646 0.06274543969514994 0.04546298620519007
3 0.7664987162333375 0.45879281885844864 0.05178975897699054 0.041764776119281775
3 0.6585589512062229 0.4312676051544958 0.054923849336070064 0.04349105042954129
3 0.5584180506404889 0.4018080772261917 0.04865566861791084 0.04003850180902226
3 0.4669663488450907 0.38920517865110116 0.04865566861791084 0.04003850180902235
3 0.38010669827935667 0.36044169154139993 0.05177157825883123 0.03863977611928178
3 0.2823322736113216 0.33501124434579044 0.06429884933607007 0.04398237336031983
3 0.18222773448190602 0.31180171641748633 0.06741475897699045 0.04258364767057934
11 0.11150773096586461 0.6408064637039528 0.08782725292686626 0.06083568068726599
11 0.8139519957965875 0.8291362963572114 0.08316702400410492 0.0652775192218769
5 0.8919799843837101 0.4138222348463937 0.08001475292686636 0.06042624491161739
5 0.2021720749391815 0.24958499943417314 0.08783634328594588 0.06239818068726617
8 0.7169906373853312 0.8092155427391668 0.0706670240041051 0.06462242198083885
8 0.2046355622497579 0.673022499434173 0.09101588544042354 0.0719369549975255
2 0.7832498789975159 0.38469357756487593 0.07537270472226432 0.06799308344622804
2 0.2897766140685971 0.2721394301214392 0.07692611436318471 0.06651247060135787
6 0.2968821495837754 0.6880100915868285 0.06904998184962743 0.055165534825709094
6 0.5996531464605175 0.7772927561044355 0.06749657220870695 0.056646147670579336
0 0.3828817194547914 0.30044921585165946 0.06904998184962743 0.055165534825709094
0 0.6831953368430381 0.37007779963657184 0.06122839149054773 0.05319359905006031
1 0.47045898750696813 0.31831614653892554 0.08319429508134384 0.0699650192218769
10 0.5034548573311018 0.7542879460639558 0.07224770472226431 0.06782930913596844
4 0.5830635266363837 0.3421807717082677 0.07224770472226431 0.0678293091359686
7 0.3978133905085891 0.7190730630926975 0.08318520472226432 0.0684025192218769