9 0.7522124606741927 0.0767141639820826 0.07374657220870695 0.05654540653397531
9 0.6912800267345796 0.21474501096276394 0.06119203005422928 0.04658820967712849
9 0.4581857256031114 0.1771509274215367 0.05497839149054791 0.052547111248704995
9 0.2600073008368805 0.23092455252398061 0.05654089149054773 0.0526198858558109
9 0.18478056274073723 0.3297666209686147 0.05496930113146812 0.050984611248705035
9 0.05562432786604775 0.2928017760548479 0.067496572208707 0.056254308105551945
3 0.8483663397699044 0.35121755025217827 0.06270907825883114 0.038848484284234354
3 0.6471538185944696 0.4207617245688338 0.0517533975406721 0.03521406203449331
3 0.5430612162333375 0.3935699859413734 0.04551248789975162 0.03648546360606986
3 0.40431181274073724 0.31954178867024174 0.05022725897699036 0.041391287427387444
3 0.22683677341492992 0.4395568438803094 0.05177157825883123 0.03833906203449331
3 0.09775780659241717 0.4158732489665427 0.06274543969514967 0.04509848428423435
11 0.029502189400562085 0.23540880707209455 0.056695427594901274 0.0791823858558109
11 0.7291835059519284 0.02671326065092309 0.09574883723582168 0.05342652130184618
5 0.5702736769075302 0.5040515676205738 0.06277271077238851 0.04978598428423435
8 0.7774806262670413 0.12164352026838887 0.09415906615858276 0.07467897642635143
8 0.2806970507386847 0.29482223263160445 0.0753636143631847 0.06599318114108108
2 0.5111521652000652 0.2817442280834905 0.06279089149054791 0.05291098428423426
2 0.14845217730031368 0.2642529369320494 0.09572156615858281 0.0747517510334573
6 0.2973134207592102 0.5988183738640988 0.0643352107723885 0.04985875889134021
6 0.545930644417414 0.08085166212005576 0.07226588544042353 0.07053513192686944
0 0.36374083401436785 0.1963975411514411 0.06911361436318471 0.06570208271265772
1 0.4685202793668582 0.47596941708245455 0.0721658914905479 0.05334763192686935
10 0.8720629150036736 0.39465718114559034 0.1113011143631848 0.06766699710451585
7 0.44836075282867044 0.10024382506417187 0.08800906010845858 0.09157537799792799