9 0.5223962648287477 0.08845493102500956 0.033987680836358794 0.06827877404661713
9 0.5286873685927999 0.18541177657850585 0.03360567885919252 0.05890377404661713
9 0.605099971368269 0.2801364887368906 0.03354201186299814 0.05734127404661713
9 0.5838257851318838 0.5813071191367772 0.03178851087441501 0.052599210344286364
9 0.6638408903788108 0.6878597086998237 0.03484984387822045 0.051145837748947896
9 0.6102304121276406 0.7889658517135821 0.03354201186299814 0.05734127404661713
3 0.8096906763877346 0.07430318410505246 0.04954901384016423 0.06726191106992567
3 0.7335207431170988 0.3875993030721937 0.04103617688202608 0.049801592558271414
3 0.8760623646756482 0.5735690633238126 0.0503475098858317 0.04856647477225664
3 0.8908663053978388 0.6879862273889632 0.04734984387822046 0.05158234736759475
3 0.9141048286295435 0.7987972418169335 0.051047846843970034 0.06575397477225664
11 0.5131220128887624 0.47351941178771584 0.038229511862998146 0.05750496515360979
11 0.462303681824942 0.08791672848527161 0.04250051779449713 0.08573909255827142
5 0.9175455746380298 0.3854440699472347 0.06829901384016424 0.06791667549789589
5 0.9742094101132931 0.7996355447194913 0.05158117977341377 0.07885417549789597
8 0.782906636387297 0.27854425080260825 0.06093218281352506 0.07858135698624161
2 0.8275439516337866 0.5890378067003907 0.06817167984777583 0.06479167549789597
6 0.7778397233826164 0.6902803589699762 0.05567167984777584 0.06435516587924912
6 0.5994109758540743 0.6957515650530932 0.039983012851581276 0.06224702885594056
0 0.7229413873758801 0.2811310482628703 0.052865014828747545 0.0720585384745874
0 0.6621630548663662 0.2829093138719669 0.04967634783255317 0.0703869110699257
7 0.5457912273369491 0.7009003673226787 0.04680601581733086 0.07652778366526398
1 0.956180946196579 0.5677853439938518 0.08743101581733086 0.07794643992586607
4 0.7536953443725121 0.07858889082114165 0.07301568874502422 0.10708830290255766
10 0.5939303666156336 0.17832845207640177 0.05544618676785795 0.09711310217691826