9 0.3466845551769673 0.09459762137967968 0.05087923151356133 0.06929544000636337
9 0.32296560509226263 0.18332376670908895 0.050515210466873926 0.06304544000636332
9 0.3095394129000658 0.2745118407065436 0.048770699943530185 0.059902258672817864
9 0.2896280022779001 0.37499309870304376 0.046662168373499215 0.0505090773392725
9 0.26995181008570324 0.4661084473663166 0.046662168373499215 0.050509077339272325
9 0.24912264157102976 0.5642368646960441 0.04684417889684287 0.0536340773392725
9 0.23169919411716106 0.6538169853596352 0.0484976841585147 0.05521475867281787
9 0.2044758124341905 0.7628010866884081 0.0488617052052021 0.061464758672817865
3 0.6149787998447083 0.17032651674885985 0.039577710466874014 0.06291817067154523
3 0.5987916286991988 0.26772822807922364 0.037742194681858444 0.05821248933799979
3 0.5800786970303456 0.36197766740926923 0.03912268415851479 0.05510567067154524
3 0.5583849785297896 0.4452623347389967 0.03223564732681172 0.044095445337363516
3 0.551072278445085 0.534179384070633 0.03581567363517095 0.051944308004454244
3 0.5269360994070678 0.6291464387332697 0.03563366311182729 0.04881930800445424
3 0.5070701914157378 0.7304089467297699 0.03398015785015538 0.047238626670908876
3 0.4945085492094237 0.8364407707272246 0.03912268415851479 0.05510567067154497
11 0.28231124203690505 0.07511127737108916 0.06915879465362362 0.08824543467536324
11 0.1377055413875031 0.7557783800127267 0.0754997999152954 0.08988066000954512
5 0.67645462613895 0.19368274809035949 0.05638577886860805 0.08341248400699967
5 0.5573193623494859 0.8559089334022696 0.05629477360693613 0.08184998400699968
8 0.2555582972138723 0.16536356003340752 0.07688028939195171 0.08677384134309048
8 0.14943272568719215 0.6622283746817266 0.0794592578219206 0.07743520401018138
2 0.6566874286850813 0.28323559675363236 0.05923776308359248 0.07876134667409058
2 0.5761310045558001 0.7499498347389967 0.05703822625188941 0.06780566534054522
6 0.24429384449833175 0.2534539060311804 0.06999325256024883 0.07576361600890866
6 0.17256784684681903 0.55007382001909 0.0683397472985769 0.0741829346753633
0 0.5854234335938173 0.6548100574076784 0.0457367052052021 0.06142839600572696
0 0.6336587233387049 0.37040833274981433 0.04757222099021767 0.06613407733927242
7 0.21882267861449417 0.3523090293602715 0.08634629465362353 0.0884454293443631
10 0.1888915258848362 0.4550158586887262 0.08580026308359248 0.07907042934436319
4 0.6048266100009986 0.5590072087444055 0.054004231513561506 0.06933180267345414
1 0.6212945022073129 0.4530208380808144 0.0592377630835923 0.0787613466740904