9 0.2079308452048731 0.39529944279472173 0.057642081637205765 0.028199207838416562
9 0.3177429364530173 0.466359752045064 0.04670458163720585 0.027880959092057723
9 0.4112605630926975 0.4051160266556703 0.0450601944820761 0.026272994985435005
9 0.7144132185651928 0.474001385127225 0.0513101944820761 0.026454851411925873
9 0.8032024016273083 0.41184001741796317 0.057642081637205675 0.028199207838416385
9 0.8964987002478273 0.4207951317620128 0.06232958163720568 0.028335600158284534
3 0.932949613860923 0.6995566292547303 0.062493355947465544 0.03146060015828454
3 0.6168565451140161 0.577250754090128 0.0450601944820761 0.026272994985435005
3 0.4468483395506636 0.6822922920950765 0.0470321302577247 0.034130959092057725
3 0.3391177267057933 0.6807177687381115 0.04711401741285455 0.03569345909205772
3 0.23249591248144208 0.6854159774344579 0.058051517412854546 0.03601170783841638
11 0.511232907620202 0.34796040769276726 0.058542840343633176 0.045386707838416564
11 0.8931822704650723 0.35751388176201276 0.08346095318850325 0.04455163354437941
5 0.23601706015202142 0.7526034774344579 0.06972600180902226 0.050392456584775404
5 0.6362251000661131 0.7533275207831756 0.06035100180902227 0.0501196719450391
8 0.7269995070089467 0.6397400453937818 0.07375840456798421 0.0380288489046432
2 0.43032922489677095 0.6350081151354724 0.058624727498762755 0.046949207838416385
6 0.325450295114016 0.5687716982049981 0.05640713025772479 0.03440374373179385
6 0.29715711951513263 0.40101589687221456 0.06117651741285446 0.03610263605166182
0 0.7184599886915809 0.5809871710206024 0.06405585594746518 0.03150606426490725
0 0.7163751882620396 0.5263224030739136 0.0642196302577247 0.03463106426490725
7 0.2853697704650723 0.3398283442857898 0.08222600180902226 0.05075616943775678
1 0.4601948665744565 0.7583463267348126 0.06725609905006032 0.06280152837152997
4 0.9244100955435574 0.6408037548815508 0.10229284034363317 0.04665970282385175
10 0.8135500814100631 0.4753258558977652 0.09250840456798456 0.038574418184115444