9 0.76171875 0.8375 0.0328125 0.05703125
9 0.6890625 0.7328125 0.0296875 0.046875
9 0.7546875 0.63359375 0.03359375 0.04296875
9 0.74609375 0.44453125 0.0328125 0.04453125
9 0.64140625 0.246875 0.028125 0.05390625
9 0.74921875 0.153125 0.03515625 0.06328125
3 0.6375 0.8375 0.02734375 0.05390625
3 0.57734375 0.72890625 0.02265625 0.04453125
3 0.6328125 0.53671875 0.025 0.04296875
3 0.52421875 0.43359375 0.02265625 0.0390625
3 0.46875 0.3484375 0.021875 0.04609375
3 0.4703125 0.1484375 0.021875 0.0578125
11 0.8125 0.15078125 0.04765625 0.07734375
11 0.8265625 0.8640625 0.05234375 0.08125
5 0.4140625 0.4421875 0.0328125 0.05234375
8 0.68984375 0.6359375 0.04140625 0.06171875
8 0.7 0.146875 0.04296875 0.0890625
2 0.6328125 0.4296875 0.0390625 0.0625
2 0.75859375 0.7453125 0.04921875 0.08984375
6 0.80625 0.33671875 0.04609375 0.06171875
6 0.409375 0.71640625 0.03359375 0.0578125
0 0.75546875 0.53515625 0.0453125 0.06328125
7 0.8171875 0.42578125 0.0640625 0.065625
1 0.47109375 0.52421875 0.03515625 0.05859375
10 0.42265625 0.140625 0.0375 0.09921875