9 0.5364383687629889 0.8349999271423585 0.034756795081344015 0.06682540145127902
9 0.42358891081927075 0.7647370455613455 0.03626475292686617 0.05750496515360979
9 0.4880882689359396 0.5531522156169458 0.028388620413308984 0.046294646641955414
9 0.4625938861277946 0.3704860485565704 0.033085210772388504 0.0480208377489479
9 0.3826478317748726 0.28345232922660946 0.03623748184962734 0.0528174651536097
9 0.43170347619228655 0.17551085445435294 0.03470225292686635 0.057450401451278846
3 0.2650400917338217 0.896810479496762 0.0472386143631847 0.06413691106992588
3 0.22793149805509244 0.6965847902038679 0.04563975292686617 0.05783234736759475
3 0.27065532924078983 0.6029240702409349 0.044040891490547726 0.05152778366526398
3 0.36586835617176117 0.48243546624991807 0.03934430113146821 0.049801592558271324
3 0.2724324944408551 0.2974553202409348 0.04090680113146812 0.04985615626060227
3 0.3129125695764284 0.18668894583149798 0.03938066256778665 0.05605159255827141
11 0.5927247301993074 0.8267856338584476 0.0457761083130606 0.08126984736759475
11 0.48265744301479946 0.14405003412860012 0.0473386083130606 0.08132441106992569
5 0.15185533226585196 0.6156646616180799 0.06600679508134392 0.06791667549789597
8 0.39928081987101594 0.37816462850097005 0.04723861436318462 0.0641369110699257
8 0.48867757963357333 0.8546328700634497 0.04894656010845857 0.08919147477225664
2 0.3800848713952676 0.5897296110777749 0.0519170240041051 0.06273810217691818
2 0.44368078054520865 0.26491809483570605 0.041079517953980904 0.07954365626060227
6 0.0940984161820239 0.3396130823066524 0.06914997579950319 0.07115080290255768
6 0.5555070522116227 0.6453099445655536 0.03945338544042354 0.06855159255827133
0 0.4776598290443982 0.4660341615332618 0.03781816256778647 0.05599702885594056
7 0.5466365671405414 0.5589185767795387 0.04573974687674198 0.07501984736759475
1 0.189119503810629 0.5206324146133048 0.07855224687674203 0.07616568511654283
10 0.2102798688611848 0.911220209078342 0.08344882513557321 0.11226687622353566