9 0.8195746182720096 0.5488350367565632 0.051762487899751616 0.03557513050895835
9 0.7349137928418488 0.46169675303722285 0.04863748789975162 0.03550239532659738
9 0.6190433531466991 0.5011930512898617 0.04862839754067192 0.033939895326597205
9 0.43647629284184875 0.4547505431217365 0.0470477168225127 0.030778527735416717
9 0.2607182896203949 0.3123597553183336 0.05332498789975162 0.035611498100139014
9 0.14852229576871498 0.3917907225489238 0.06583407825883122 0.03746493882958344
3 0.20092162968488694 0.11484766926229184 0.06590680113146821 0.049964938829583395
3 0.4061722110669761 0.15713000750253509 0.056522710772388504 0.04818423328250008
3 0.4776063286516147 0.23458416669684068 0.048682939695149585 0.04331489532659729
3 0.5533916029503073 0.36995992866468796 0.04709316861791084 0.038591027735416714
3 0.7660143227978822 0.3538121710652437 0.05337043969514958 0.04342399810013893
3 0.8593052596643614 0.4349004765360771 0.06430793969514959 0.043678571238402776
11 0.13178879284184877 0.44765886284152784 0.08307612041330889 0.0472399823325695
11 0.8270280490883646 0.610735624712466 0.08153180113146803 0.05032861474138901
5 0.516569355582586 0.11828767268076432 0.07072156615858276 0.07194904160312507
8 0.639714922330344 0.4399470799752089 0.06590680113146803 0.04996493882958344
8 0.14882227761834238 0.34022822254892376 0.08779089149054772 0.05203658510611113
2 0.44963534387512105 0.34176023385118093 0.06750566256778665 0.056251306420763925
2 0.7282956332991242 0.5248325326725005 0.08621021077238851 0.04887521751493047
6 0.8030108496306576 0.1726173756623965 0.07230224687674217 0.07511040919430564
6 0.3183302808397962 0.4824735399876044 0.06587043969514968 0.04371493882958326
0 0.5214961874556545 0.4801700768410768 0.05961134933607006 0.04200696846486114
7 0.4041359706331417 0.507130007502535 0.0768352107723885 0.0486570119678472
1 0.5911602894240031 0.19034581705743103 0.0770261083130606 0.08146951196784728
10 0.20985172297083282 0.057235191013784895 0.11143746974937896 0.08851959897381953