9 0.8609299992822098 0.4527559414436656 0.06537202885594055 0.03787270472226432
9 0.7743575822218343 0.4256843813352069 0.05906746515360979 0.03627384328594587
9 0.6843055010963084 0.40875089050858915 0.05594246515360961 0.03625566256778665
9 0.5859324884824366 0.3839549027070334 0.04818452885594056 0.03777271077238851
9 0.49687991216623395 0.3607759570599554 0.04969246515360979 0.03621930113146821
9 0.40244043140352764 0.3352214451560987 0.0464583377489479 0.033076120413308895
9 0.31252475953382886 0.31438170432948087 0.052872028855940556 0.03779998184962743
9 0.20814728358044596 0.2825181050916067 0.059122028855940555 0.03783634328594587
3 0.12583325826788444 0.5586579033944045 0.06402778366526399 0.0441136143631848
3 0.23070180754224506 0.5764590026322786 0.052926592558271326 0.03936248184962743
3 0.33378960200728225 0.6005010115110732 0.05454365626060227 0.04093407220870695
3 0.42814723721649217 0.62839927341493 0.04974702885594055 0.03778180113146821
3 0.5168277913001763 0.6398549238824681 0.04818452885594056 0.03777271077238851
3 0.5994666765093862 0.6676850080932277 0.05125496515360979 0.036228391490547726
3 0.6916715346767542 0.690100884458465 0.06548115626060227 0.040997704722264314
3 0.7886184565464532 0.710981531900941 0.06542659255827132 0.03943520472226432
11 0.8810267336731131 0.39192298057308117 0.0879563569862416 0.05831246974937905
11 0.21119292722717647 0.21767890027114647 0.08332342068857254 0.059847698672140126
5 0.10568196017465023 0.6210533642649889 0.0817609206885725 0.05983860831306061
5 0.7638069403043843 0.7725684716942866 0.08801092068857272 0.059874969749379045
8 0.3043427265015371 0.23541182181592352 0.07082342068857254 0.059774975799503235
8 0.792192412166234 0.36249403492600313 0.08979167549789598 0.06613406010845857
2 0.2094691590861911 0.6474436683233232 0.07405754809323425 0.06291815651766246
2 0.680949800285851 0.750988387483527 0.07718254809323426 0.06293633723582168
6 0.7044022354872117 0.3479179296380047 0.07055060217691818 0.051962475799503235
6 0.4158060161572508 0.26575382766965605 0.06904266587924912 0.05351588544042354
0 0.5928148832254754 0.7239077370159889 0.06898810217691817 0.051953385440423716
0 0.3059076494675443 0.6605072705862595 0.06273810217691818 0.05191702400410492
1 0.508985520248784 0.7077918576256894 0.08359623920022692 0.06766019867214013
10 0.5080654380269497 0.2866072040348933 0.07254961179556503 0.06447156615858277
4 0.4011283802302506 0.6860663276696559 0.07098711179556502 0.06446247579950323
7 0.6084821002780016 0.32001057737506844 0.08504961179556503 0.06454428903121974