9 0.7726456039016245 0.8383063325838762 0.043278441558013726 0.06421900889724838
9 0.6869047471639215 0.7339597307969902 0.03686480032431163 0.05458934091247088
9 0.7466536684293956 0.6253779096561827 0.03988070616851012 0.048466674904859806
9 0.7203889975676633 0.42807448672848925 0.039935253246410875 0.05159167490485981
9 0.5933294399364557 0.22744579254625755 0.03697389448011279 0.06083934091247105
9 0.6968010876629795 0.12220914729889301 0.04495003571381488 0.07053267589344295
3 0.6435075288205467 0.8463350553978388 0.03541139448011297 0.060775673916276675
3 0.5703757662386449 0.736247789580508 0.028970479707460584 0.04958350593149916
3 0.6114758733800899 0.5315257974891734 0.030505706168510116 0.04808467292769336
3 0.4881395592560606 0.4311199377936221 0.030451159090609536 0.04495967292769336
3 0.4223975568204287 0.3455697569572632 0.027407979707460582 0.04951983893530461
3 0.404944824270299 0.136116502508639 0.03077844155801355 0.06370967292769344
11 0.7625897288966816 0.11550816113905744 0.05931254464226861 0.08829317885919248
11 0.8426035478952703 0.8614838474126237 0.06564436525912001 0.09323534684397003
5 0.37372250324970613 0.44678474707143156 0.04163412094116259 0.05946784190105418
8 0.6793161639651688 0.6312339788198239 0.05122730925276535 0.07234984387822045
8 0.6452522244324548 0.11932688642447808 0.05640573295387128 0.10066584486680367
2 0.6009259314150391 0.4192977115196183 0.048075035713814884 0.0706600098858317
2 0.7610280397775953 0.7424526631162238 0.06265573295387146 0.10092051285158128
6 0.7732566732973642 0.31061241410480694 0.05591480925276535 0.07254084486680368
6 0.3937041720828436 0.7353034190105417 0.04174321509696401 0.06571784190105419
0 0.7382974720001181 0.5218390741809191 0.05435230925276535 0.07247717787060921
7 0.7935225344992942 0.40369125205152845 0.0747466298696164 0.07799234882113648
1 0.43950541599376364 0.5299911779077904 0.044895488635914305 0.06740767589344294
10 0.3549993713481997 0.13095415863041845 0.051854600648623086 0.10828734387822055