9 0.7890625 0.23329062615554602 0.0703125 0.042670884798020656
9 0.6921875 0.24470315076615226 0.0640625 0.04248902837152997
9 0.59453125 0.3342634074300698 0.05625 0.037574207838416564
9 0.27578125 0.3232255851810968 0.0546875 0.04065374373179385
9 0.171875 0.41374894827150505 0.0546875 0.039091243731793845
9 0.05703125 0.35849681010827217 0.0640625 0.044051528371529966
3 0.06796875 0.6738035613619134 0.0640625 0.044051528371529966
3 0.184375 0.6430727354185236 0.0546875 0.04221624373179385
3 0.29921875 0.6209811235817566 0.0546875 0.039091243731793845
3 0.48671875 0.4686504307870349 0.05 0.03739235141192587
3 0.81328125 0.5310234325028944 0.0640625 0.044051528371529966
11 0.7890625 0.16297812615554602 0.09375 0.060540346397360875
11 0.38828125 0.23792091950426375 0.0703125 0.058295884798020656
5 0.49609375 0.6566588961472988 0.0640625 0.059676528371529966
5 0.0765625 0.7462097587754887 0.0765625 0.06160274122451135
8 0.60078125 0.5098628010035791 0.0765625 0.05066524122451135
2 0.28359375 0.5722170146479834 0.0703125 0.058295884798020656
6 0.1765625 0.5253313059516371 0.0671875 0.0472674565847754
6 0.1546875 0.3439365534443546 0.0734375 0.05526181301126609
0 0.59375 0.4491298894833812 0.0703125 0.04579588479802066
0 0.590625 0.39062706769662653 0.0703125 0.04579588479802066
7 0.14140625 0.27869799835064735 0.0953125 0.07777331050398359
1 0.3109375 0.7011088927820864 0.084375 0.07589256175762475
4 0.80546875 0.46640700303600796 0.1046875 0.06554609514371953
10 0.69765625 0.31251277639297287 0.1 0.059159702823851565