9 0.36844002877768306 0.880377652194046 0.04257838544042354 0.06792388555165907
9 0.34292642348968466 0.7925327788172514 0.042542024004105096 0.061673885551659244
9 0.32676963748352705 0.7013992642067548 0.040961343285945875 0.05852161201270896
9 0.3035043334251927 0.5971072305215348 0.04091589149054773 0.05070911201270896
9 0.281878797419035 0.5060691732973643 0.04249657220870695 0.05386138555165907
9 0.25630155961747925 0.4072867999205698 0.04090680113146812 0.04914661201270896
9 0.23624306879086143 0.317002719157449 0.04406816256778665 0.055451159090609534
9 0.20511981293712894 0.20503455316698066 0.042542024004105096 0.06167388555165916
3 0.6360133481577197 0.8077314902640627 0.034738614363184796 0.06310001785690744
3 0.6151190651766242 0.708086046270417 0.034720433645025396 0.05997501785690744
3 0.5934753484523073 0.6139229890462466 0.03624657220870695 0.05375229139585791
3 0.5679890142415477 0.5307656156694521 0.033076120413308985 0.04588524431795715
3 0.55808677341493 0.4403042569031541 0.033094301131468204 0.049010244317957155
3 0.5317419211519936 0.34387927029583476 0.033094301131468204 0.049010244317957155
3 0.5084720719141194 0.2388059866106147 0.03154089149054791 0.05054547077900686
3 0.4914385871376258 0.13127985876959325 0.03785452400410509 0.061592064934808156
11 0.30604456790709866 0.8994373437520595 0.06144656010845857 0.08856366801906326
11 0.1387271984757484 0.2085374285723701 0.06769656010845856 0.0886727621748646
5 0.5561732528286705 0.11139800690315413 0.0551511083130606 0.08064207386326191
5 0.696042333130605 0.7848064590144745 0.05359769867214013 0.08217730032431145
8 0.27739232708048084 0.8093032674531656 0.06924087939029935 0.08557503571381489
8 0.1541390959182245 0.30593457995234186 0.07073974687674203 0.07466480925276535
2 0.6744395230221464 0.6976746517903042 0.05354315651766228 0.07280230032431163
2 0.5794930990414825 0.2250650405883742 0.05665906615858276 0.07129434740221222
6 0.262021336253863 0.7189373660731939 0.05979315651766246 0.07291139448011297
6 0.1805839421310366 0.4195470665596613 0.06132838544042354 0.06825116801906325
0 0.6504793273750684 0.6082400048745592 0.04568520472226432 0.06485343262955982
0 0.5909714754067197 0.3178428758157218 0.0441136143631848 0.06326365909060953
7 0.23487705327276748 0.6194010162353496 0.07548178903121974 0.0841216298696164
1 0.6327918576256895 0.5226025138030129 0.058257927594901206 0.07757162094116268
4 0.6142004180287357 0.4158849095009419 0.05350679508134384 0.06655230032431163
10 0.20145549921443306 0.5152862605533068 0.07387383723582168 0.07628185633066593