9 0.6521267447785757 0.9212090151497311 0.034303571238402955 0.06597361049510866
9 0.6644468664538188 0.828831799350598 0.03259560087368065 0.05963260523343692
9 0.6651027895158327 0.7334282940889262 0.032522865691319326 0.05650760523343692
9 0.67066441812493 0.6289228046122699 0.033867160144236054 0.047223610495108835
9 0.6783152235957635 0.5354913230281214 0.03230466014423605 0.04713260523343692
9 0.6877285508180899 0.43355709670564463 0.03230466014423605 0.04713260523343692
9 0.6930174224933331 0.34077035722898835 0.033939895326597205 0.05034861049510884
9 0.7050472566495138 0.22725388879901948 0.03255923328249999 0.05807010523343701
3 0.3788892665300687 0.8966893443571575 0.028053571238402863 0.0656095894484217
3 0.38361509375239516 0.7944821022496652 0.02947060087368065 0.059450594710093264
3 0.39057556820118 0.6970988680346808 0.030851262917777865 0.05172909997176518
3 0.40198715330729123 0.6101448996047119 0.027617160144236052 0.04685958944842135
3 0.39788284118694406 0.5175933785580245 0.02917966014423614 0.04695059471009344
3 0.4080046832269094 0.41882965486638374 0.03074216014423623 0.04704159997176518
3 0.41363904701836784 0.31119916538972736 0.032413762917777866 0.05182010523343692
3 0.4122967121965971 0.20081540223554778 0.0311058360560418 0.06266659997176519
11 0.7176426420050339 0.9297187361399487 0.048802482332569494 0.08554265785015573
11 0.7717444473789582 0.21862161242007305 0.05497974715020852 0.08278167889684288
5 0.3158444058727423 0.8828473812594476 0.04240701196784728 0.07892863680346807
5 0.3467262635833679 0.19464943124533013 0.045459276785486225 0.07598564732681176
8 0.7315979988626382 0.8343075256024874 0.05806837955902786 0.08140118942018652
8 0.7718697743169443 0.3140706203125808 0.057813806420763926 0.07046368942018652
2 0.3218599761612146 0.7924498944136272 0.048511541603125076 0.07304265785015555
2 0.3394566646095484 0.30531391546031456 0.049892203647222286 0.0653211631118273
6 0.7314181205378814 0.7412022677099798 0.04680357123840295 0.06670165258848364
6 0.7620927711828122 0.43162984663505755 0.04836607123840277 0.06679265785015538
0 0.33341703163204806 0.6992459259836583 0.03899107123840277 0.06624662628012441
0 0.3434336901607636 0.4033341865070019 0.04037173328250008 0.058525131541796324
1 0.3354172491469787 0.6133084259836583 0.05170927678548622 0.07634966837349921
4 0.33643684812079816 0.5022799207219864 0.04836607123840277 0.06679265785015538
10 0.7582027453472565 0.5315388413733857 0.06250130642076393 0.0707367052052021
7 0.7423939477602077 0.639359046649175 0.061084276785486225 0.07689569994353036