9 0.19393082257817745 0.2983305856343847 0.06359113855894431 0.03859094155801355
9 0.2770053985215672 0.41334588514791737 0.05715928213245362 0.03223184740221221
9 0.4875504419367919 0.34244918385067113 0.04778428213245363 0.03206820616851021
9 0.6780079573761981 0.3602291988682048 0.04782974623907634 0.0336307061685102
9 0.7709970909205774 0.4398973336090851 0.050909282132453625 0.032122753246410875
9 0.8866388112954062 0.3847268181878096 0.06042067445232178 0.03697389448011297
3 0.150347273290458 0.573449362419746 0.06202863855894432 0.03856366801906326
3 0.3560122515828456 0.6034702788172515 0.05100021034569906 0.03524775324641087
3 0.44846652454409924 0.557302616480231 0.04622178213245363 0.03204093262955983
3 0.565315392253361 0.46302869075053 0.04622178213245363 0.03204093262955983
3 0.7576824001709198 0.5464337057680637 0.052471782132453626 0.03215002678536116
3 0.8736878333987301 0.5037631903467881 0.058767246239076344 0.03382162094116268
11 0.19990202625995887 0.23491296793963298 0.08913670783841651 0.057777318181219076
11 0.9192861752437445 0.3247518003309021 0.10190949247815269 0.06737050649282175
5 0.44484508254080035 0.6746128474055075 0.06409124373179384 0.055778441558013724
8 0.18125497783016922 0.3462322974849378 0.09051735141192578 0.051554591720169365
8 0.675965735747728 0.4243598827155807 0.07154003087881229 0.04341480925276535
2 0.46093176913382283 0.44843613109072766 0.058903638558944496 0.038509120941162676
2 0.7917893125490476 0.37543936729430516 0.08886392319868044 0.048402318181219074
6 0.7284221121659715 0.7228149736249712 0.07034124373179385 0.055887535713814884
6 0.3869533968722146 0.26994866680454255 0.06855142319868043 0.048047762174864596
0 0.5791385483632826 0.34710368182207624 0.06216503087881229 0.04325116801906326
7 0.47771478919208266 0.2730543015454229 0.07672763605166182 0.06068412986961631
1 0.5389527837152993 0.6315429115295368 0.07204013605166182 0.06060230925276535
10 0.13934758880900647 0.6252300507313487 0.1050344924781526 0.06742505357072233