9 0.16484036764275484 0.3668172317253228 0.06510817445232168 0.03966871572854576
9 0.2523547395086517 0.38911018970253525 0.05881271034569906 0.037742194681858444
9 0.3575136009497074 0.3454218319088495 0.05573317445232169 0.03912268415851479
9 0.6213069794795218 0.4552694558404866 0.05256271034569906 0.03737817363517095
9 0.7366448229738889 0.41177081384593384 0.051091138558944316 0.040412168373499216
9 0.8133186347315136 0.4918230639165211 0.055733174452321774 0.03912268415851479
3 0.224298969516899 0.09727900547343335 0.06707985141192578 0.053822220990217676
3 0.485686413565262 0.2589166425592501 0.05118206677218975 0.04353716837349921
3 0.6877059031404207 0.1821967059110738 0.048329851411925875 0.05273015785015547
3 0.7939475429530063 0.20261635074822398 0.05292642319868044 0.049878173635170955
3 0.8983538981258559 0.21375200084704601 0.06556281551854859 0.05529371572854576
11 0.507213387238796 0.4877395925733675 0.057386602665567034 0.04233868942018652
11 0.1492213793212373 0.4217245396037132 0.08413095909205777 0.05013577886860805
5 0.5300177721033238 0.08808122681658687 0.0691424565847754 0.07110072625188953
5 0.91687056591426 0.150850182445312 0.07860838479802083 0.07477175782192061
8 0.4004870479675713 0.18170867142785813 0.07833560015828453 0.0653967578219206
2 0.6891607545523465 0.2321967059110738 0.06601745658477523 0.07091871572854584
6 0.7664794239901033 0.30751595335082504 0.06409124373179384 0.058327710466874017
6 0.7275031551854848 0.47412660067763684 0.06216503087881229 0.0457367052052021
0 0.38728000580598776 0.23882322141374068 0.07190374373179384 0.05878273677523325
0 0.3740274995377816 0.2943752713996233 0.07181281551854841 0.055657736775233245
7 0.7188017565974105 0.5247181348785038 0.07640938730530315 0.05280575256024882
1 0.7027338580758433 0.10697689803268347 0.08067098997087019 0.09205026308359247
4 0.2133220170887588 0.15035079756680814 0.10847774122451134 0.08275085779368574
10 0.2638401572970558 0.32661789497832455 0.09547763605166182 0.06483531570031094