9 0.20516111901272938 0.6130456039061988 0.05127333992388783 0.03299603847458741
9 0.09013168521062102 0.6981969086228549 0.06390067391627663 0.03655754809323426
9 0.30742927315734253 0.6687648358500314 0.05127333992388783 0.03299603847458741
9 0.6227770419404228 0.5688168772350257 0.05127333992388792 0.03299603847458741
9 0.7172008625869387 0.6255901776905126 0.059213173916276673 0.036393856986241604
9 0.8153982820545911 0.6088986962948342 0.06708934091247087 0.0382291754978958
3 0.8461813443353311 0.3129314318668639 0.06708934091247087 0.03822917549789597
3 0.5191347301911554 0.4702380226958548 0.05127333992388792 0.03299603847458741
3 0.3349600014456937 0.3760316988267228 0.05152800790866543 0.03924603847458741
3 0.2229229164647218 0.38774550354337906 0.05159167490485981 0.04080853847458741
3 0.10807916646472175 0.39175593566469696 0.06734400889724856 0.04447917549789597
11 0.8134418512182323 0.6760589144436687 0.08797484387822045 0.05300100362819702
11 0.41376284479244163 0.720441408538037 0.0659725098858317 0.04911211179556503
5 0.535304852738288 0.284000422333035 0.07097834486680377 0.05708830290255769
5 0.11325609779537218 0.3221428401112007 0.08048067885919248 0.06054068511654283
8 0.6337503285180003 0.39524296797919856 0.07671900889724856 0.04480655771188102
2 0.32039082406937597 0.4272494584453697 0.0631021778706093 0.055252984390903315
6 0.2095541417501424 0.5052331039061988 0.0703416749048598 0.04146330290255769
6 0.1874523541839818 0.6838764590783419 0.06890650889724856 0.04453373920022674
0 0.625017315666419 0.4563987227885219 0.06877917490485981 0.04140873920022692
0 0.6210991368072265 0.5142657864908529 0.06715300790866544 0.03979167549789579
7 0.17071584034381732 0.7499925323993196 0.09779551285158128 0.06426588584218215
1 0.34683260174970487 0.29526284846390316 0.07630251482874754 0.07287699400955017
4 0.838883497491361 0.37715762297385647 0.10685217787060922 0.056780768056167295
10 0.7246260434232976 0.55823898658352 0.09572367688202625 0.05171132213985139