9 0.09505938984022777 0.8515462758355558 0.06744203005422929 0.04531380642076428
9 0.19268836876298892 0.8585067502843404 0.06119203005422928 0.045168336056041626
9 0.29078095599881054 0.7857797247331253 0.054923849336070064 0.0418978656913195
9 0.6130690464560861 0.8565708823119103 0.048701120413308985 0.04643989532659738
9 0.7181974288714474 0.7832262609210077 0.05180793969514959 0.04338763050895835
9 0.8294798416356258 0.8608265436904172 0.05806703005422946 0.045095600873680294
3 0.08901041950167361 0.5482394378796529 0.06735112646343314 0.029688806420763925
3 0.4055752299047198 0.6626533088893058 0.04863748789975162 0.03550239532659738
3 0.5937570068356911 0.5498299198309727 0.050172716822512696 0.030851262917777865
3 0.7047126875538503 0.5492870188047922 0.048601126463433175 0.02925239532659738
3 0.8188388200674076 0.5410043529609728 0.057985216822512696 0.031033100873680653
11 0.0954406640407246 0.9203144596311461 0.0909886143631847 0.0646093202884721
11 0.4962537302975033 0.9241739967689586 0.07069429508134384 0.06726154160312489
5 0.40347289530117675 0.4867993237069448 0.06113748789975162 0.035793336056041805
5 0.8184302747896719 0.4769236691653827 0.07363748789975162 0.03608427678548622
8 0.29575532319066566 0.6022768937110767 0.07363748789975162 0.03608427678548622
2 0.6090638442679045 0.6048810957427783 0.05803066861791084 0.03884560087368065
6 0.7157451154433392 0.6675285257386465 0.06273634933607006 0.042079703647222286
6 0.7372832512765463 0.8602433558107645 0.07693520472226431 0.0658445119678472
0 0.2969542088274809 0.6648132613022572 0.06740566861791084 0.03906380642076392
0 0.29659513964383605 0.7265320113022572 0.07212953005422928 0.04542290919430556
7 0.7423338447588839 0.9322456423798965 0.08799087939029934 0.08641158510611113
1 0.5847819826351943 0.48086171428388935 0.06742384933607007 0.042188806420763926
4 0.09332066959986947 0.6131922906531945 0.10649543969514967 0.04466049620027786
10 0.18681561866479307 0.7935175299196182 0.10039088544042359 0.06951502583555573