9 0.42562108560363254 0.9045754331540461 0.050149857319763666 0.07058521077238851
9 0.39718140839149296 0.8138095325883121 0.04651543507002263 0.05962953005422946
9 0.38042409387580023 0.7223305597156752 0.04651543507002254 0.05962953005422929
9 0.35538124441391955 0.6206498850476401 0.04288101282028158 0.048673849336070066
9 0.33248309180888563 0.5314783007386847 0.041391287427387444 0.05022725897699036
9 0.3067317669541108 0.4313555808911099 0.039756012820281586 0.048655668617910666
9 0.28450570243841816 0.33984479176169424 0.04466183664159917 0.05337043969514967
9 0.25292175454811394 0.23187775565734076 0.043390435070022625 0.05961134933607006
3 0.5426006846557379 0.21325606244614964 0.04502570967712849 0.06118293969514967
3 0.5598310341176186 0.3148912853187866 0.03982878742738745 0.05021816861791084
3 0.584983045490158 0.41891570998682165 0.03812073821317572 0.04708407825883114
3 0.6128597965236153 0.5143645653730159 0.03655823821317572 0.04707498789975162
3 0.6248204491286493 0.603472517168414 0.04004711124870504 0.05490566861791084
3 0.6513701406088126 0.6871980773750683 0.03833906203449331 0.05177157825883114
3 0.676085504338717 0.7818475020431035 0.040192660462916766 0.05803066861791084
3 0.6979669664970448 0.8827287459929792 0.04204625889134021 0.06428975897699019
11 0.361886071335609 0.9112339784317818 0.06813787799792799 0.08787270472226431
11 0.18455274420903175 0.22288857503737738 0.0695548287837163 0.08475679508134393
5 0.6086430616202085 0.20582990270703339 0.05959763192686936 0.07220225292686626
5 0.7614472696401979 0.8706014507152435 0.06032537799792799 0.08782725292686636
8 0.20152838254604197 0.3190550479100144 0.07380568114108117 0.07540906615858275
8 0.3311026441234693 0.8204544423274284 0.07744010339082212 0.08636474687674216
2 0.7378406416422699 0.7829878212267484 0.06486732878371626 0.08472952400410509
2 0.6330502102963009 0.3106310321955286 0.06748290653397522 0.07381020472226432
6 0.3144181042148825 0.7305379694547913 0.06421235731976367 0.0706670240041051
6 0.23013287965055787 0.4301289032962086 0.06257708271265772 0.06909543364502539
0 0.6459740494190995 0.4036497791704665 0.051202935070022625 0.05965680113146821
0 0.709437351733683 0.6930031706610142 0.05334763192686935 0.0721658914905479
1 0.6937887729499668 0.6085599929679171 0.06821065260503403 0.08943520472226432
4 0.6707621877561097 0.49986170383850154 0.06116013192686935 0.07221134328594588
10 0.252613655291121 0.5271084424256242 0.07863873035529281 0.07856133723582168
7 0.2862866420565547 0.6296203640685971 0.07907537799792799 0.08793633723582168