9 0.5559059862494315 0.8583166512571854 0.03943520472226432 0.06451703333863605
9 0.472871293332828 0.7631956026018667 0.03309430113146803 0.04881930800445424
9 0.5219542088274809 0.6516944812619577 0.03310339149054773 0.05038180800445424
9 0.4871166422761147 0.4630501519335031 0.02996021077238851 0.04722044533736351
9 0.3546500968019873 0.2708546559516386 0.03784543364502548 0.05981135200509069
9 0.44353585568078185 0.16592116060632095 0.03789997579950324 0.06918635200509068
3 0.1543915424490653 0.18334720731222826 0.04883747579950319 0.06931362133990877
3 0.18519104879377707 0.39469323997454664 0.04564884328594587 0.05833975867281786
3 0.258155850121637 0.4750887172979107 0.04091589149054773 0.0504727146721816
3 0.3911996333973201 0.5680654632797753 0.03626475292686617 0.05666817067154532
3 0.3594991397420319 0.7801387492839114 0.040970433645025485 0.0598477146721816
3 0.4354844019404762 0.8784666139401847 0.040988614363184794 0.0629727146721816
11 0.620645197120016 0.8755308759150495 0.04891928903121965 0.0833761213399086
11 0.5029517622966402 0.15819901993159408 0.04580337939029935 0.0849022586728179
5 0.1361444947354427 0.4999443613144554 0.06760565651766241 0.0726567973424542
8 0.3904472171171004 0.16028932594686607 0.05052724082661779 0.09120680267345423
8 0.4593860311343838 0.6641404846037757 0.05040906615858276 0.07089430267345413
2 0.37150527781473414 0.462051820615866 0.050363614363184706 0.06308180267345413
2 0.5384781126146688 0.765556986592958 0.04579428903121965 0.08333975867281787
6 0.5252893288480064 0.34698879992841236 0.042560204722264315 0.06455339600572704
6 0.1703820975875542 0.7917136906429102 0.06914088544042354 0.06798747867599957
0 0.5069109918085765 0.5518762945974123 0.042560204722264315 0.06455339600572696
7 0.5435029976623089 0.438958123925867 0.048892017953980904 0.07868862133990877
1 0.20596611534514336 0.5835012013049103 0.0770079275949013 0.07745338534372674
10 0.0965744972695255 0.1848011666534097 0.08191359621281209 0.11500792934436314