9 0.06601001966420075 0.7535230838718402 0.06813305737069449 0.042188806420763926
9 0.16337532893475631 0.7637501094230554 0.06028418977951393 0.04044446846486114
9 0.26261226273034655 0.76065951738309 0.05559668977951393 0.0403353656913195
9 0.37493042477444377 0.7658535508180899 0.04622168977951393 0.04011716014423605
9 0.473967336818541 0.7713567087781247 0.04934668977951393 0.04018989532659738
9 0.5831241312714577 0.7781859773954857 0.04934668977951393 0.04018989532659738
9 0.6814707122935063 0.7798010691511105 0.05414329255305574 0.04498649810013884
9 0.8014559039728812 0.7910632646302076 0.058758057370694415 0.04197060087368065
3 0.09712042819291629 0.4568656362085416 0.06624324905006947 0.02808993882958344
3 0.20324314162378432 0.4598613900082637 0.06002961664124999 0.029506968464861137
3 0.3085664212590621 0.4636565776035761 0.05218074905006951 0.02776263050895835
3 0.4004811643252079 0.47322963972392335 0.04593074905006951 0.027617160144236052
3 0.4959209508943399 0.46554246666190924 0.049092116641249996 0.02925239532659738
3 0.6034425101648955 0.4755331028704509 0.05218074905006951 0.02776263050895835
3 0.7087839735957635 0.4785470404657633 0.055305749050069505 0.027835365691319502
3 0.8291146573913537 0.47496548594486043 0.05850348423243048 0.031033100873680653
11 0.05815984565225626 0.8224185542365625 0.09037173328250006 0.0583229526972918
11 0.8076318623697561 0.8611939266743048 0.0827047036472223 0.06439111474138884
5 0.11421831563572885 0.393220710296736 0.08368532218833336 0.0394274823325695
5 0.8353114124253469 0.4100126331713188 0.07743532218833309 0.0392820119678472
8 0.7052699285741659 0.8643572538966314 0.06562630642076392 0.06867857123840296
8 0.1577961697404507 0.8357160284010068 0.0828501740119445 0.07064111474138883
2 0.7198500665856594 0.4056725849186799 0.06366376291777769 0.05145470364722229
2 0.20778647767982608 0.39885115482590255 0.07449216014423614 0.047021776785486226
6 0.25309048594486044 0.8342788553389928 0.07325696846486114 0.06104790919430556
6 0.5835585827344785 0.8601626760087147 0.07173083605604162 0.0625740416031249
0 0.6158528976077079 0.41199727973218697 0.060138719414791805 0.03419446846486114
0 0.3059694045415622 0.4074974965815275 0.06638871941479163 0.03433993882958344
7 0.3645364790110063 0.843397322569583 0.08612064437666671 0.07696384992375016
1 0.395740419359201 0.40853136008864543 0.07758079255305557 0.045532011967847195
4 0.5113472355636108 0.40662140834128435 0.06653418977951393 0.04058993882958326
10 0.4774176855080201 0.8579481722089927 0.07209451196784719 0.0781990416031249