9 0.261579269328723 0.835888174296285 0.04103406615858276 0.07125805737069442
9 0.2684065071302787 0.7368148946610071 0.040997704722264314 0.06500805737069441
9 0.28773374493183446 0.6380325557551739 0.039407933645025484 0.060284189779513754
9 0.3024371152469475 0.5282036140757989 0.03936248184962743 0.05247168977951393
9 0.31396548858712264 0.42689568721406274 0.03936248184962743 0.05247168977951393
9 0.3263114733636162 0.3193559441479169 0.03779089149054773 0.050872822188333354
9 0.3401745063447118 0.21966506867295169 0.04094316256778665 0.0556330573706945
9 0.3502494639938424 0.09957077422003502 0.039407933645025484 0.06028418977951393
3 0.5519997362494315 0.8778087962558686 0.033185204722264314 0.0648262194147918
3 0.5674707210259251 0.7703417883720838 0.033157933645025395 0.06013871941479163
3 0.5813610250842596 0.6659634128971186 0.03469316256778665 0.0554875870059723
3 0.5873751966290367 0.5723406994662504 0.03781816256778647 0.05556032218833344
3 0.6105814133533535 0.4783367795383686 0.034665891490547905 0.05080008700597212
3 0.619802398129847 0.37072430128986167 0.03468407220870695 0.053925087005972296
3 0.6353006539835796 0.2585697934060769 0.03468407220870695 0.053925087005972296
3 0.6601830001963916 0.14507099106937554 0.0362829336450254 0.060211454597152825
11 0.19285654040596184 0.8296005002843405 0.05992042154477706 0.09513196846486097
11 0.283189229020957 0.07613196779927107 0.06457156010845858 0.08899107123840282
5 0.731222208041914 0.1561007164680909 0.05672269867214012 0.08255923328250007
5 0.6207679169675908 0.876283970267813 0.05363406010845857 0.08873649810013902
8 0.1981394589256768 0.7273658530578822 0.06770565046753818 0.09062630642076393
8 0.2630625605012421 0.1780211229095141 0.06761474687674199 0.07500130642076393
2 0.6314741336919077 0.7819891096104866 0.056695427594901204 0.0778717332825
2 0.7141478166495621 0.27056260676069505 0.05979315651766246 0.07325696846486114
6 0.2166718111886131 0.6309090803564585 0.05666815651766246 0.07318423328249998
6 0.24748703659533283 0.3034568807932988 0.05663179508134393 0.06693423328250007
0 0.6406360311343838 0.6845328813619798 0.04882838544042354 0.06831489532659737
0 0.6893472836684665 0.3699989090973964 0.04566702400410509 0.06199216014423623
7 0.22825927186280576 0.5194449034947224 0.07395565046753819 0.09077177678548623
1 0.6552348623200812 0.5926726896826047 0.06142837939029935 0.08579333605604163
4 0.6770103892510526 0.4759761521635422 0.05822156615858276 0.07165810087368066
10 0.23204332289607804 0.4062363886770835 0.0738920179539809 0.07983427678548623