9 0.8933580739457547 0.29616593806708413 0.07974768415851444 0.05646951196784729
9 0.8028996739175197 0.2643327501874312 0.06706567363517095 0.05305357123840278
9 0.6877605213290361 0.30702678362243113 0.05888915258848364 0.04662173328250008
9 0.4063347580336821 0.15574934545843785 0.05759966837349921 0.0512728656913195
9 0.2858178607068703 0.19675359232430584 0.062196163111827296 0.04981946846486114
9 0.2018439500847046 0.09388120583142379 0.07028167889684286 0.05468880642076392
3 0.8092435952747905 0.5852271316463201 0.0662466262801246 0.03899107123840277
3 0.5442919714137406 0.3928707518029519 0.05374662628012441 0.038700130508958354
3 0.33362051094686673 0.4505520459715281 0.053473610495108834 0.03401263050895835
3 0.22891760039528813 0.4215165497712502 0.05356461575678066 0.03557513050895835
3 0.11755516616618626 0.39936683320625016 0.06486613680346806 0.042079703647222286
11 0.91372305282848 0.22857904777447993 0.09646474729857672 0.07558318787965286
11 0.5358171316829706 0.12199455413965324 0.07110072625188942 0.06875130642076392
5 0.49379290052234504 0.5614564444322574 0.06817314732681172 0.04527743882958344
5 0.09916221096098414 0.45995884109003493 0.07929265785015546 0.0486570119678472
8 0.6292214372834609 0.4793368882958339 0.07773015785015538 0.04862064437666671
2 0.3384136977362173 0.39511966356270867 0.0700086631118273 0.050001306420763926
6 0.2535297344973331 0.3078722770698266 0.06835515785015547 0.048402438829583436
6 0.29105836852879097 0.1202092761198961 0.08387374203690508 0.07372974715020839
0 0.6650440871705213 0.36125968873267417 0.07662268415851478 0.05639677678548623
0 0.6452251398578269 0.41947157902527826 0.07148015785015538 0.04847517401194459
7 0.3036563500423523 0.05165929787138914 0.10518729991529537 0.09139002583555564
1 0.3210680320641413 0.5183207742200351 0.07644067363517096 0.053271776785486225
4 0.8246025557416645 0.5229998885801743 0.11127069994353037 0.06188436379145834
10 0.7867594634506457 0.3265418094579868 0.10767526308359247 0.08052526101791671