9 0.14076160425834386 0.09205362392614672 0.0787271778706093 0.057137470601357834
9 0.23824144072219058 0.10182037030810209 0.06922484387822055 0.05352114767057934
9 0.3303108769957569 0.19016249604327112 0.06115767589344294 0.04686171189493056
9 0.656746043003368 0.16992308062115297 0.05666117688202625 0.051303550429541336
9 0.7566916462731288 0.25941827058067324 0.0612850098858317 0.049986711894930556
9 0.8763383014063251 0.1983435724805526 0.06609984387822046 0.05335737336031983
3 0.09664016703337544 0.39265781151081774 0.06877917490485981 0.04258364767057934
3 0.4291051571475437 0.3282589603130509 0.05302684091247105 0.03863977611928178
3 0.6063427722803025 0.47007356682634305 0.053026840912470875 0.03863977611928178
3 0.7174221937251211 0.4869567723896955 0.053026840912470875 0.03863977611928178
3 0.8328217006452034 0.5137915100652236 0.06246550790866543 0.040693599050060314
11 0.5506777737259962 0.08388043928215172 0.07292284684397003 0.06774742198083886
11 0.146617673421985 0.02945180461341282 0.09636034684397003 0.05890360922682564
5 0.4058626112156071 0.507199509838081 0.06928851087441483 0.05508364767057934
5 0.823808797983465 0.5808119137286968 0.08491351087441501 0.055902519221876903
8 0.3125689145619175 0.36959769052534713 0.07684634288963732 0.04924308344622812
2 0.6246497619001792 0.4197902838096563 0.07241351087441501 0.05524742198083885
6 0.7386512534972222 0.3738868843300546 0.06428267589344294 0.04702548620519007
6 0.7779180474519924 0.1847115196761621 0.07761034684397003 0.06799308344622812
0 0.3219001522046278 0.310389786861874 0.07691000988583178 0.05080558344622812
0 0.328074556349241 0.2505644075086604 0.07703734387822045 0.05393058344622812
7 0.7970235331175364 0.11559634950434557 0.09737901878308045 0.09397572930778511
1 0.5874282876033416 0.5438762369981596 0.07904551285158128 0.06494997060135788
4 0.10737473718559978 0.3294617706922149 0.1133568458553869 0.06518898801421233
10 0.22603987106425785 0.16744204828183473 0.11243101581733077 0.08073210085908263