9 0.47265625 0.146875 0.02265625 0.0609375
9 0.37578125 0.23671875 0.02578125 0.0515625
9 0.47109375 0.4265625 0.021875 0.04140625
9 0.47734375 0.60703125 0.02421875 0.0421875
9 0.415625 0.70703125 0.0265625 0.04453125
9 0.4796875 0.80078125 0.02421875 0.05234375
3 0.203125 0.1421875 0.0359375 0.0546875
3 0.20078125 0.340625 0.0359375 0.0484375
3 0.25703125 0.42265625 0.03515625 0.04140625
3 0.3671875 0.51953125 0.0296875 0.04375
3 0.30859375 0.715625 0.03203125 0.04140625
3 0.36484375 0.8140625 0.03046875 0.04765625
11 0.52734375 0.14296875 0.03203125 0.0734375
11 0.534375 0.8203125 0.03359375 0.07265625
5 0.14140625 0.434375 0.0546875 0.0546875
8 0.41640625 0.61328125 0.0375 0.0546875
8 0.42421875 0.1375 0.0328125 0.08125
2 0.3625 0.41328125 0.04140625 0.053125
2 0.4765625 0.7125 0.02734375 0.0734375
6 0.13125 0.71171875 0.0578125 0.05703125
6 0.52109375 0.32421875 0.0265625 0.06015625
0 0.4765625 0.5125 0.02890625 0.0484375
7 0.52734375 0.409375 0.03359375 0.0671875
1 0.1921875 0.51796875 0.06796875 0.06015625
10 0.14765625 0.1390625 0.065625 0.09609375