9 0.1969053963623216 0.8109375 0.0441045240041051 0.0609375
9 0.21811225496996967 0.69609375 0.04249657220870695 0.053125
9 0.22927194788657318 0.6 0.042469301131468205 0.0484375
9 0.24585493900777866 0.49609375 0.045621572208706954 0.053125
9 0.25936747228346174 0.4015625 0.042469301131468115 0.0484375
9 0.2735748971478885 0.2921875 0.04564884328594587 0.0578125
9 0.28161413524403184 0.196875 0.04566702400410509 0.0609375
9 0.299814168519715 0.10234375 0.04884656615858276 0.0703125
3 0.5031872126191003 0.81640625 0.03785452400410509 0.0609375
3 0.5087963423039872 0.70625 0.03625566256778647 0.0546875
3 0.5238031978865731 0.6 0.03310339149054773 0.05
3 0.5411901649054777 0.5 0.033085210772388504 0.046875
3 0.54378337889932 0.40859375 0.033103391490547904 0.05
3 0.5627828428931624 0.3171875 0.03155907220870695 0.053125
3 0.5754868550916067 0.21796875 0.034720433645025396 0.059375
3 0.5873868913923519 0.11484375 0.036319295081344016 0.065625
11 0.23181360226293632 0.096875 0.0645897408266178 0.090625
11 0.1274241433372595 0.81953125 0.06770565046753822 0.0890625
5 0.6507272287263695 0.125 0.05051815046753827 0.0890625
5 0.5688213029781799 0.81796875 0.05040906615858276 0.0703125
8 0.13154804107432322 0.72265625 0.07229315651766241 0.071875
8 0.2097164093463328 0.19296875 0.07551815046753818 0.0890625
2 0.5822474778426067 0.70859375 0.05350679508134402 0.065625
2 0.6379732195529872 0.215625 0.052035198672140126 0.08125
6 0.20244933089110986 0.28671875 0.06448974687674199 0.0734375
6 0.14882592378427226 0.60390625 0.06290906615858276 0.0703125
0 0.5871571707592101 0.6125 0.040961343285945875 0.0578125
0 0.6197777314568439 0.3109375 0.04257838544042354 0.0671875
7 0.18508963494944425 0.39140625 0.08174996974937895 0.0859375
1 0.6109027012062229 0.396875 0.055205650467538094 0.0890625
4 0.5990708425985748 0.51171875 0.04726588544042372 0.0671875
10 0.1599538004440971 0.50234375 0.08013292759490129 0.0765625