9 0.15020595297374845 0.7685125479790009 0.07055793969514967 0.04300566000954511
9 0.2479258354873058 0.7564387146324106 0.06429884933607007 0.0413704346753633
9 0.3437519407753042 0.6670484032861385 0.05802157825883114 0.03661020934118149
9 0.663973537184508 0.6789462299093223 0.054923849336070064 0.04126134667409058
9 0.767621232831586 0.5879025118953229 0.054914758976990365 0.039698846674090585
9 0.88370022990472 0.6427980025461874 0.06587953005422946 0.044513616008908664
3 0.8691393227978821 0.32580140654841455 0.06587953005422946 0.044513616008908664
3 0.7525603559753694 0.3568434158975502 0.056495439695149585 0.042842028007635945
3 0.6375938861277947 0.37927349391314036 0.05491475897699054 0.039698846674090585
3 0.4507837116561513 0.5314370726050482 0.05020907825883114 0.036519302673454136
3 0.12147800673749524 0.46964833398313716 0.06587953005422928 0.044513616008908664
11 0.15135938681516564 0.8388068666454555 0.09409543364502548 0.06046588001272681
11 0.5525451577942087 0.7646121045910489 0.07063975292686617 0.05706816000954511
5 0.43859784992524525 0.34331036394018455 0.06596134328594587 0.05857611600890866
5 0.869571114854164 0.25158265654841455 0.09256020472226431 0.06513519867918127
8 0.3354086965308408 0.4898137412874112 0.07841589149054773 0.05090906667727228
2 0.6537137898167866 0.4283013399109132 0.07063975292686635 0.057068160009544934
6 0.7612490338648583 0.4747030778962776 0.06745112041330899 0.04609429734245403
6 0.7867434166730033 0.657987745226005 0.07531816256778665 0.05556020401018138
0 0.3444246273471959 0.5514234032861385 0.0705761204133089 0.04613066000954511
0 0.3472087388817102 0.6099807906190475 0.0705761204133089 0.04613066000954511
7 0.7996428715916594 0.7234582038908687 0.0957579275949012 0.07767156134627218
1 0.6247853347999348 0.29817803524827663 0.08637383723582168 0.07599997334499946
4 0.13047575683569113 0.5343829959818646 0.10819429508134393 0.06687951201463563
10 0.24050422092772933 0.6893421213001379 0.10033634328594587 0.05897610534690845