9 0.4420163559269241 0.24397669728204896 0.027353432629560005 0.04593074905006951
9 0.38005391842610037 0.12217312604364614 0.02910684740221221 0.056904616641249996
9 0.3685322171288541 0.3344912880877434 0.025763659090609535 0.04433188145888885
9 0.40681387256931095 0.648790830640799 0.025818206168510292 0.04745688145888884
9 0.3334251911575671 0.7338366714464933 0.02905230032431163 0.05377961664124999
9 0.3317478685121212 0.8299304214464934 0.030778441558013635 0.06319098423243048
3 0.6135376108014834 0.8951067054501742 0.030751168019063257 0.06162848423243048
3 0.5224309642894803 0.5623831647969796 0.027353432629559825 0.04593074905006951
3 0.648814006496117 0.3965062045002436 0.03363070616851012 0.04763871941479163
3 0.6577407674531657 0.2880761086605561 0.036755706168510115 0.04771145459715278
3 0.6753021887186398 0.17750228457236167 0.035465941558013726 0.0633000870059722
11 0.267054122976348 0.8198274164125003 0.04198867694751698 0.07907055737069442
11 0.2980639841749827 0.4313286140757988 0.04322389448011297 0.06035692496187508
5 0.7007644699715232 0.5993597539871534 0.04799321509696384 0.06515352773541672
5 0.7422987739459874 0.19000359099312564 0.051254582791715644 0.07303876291777782
8 0.5735104488682048 0.6808071628971185 0.03716480925276535 0.07114895459715279
2 0.6014986757329963 0.37586574296923664 0.04944662094116268 0.0589398953265972
6 0.5456771440763711 0.260457642095556 0.0339579886359143 0.06638871941479163
6 0.3760464825501296 0.21743107465687533 0.03702844155801355 0.06333645459715279
0 0.5159434107187579 0.665399062023438 0.03234094155801355 0.06322735182361114
0 0.45987068872193504 0.6539335787409379 0.032340941558013724 0.06322735182361114
7 0.3147095620954344 0.19411955480524332 0.05001936525911974 0.09175239532659729
1 0.724267974028713 0.41702003267250054 0.06361821509696383 0.06551720364722229
4 0.5528455726520365 0.8796258693941323 0.04390573295387146 0.09941942496187509
10 0.39805075284596436 0.7478459264804864 0.040589818181219074 0.08840918977951392