9 0.1503939685710044 0.7037648285534188 0.06758748933799978 0.03476588544042354
9 0.24333544657068623 0.7055677021881815 0.05506930800445433 0.03313066256778665
9 0.33873885323841346 0.6972006902843249 0.05196248933799978 0.03467498184962743
9 0.4434808972390498 0.6919041362259905 0.04411362667090888 0.031504530054229284
9 0.5364951005729134 0.6874570098607532 0.04567612667090888 0.03151362041330898
9 0.6388661225732315 0.6845178413410382 0.04565794533736352 0.029951120413308985
9 0.7326706665738679 0.6792849197962612 0.048837489337999786 0.034656801131468205
9 0.8474962352403225 0.6801792784039093 0.05663180800445424 0.033139752926866176
3 0.8384052352800934 0.38728325127654617 0.05506930800445424 0.03313066256778665
3 0.7304472846117298 0.40041048605303986 0.04878294533736351 0.029969301131468028
3 0.6225711499443207 0.4065064708295335 0.04878294533736351 0.029969301131468208
3 0.5217898999443207 0.40709279899016887 0.04251476400381797 0.028370439695149584
3 0.43256376794241175 0.42167344945770696 0.04878294533736351 0.029969301131468028
3 0.34353763060950265 0.41906659992524525 0.05192612667090888 0.03154998184962743
3 0.2427018366088663 0.4243404280858806 0.05817612667090888 0.031586343285945874
3 0.14263820194145724 0.4303909610669761 0.06128294533736343 0.030042024004105095
11 0.15119285256209572 0.7693807381943392 0.08026930267345422 0.050463608313060605
11 0.8631388692314138 0.7457088296335733 0.08190452800763595 0.05672269867214012
5 0.14807113661682048 0.36630118998973726 0.08021475867281791 0.04577610831306052
5 0.8383966919557746 0.320881546456086 0.0739829400063634 0.047302246876741984
8 0.24411614922823208 0.7727461118291019 0.07876134667409058 0.05514201795398073
8 0.7661638718969138 0.7548661818965096 0.06940452800763594 0.05664997579950324
2 0.24028590861713867 0.3634211088040399 0.0708579400063634 0.04728406615858276
2 0.7273955572883658 0.3269957119507389 0.06620680267345413 0.050381795081343925
6 0.3387564872295048 0.762821145104785 0.06460794000636341 0.04724770472226432
6 0.6465962592298229 0.7586865943661003 0.05992044000636341 0.04722043364502539
0 0.6303569252864567 0.3416218142136752 0.055160214672181594 0.04094316256778665
0 0.33401772728359325 0.36443818725926275 0.06141021467218159 0.040979524004105095
1 0.4200461339513204 0.3561257175098838 0.07561816534054522 0.05356133723582168
4 0.5295484032861385 0.34455189237431055 0.06624316534054522 0.05350679508134393
10 0.5488672838956411 0.7655047418085765 0.06789657200827222 0.06132838544042354
7 0.4418905778962775 0.7614399314055303 0.07569089067472685 0.05981133723582168