9 0.11224793160192201 0.5811414365718918 0.06895907825883123 0.036337475799503235
9 0.20147860324489492 0.55275333703943 0.06113748789975162 0.034729524004105096
9 0.3184570249860637 0.5893726139704013 0.0533068071815924 0.03155907220870695
9 0.5871802747896719 0.46124411055255565 0.0517533975406721 0.03311248184962743
9 0.7119757417103806 0.4971275892789251 0.048628397540672094 0.03309430113146803
9 0.7820115066392994 0.4108133602579681 0.0548783975406721 0.03313066256778665
3 0.9155678534412868 0.6865996763183551 0.06748748184962708 0.051953385440423536
3 0.8045121787732515 0.7062667608237021 0.056513620413308985 0.04563975292686635
3 0.695763892668898 0.7321974808676688 0.05495112041330898 0.04563066256778665
3 0.46878830221162265 0.6675935836215844 0.05177157825883114 0.036237481849627426
3 0.21613495912206854 0.8536300358097659 0.0643352107723885 0.04724770472226432
11 0.08678938934924844 0.525522695647078 0.08774543969514967 0.04269656010845857
11 0.4568569705349459 0.4354850655694076 0.06117384933607006 0.040979524004105095
5 0.9464315131804029 0.7531877334999473 0.08320338544042372 0.06766928903121965
5 0.5396497271742453 0.8422304901392469 0.06129202400410509 0.06129202400410492
8 0.39016333246224366 0.7530765656676035 0.07688066256778665 0.0551329275949012
6 0.7590456635497452 0.5981860952308534 0.06589771077238851 0.04725679508134402
6 0.6935848108940255 0.43529975496996964 0.06117384933607006 0.040979524004105095
0 0.3686246757481895 0.6951368006404888 0.07215680113146812 0.048855656517662285
0 0.3447240883159762 0.6403084000747548 0.0705761204133089 0.04572156615858276
7 0.6743626331027326 0.3820611254814745 0.07371930113146803 0.048864746876741985
1 0.7195235795353774 0.811244631433403 0.07704428903121965 0.08325792759490155
4 0.19301562168985514 0.7988061804235717 0.10510565651766242 0.07248405405833439
10 0.2222223744203297 0.6130323068870048 0.10185339149054773 0.05059087334017498
2 0.6874610341594459 0.6821474838927308 0.06283634328594587 0.058176114363184796