9 0.39457829423852686 0.24430009172632153 0.02910684740221221 0.05788809471009326
9 0.29003289042292313 0.1404554839326358 0.03393071509696392 0.06597361049510883
9 0.2903060312528834 0.4384302523484873 0.032013659090609534 0.04557010523343692
9 0.28064683888409087 0.6333787313017998 0.03363070616851012 0.048786110495108836
9 0.3468837191607443 0.7365562101845253 0.030505706168510206 0.04860409997176518
9 0.27235923174264604 0.8393557155167845 0.03379434740221221 0.05816111049510866
3 0.571351074270299 0.15293018103356862 0.027626168019063257 0.06248458944842143
3 0.5708623303593789 0.3601434415569123 0.027380706168510117 0.04842208944842143
3 0.5123310357171103 0.44275924950588974 0.025709112012708778 0.04208108418674961
3 0.4003474586074375 0.5410308785580245 0.025736385551659247 0.04364358418674961
3 0.4570536059302194 0.7421908311323906 0.025818206168510115 0.048331084186749605
3 0.39576945820369563 0.8481076311888603 0.02751707386326192 0.05623458944842134
11 0.2244351639618735 0.1350707629424181 0.046785271103318316 0.08701415258848363
11 0.20546205804153989 0.8636129918957307 0.053035271103318404 0.08737817363517095
5 0.626997507713933 0.4596043862387707 0.04160684740221221 0.05861613680346807
8 0.33862039488715 0.1346828970444631 0.04366027110331831 0.08683214206513994
8 0.3446547918061902 0.6402349470303457 0.04018071509696393 0.06633763154179614
2 0.4022838798729116 0.4300933785580245 0.037082988635914305 0.0677181210184525
2 0.27555814407966644 0.7456967207784562 0.046785271103318316 0.08701415258848363
6 0.23046915544045685 0.32702304451244923 0.04653980925276535 0.07295165258848364
6 0.6337524736249712 0.7446619257013096 0.049637535713814886 0.07157116311182729
0 0.28008950568533814 0.5308984734092921 0.04004434740221221 0.058525131541796324
7 0.22027990341186196 0.4179287655732541 0.06068412986961631 0.07845819994353036
1 0.5700287130716644 0.5423111994494201 0.04484094155801373 0.0650481473268119
10 0.6222686919650506 0.14807535203790373 0.04864778003177221 0.10429265785015547