9 0.153125 0.6033442706874537 0.05625 0.035029528007635945
9 0.23984375 0.5184158346992257 0.046875 0.033357940006363405
9 0.3578125 0.5635385253819069 0.04375 0.030196577339272324
9 0.54375 0.5211708540738147 0.040625 0.028597714672181595
9 0.7171875 0.38568898209735913 0.053125 0.03343066534054513
9 0.8359375 0.467539513446813 0.06875 0.036737478675999566
3 0.77578125 0.18949578210531334 0.0640625 0.04449543467536325
3 0.56796875 0.2253589147437692 0.0609375 0.047584072008272395
3 0.49765625 0.3026657547342242 0.0484375 0.04118862133990877
3 0.42265625 0.4330430507240428 0.05 0.034956802673454315
3 0.2078125 0.41101186736154416 0.0515625 0.036537484006999674
3 0.11640625 0.48885450934913555 0.059375 0.03662839067472703
11 0.85234375 0.5263241674490401 0.0890625 0.04634883601209037
11 0.1484375 0.6673522266868173 0.0828125 0.050963610677908736
5 0.4546875 0.18419701806172445 0.065625 0.0632636160089087
8 0.33828125 0.5023737587125888 0.0671875 0.047656797342454024
8 0.834375 0.4167400821132675 0.0890625 0.04634883601209037
2 0.246875 0.5817789007001803 0.0859375 0.04631247334499946
2 0.52890625 0.41006063140513305 0.0578125 0.045985209341181485
6 0.66484375 0.5530486574235868 0.065625 0.04138861600890866
6 0.16796875 0.22929824335613533 0.0734375 0.06491702267663584
0 0.45625 0.5443714493952699 0.059375 0.04131589067472703
7 0.57578125 0.5754498214114964 0.0796875 0.04936474801081765
1 0.38125 0.25521749538508853 0.071875 0.07271134134309047
10 0.7671875 0.1323645347708134 0.109375 0.08096019334818116