9 0.04147316035213548 0.39884423856725465 0.07356647477225653 0.0509474303072194
9 0.1378496525475872 0.3650471027250724 0.06876984736759484 0.047658739200226743
9 0.23694191697555747 0.34285958947822853 0.06559028366526398 0.04598711179556503
9 0.34724449991518197 0.3124776303150686 0.054598219962933126 0.04404266587924912
9 0.4458010510036411 0.2832861489193901 0.05465278366526398 0.04560516587924912
9 0.5545684157944312 0.25217750345856105 0.05783234736759475 0.04727679328391084
9 0.6514806213293939 0.22538433576521344 0.06262897477225664 0.05056548439090332
9 0.7707043364830036 0.18532727623923378 0.0672619110699257 0.049166675497895926
3 0.09555050282558886 0.6825446267716895 0.06860615626060226 0.04297123920022674
3 0.20183770836055168 0.6554240768643568 0.06720734736759484 0.04760417549789597
3 0.3043005094490108 0.6260961862128511 0.060684528855940556 0.03957342068857237
3 0.39590765609096623 0.5948064914776615 0.05605159255827132 0.04097222958157989
3 0.49405497941194393 0.577333760081983 0.051309528855940555 0.03924603847458741
3 0.5982439716073956 0.5432638057281466 0.05766865626060227 0.04258929328391083
3 0.7116715545470201 0.5127727191603249 0.05772321996293321 0.044151793283910834
3 0.8287871326773214 0.4883952233366761 0.06720734736759475 0.04760417549789597
11 0.03775791642740327 0.3305307481859015 0.07551583285480654 0.07018850362819702
11 0.7724602986413884 0.11269830809039923 0.0978224303072194 0.0752033858421822
5 0.11666904547652748 0.7481324212367266 0.09119048439090341 0.06404763103285874
5 0.840394266072433 0.5582166500156984 0.08666667549789579 0.06857143992586626
8 0.12707833285480655 0.29363589419488473 0.09329862141421193 0.07972719473518967
8 0.6686532523622527 0.1358307624442357 0.0821974303072194 0.07465774881887363
2 0.7254041831328083 0.588762300285851 0.07578373920022692 0.06975199400955034
2 0.21207331471382118 0.7198313172457099 0.08343254809323426 0.06533731252120453
6 0.22449896987811507 0.2746279446503716 0.08197917549789598 0.0684077488188736
6 0.5456596964644701 0.17211798122604247 0.07879961179556502 0.06673612141421192
0 0.30761399320694205 0.6876239632546931 0.07529266587924913 0.055689494009550165
0 0.6217335461094997 0.6079885046396873 0.07065972958158007 0.05708830290255769
7 0.3318129620735668 0.24044886289187345 0.09340774881887359 0.08285219473518968
1 0.3988937576349123 0.6657092685195035 0.08990080290255768 0.07180556733052797
4 0.516899713169875 0.6381794908446893 0.07723711179556503 0.06668155771188111
10 0.4417162409295073 0.19915668557987895 0.08554068511654282 0.08101687622353534