9 0.9542087030422992 0.18340554684615765 0.07566584486680376 0.057679848821136394
9 0.8617957099623815 0.15441306661782112 0.07104201186299833 0.05905134783255326
9 0.7443243670727441 0.20443692433620608 0.06297484387822046 0.05248301285158128
9 0.4506910666921833 0.06041098760552928 0.06629084486680377 0.05729784684397003
9 0.32550272429683746 0.10840943030488619 0.059786176882026074 0.050793178859192524
9 0.24129616205327853 0.017609311254975772 0.06740767589344294 0.035218622509951544
3 0.8654858067691704 0.4849627296596829 0.07196784190105418 0.04349001482874755
3 0.5930390982896638 0.2995159554765761 0.056279174904859806 0.04129084486680368
3 0.3741498354380825 0.36927133444949933 0.05615184091247105 0.038165844866803675
3 0.2683919253619703 0.3423825236888151 0.05302684091247105 0.03803851087441492
3 0.1536582633086918 0.3252188814072001 0.06578150889724857 0.044797846843970035
11 0.9608844673767554 0.11527762935567168 0.06880834980971925 0.08079901384016445
11 0.5872798241065571 0.028949399924544105 0.0733048488211363 0.05789879984908821
5 0.5398783117120863 0.47483163186431065 0.06421900889724856 0.044734179847775654
5 0.13698541646472176 0.3898543843729496 0.08484984387822055 0.05337435079830275
8 0.6823788295065836 0.3847902692030098 0.08016234387822045 0.053183349809719525
2 0.38037993079917776 0.31208091695901335 0.07566584486680376 0.057679848821136394
6 0.33649857410655704 0.03459255211058141 0.08743101581733086 0.06918510422116282
6 0.2934157830803553 0.22592985273828808 0.06922484387822055 0.05273768083635879
0 0.7193442717116488 0.2623913457810248 0.07891817885919253 0.06093218281352515
0 0.6989243423581647 0.3232797662372603 0.07553851087441484 0.05455484882113648
7 0.34489866452473644 0.004139718859630004 0.1008276709505271 0.008279437719260008
1 0.36194165410743206 0.43918458642666564 0.07716467787060939 0.05618101581733086
4 0.8829080701150434 0.4210766431958361 0.11354784684397004 0.06858285672980173
10 0.846653529620314 0.21976615258737625 0.11431185079830257 0.08733285672980173