9 0.18142461923466263 0.8446981081483331 0.07166216837349912 0.053202082712657625
9 0.24757180595342612 0.7122815603818635 0.06321263154179624 0.041900709677128486
9 0.47669088757992695 0.7514745312266436 0.05245714206513998 0.044516287427387446
9 0.6721167796450669 0.7002993672490703 0.05576415258848364 0.047786836641599176
9 0.7548753427145419 0.6037282741973303 0.05870714206513981 0.04480738585581072
9 0.8819691927568943 0.6422192318075441 0.06844616311182747 0.05149403349844608
3 0.10203804002723622 0.5756998591817905 0.06606461575678066 0.037358758891340216
3 0.3045784820782587 0.5093898467757936 0.055036110495108835 0.03528683664159917
3 0.40492011632147806 0.5389981100103599 0.04713260523343692 0.033360463606069854
3 0.5386056006070497 0.6114638072814915 0.05062162628012423 0.039756012820281586
3 0.7197484557698994 0.49784430128563556 0.05356461575678075 0.03677656203449331
3 0.8460988531672985 0.5223455335029552 0.05999662628012459 0.040192660462916766
11 0.1987416508752809 0.9085594009524041 0.09132222099021767 0.06970037799792798
11 0.9177555033367076 0.6966498666298977 0.08222023677523324 0.0739512303552928
5 0.3816484872693434 0.4302245775453713 0.06670165258848364 0.04829625889134022
8 0.6579247480044486 0.6362925252307876 0.07184417889684287 0.05632708271265763
8 0.16140752182314627 0.800440839951368 0.1009702367752332 0.07482452564056316
2 0.7876808664626523 0.6692055709303426 0.09279371572854593 0.06821065260503385
2 0.43136224800444867 0.6468448432611369 0.06210515785015538 0.04964043507002262
6 0.38404909029546747 0.8438311592245716 0.07551521046687401 0.06584763192686935
6 0.6588094977221 0.3401816586053991 0.06835515785015538 0.049931533498446076
0 0.5712599349349736 0.7330455548002922 0.07211719468185844 0.061014582712657625
7 0.4801351350196782 0.8261106581911143 0.08910727360693613 0.08517982878371626
1 0.48442487677423457 0.4581611788692788 0.07478716837349922 0.05334763192686935
10 0.07806918998488392 0.5324057775025899 0.11439569994353027 0.06454199710451576