9 0.4056435696514182 0.11661877544191328 0.03805992198083885 0.07211401741285454
9 0.3193110012431954 0.23316886759456862 0.03904921189493056 0.0612584045679843
9 0.4630178149017198 0.4191362658309748 0.033788501809022264 0.050075243102595125
9 0.5076696528705036 0.6134284984181203 0.03543288896415202 0.051719630257724705
9 0.46150838308279984 0.734140468114967 0.03872166327441171 0.05500840456798421
9 0.5507147252354553 0.8219060617379604 0.03756859905006031 0.06273901741285463
3 0.11377697421940244 0.16795106060630663 0.050314260515449585 0.06808161465389255
3 0.15250303878243798 0.38370553539153596 0.0483423247398008 0.06018722749876275
3 0.23011678369405528 0.4595443391004377 0.048014776119281774 0.05393722749876275
3 0.3707218515364512 0.5414826566041493 0.04012038896415202 0.05196529172311415
3 0.34801577114244087 0.7659404240170037 0.04332727611928178 0.05369156603337366
3 0.42899685549318 0.8611876469932108 0.0452173247398008 0.06002345318850324
11 0.4643225288328153 0.1002258135469827 0.05137879353213641 0.08839411465389255
11 0.6131295160540582 0.8319527691103351 0.05294129353213641 0.08847600180902226
5 0.10831702679665034 0.49726342435568804 0.07070864767057934 0.07070864767057934
8 0.4428635244218012 0.6324927589335699 0.05179487336031983 0.06660100180902226
8 0.3515735453411587 0.11631888229388972 0.0533507293077851 0.0962885018090223
2 0.34278720205684954 0.42700407677596575 0.056564260515449584 0.06840916327441153
2 0.5293133587725404 0.7274533768668228 0.04504690637700648 0.08650406603337366
6 0.15545313489182222 0.798750681253093 0.07555992198083886 0.07407930913596861
6 0.49507564111185864 0.29838003053029594 0.041103034825709095 0.07071529172311405
0 0.48664010063193996 0.5111223699694178 0.042010437584671045 0.058297178878243726
7 0.5201785396869492 0.38872174751360916 0.05105124491161739 0.0821441146538926
1 0.1814070460185272 0.576472889529979 0.08674308344622808 0.0793400192218769
10 0.05312607926235659 0.17661340965636696 0.09199714947960162 0.12012879353213632