9 0.10984136071767947 0.3751676507621258 0.07719884667409058 0.05513292759490129
9 0.20554421204645243 0.3410148436787293 0.06776930267345423 0.05039088544042354
9 0.32634760805217944 0.38250238602959874 0.0598840773392725 0.04409543364502548
9 0.6190152713637713 0.22063260334309082 0.05837612133990895 0.048773843285945875
9 0.7468226453691802 0.25973548907810196 0.056759077339272324 0.04407725292686617
9 0.8330590426877718 0.15063267896964336 0.06778748400699967 0.051953385440423536
3 0.9257214467297696 0.4594895285021051 0.06455339600572714 0.042560204722264315
3 0.8088248480664969 0.4851713054330765 0.053561352005090865 0.037809072208706954
3 0.6990413154041786 0.5178434257481894 0.0598477146721816 0.040970433645025395
3 0.4781015593968608 0.4652189163784156 0.05512385200509051 0.03781816256778647
3 0.19921513275776853 0.6699801810127468 0.0707852146721816 0.04103406615858276
11 0.08874706337522534 0.3080983254301608 0.0977295226766359 0.07400110226293624
11 0.4858118726925443 0.18781153386485833 0.07107611600890866 0.06603406615858276
5 0.9475788127386785 0.5249918086545303 0.08975339067472703 0.05989315046753809
5 0.5309282094207233 0.6407047297083281 0.06934998400699968 0.051962475799503235
8 0.38928505474217834 0.5540228620254937 0.08184998400699968 0.052035198672140126
2 0.6929271280633152 0.46240649200496814 0.07561816534054522 0.05356133723582168
6 0.7793817013844523 0.37205368189650956 0.06615225867281786 0.04569429508134402
6 0.7357573286919079 0.18166957641211948 0.07734429734245403 0.06763292759490125
0 0.3706526860677696 0.4970961511549093 0.07085794000636332 0.04728406615858276
0 0.3512117953930427 0.4378302354638647 0.07401930267345422 0.05042724687674216
7 0.7263272373488174 0.10984457338705737 0.10419769867918127 0.09278746369925477
1 0.7124231100811327 0.5935519528755526 0.0804329346753633 0.0645261083130606
4 0.18364412941595074 0.6075665394240032 0.10852157200827235 0.06156473477649378
10 0.22348623738858836 0.4057585997288535 0.1055965666772722 0.07873405405833438