9 0.7865613133518237 0.21784302840362374 0.06312162628012441 0.03856366801906326
9 0.6634955396743004 0.22273330559602203 0.05383763154179633 0.03996252678536116
9 0.5620240449359721 0.21939802556424995 0.04905912628012423 0.038318206168510206
9 0.4502142896743003 0.21901046752930062 0.053928636803468065 0.041525026785361255
9 0.3501232844126285 0.21882746103647888 0.05071263154179624 0.039907979707460496
9 0.23376253704346445 0.21601433238467854 0.060087631541796235 0.04007162094116259
9 0.13403555282848 0.2095813258918568 0.06321263154179624 0.040126168019063255
9 0.03344292509176332 0.21326365909060954 0.06688585018352664 0.040262535713814884
3 0.7280614847090947 0.53746005316039 0.06266659997176519 0.030751168019063257
3 0.6136727610174539 0.52764294804754 0.05641659997176518 0.030642073863261742
3 0.5011727610174539 0.5256792532431156 0.05329159997176518 0.030587526785361162
3 0.3939139978632743 0.5277172658250173 0.05016659997176518 0.030532979707460585
3 0.29758502943330534 0.5166513064100963 0.05329159997176518 0.030587526785361162
3 0.2003915110174539 0.5204290969951751 0.05623458944842143 0.02751707386326192
3 0.09331475838661796 0.5193421095770769 0.06257559471009326 0.02918866801906326
3 0.008876658132504149 0.5144716030842551 0.017753316265008298 0.028943206168510115
11 0.04357605926439547 0.14226536647693572 0.08715211852879094 0.057804591720169364
11 0.8101878001270568 0.14787144764050297 0.0894867052052021 0.062437544642268694
5 0.014087802899067168 0.5825767207790069 0.028175605798134336 0.04009889448011279
5 0.7169805005646973 0.6068685722351136 0.07120714206513981 0.04338753571381489
8 0.7083445790662521 0.13749128083925571 0.07110072625188942 0.0683602621748646
8 0.14391805801956467 0.133895533278183 0.08994173151356137 0.0702500446422687
2 0.6006197531955333 0.6040554435833132 0.06688366311182747 0.04955571509696384
2 0.07791029528890807 0.5824188080349494 0.08223564732681177 0.04514095048646745
6 0.24359953960371322 0.14110978977100475 0.07377069994353028 0.06060230925276526
6 0.582517826435416 0.13607701095375332 0.07055469468185827 0.05898526217486459
0 0.5003390321347284 0.5937025503210164 0.059905621018452496 0.036946620941162675
0 0.18130831107392362 0.5795313616056716 0.0708431210184525 0.03713753571381488
7 0.3555003001270569 0.13993484780595405 0.08561825256024873 0.07641822402541769
1 0.27175130055057994 0.5842382268647914 0.09179265785015547 0.04842959172016936
4 0.3933987873964003 0.5902718129029181 0.06808214206513999 0.0433329886359143
10 0.4748418343279239 0.13185138676617988 0.07624325256024882 0.07625458279171564