5 0.4735307767221773 0.057957149658807786 0.04326191818411544 0.09228034190105419
2 0.477743252111571 0.15454564817593303 0.047722097651002215 0.08465884288963732
0 0.4811290133943421 0.25272848019115546 0.044324313011265916 0.07515650889724856
1 0.48862561315691533 0.34372089471589196 0.04459709765100221 0.08453150889724856
4 0.5031618231069028 0.4609574742596564 0.04584134890464338 0.07365767589344294
0 0.5102492459098719 0.5660123887843929 0.04088106426490725 0.06409167490485981
2 0.5229645430860203 0.665375718822449 0.04565949247815269 0.06740767589344294
5 0.5320774671426306 0.7812726328528938 0.04285274122451135 0.07821784190105419
3 0.40868702672217727 0.06059933000087503 0.03168792069139794 0.06995967292769345
3 0.41880852131190094 0.1686519105332227 0.03302310015828454 0.06221083992388783
3 0.42596414027480395 0.27136307505795915 0.031233279625171306 0.05433467292769345
3 0.42627036566419785 0.3681107410655704 0.03275031551854859 0.05283583992388783
3 0.44302830516021424 0.4626274036131404 0.031096887305303154 0.04964717292769336
3 0.44542822796318327 0.5678733191264602 0.031142351411925874 0.051209672927693364
3 0.4523565263929729 0.6783969836511966 0.03118781551854859 0.05277217292769336
3 0.46781037866282854 0.7909142296968639 0.03463106426490725 0.06383700692008212
9 0.1045618163764783 0.10732572726258698 0.04896634890464333 0.07378500988583174
9 0.10479984560593805 0.20641714327019817 0.051954956584775266 0.06922484387822045
9 0.11592991072877509 0.3066253903044487 0.05021060015828453 0.06291117688202616
9 0.12205422710525342 0.41796213832728235 0.046812815518548455 0.05340884288963732
9 0.12764734606815648 0.5207369698482133 0.0499378155185485 0.053536176882026255
9 0.13299041244463475 0.632105551369144 0.0499378155185485 0.053536176882026255
9 0.1417767275674718 0.7324092988976861 0.05324467194503919 0.05991351087441501
9 0.1429180272509027 0.8540932979091028 0.051909492478152595 0.06766234387822082
11 0.035293816574334 0.1171901585932374 0.070587633148668 0.09811384783255321
11 0.0735542618114965 0.8779883957416562 0.07745506175762477 0.08743101581733086
8 0.034885813869195835 0.22034699209133463 0.06977162773839167 0.08743101581733077
8 0.05775942874197078 0.777189899695989 0.083386813011266 0.07674818380210838
6 0.040702590195661706 0.31749390612177947 0.07405727711788869 0.07792868182494202
6 0.049700539325096604 0.6518861521674468 0.07084134890464333 0.07467634783255335
7 0.04437381680544321 0.42977107163509914 0.08874763361088642 0.09425401878308026
10 0.042175993567191636 0.5469904051331962 0.08435198713438327 0.08019151878308044