9 0.7874775760093613 0.820223016303661 0.07391234387822046 0.05041815651766228
9 0.6911437454770135 0.8075053685665973 0.06753500988583169 0.04725679508134384
9 0.596881750914221 0.7822786304704538 0.06447367688202625 0.048801114363184794
9 0.48992875536284536 0.7618121152469475 0.05497134288963732 0.045621572208706954
9 0.39228709281527524 0.7428535578689635 0.0565975098858317 0.04719316256778665
9 0.28680109676960797 0.7247217022863774 0.05653384288963732 0.04563066256778665
9 0.19237993471632944 0.7034012141902342 0.059786176882026164 0.048773843285945875
9 0.07436210517256495 0.686123331480285 0.06603617688202612 0.048810204722264314
3 0.8522218028148376 0.5347576940949539 0.06877917490485999 0.03945338544042354
3 0.7500518077577537 0.5119201577942086 0.062338173916276676 0.034729524004105096
3 0.6509431457044752 0.4906269407753042 0.059276840912470874 0.03627384328594587
3 0.5600462316740302 0.47865872678146176 0.04977450692008212 0.03309430113146803
3 0.47063090460172374 0.44949846760807965 0.05615184091247087 0.03625566256778665
3 0.3665800745636676 0.4344825216664141 0.051400673916276673 0.034665891490547905
3 0.25969074600848624 0.4124535064429077 0.052899506920082204 0.03311248184962743
3 0.15083966943047128 0.38106312675802073 0.059276840912470964 0.03627384328594587
11 0.7737705616749053 0.8882553988172182 0.0964876808363588 0.06773292154477702
11 0.046780216369581545 0.7511170724050988 0.09356043273916309 0.0755363311856975
5 0.8611776501530993 0.4683150826586354 0.08972834486680377 0.05519656010845857
5 0.1652642667687329 0.3145886990649236 0.08660334486680368 0.05517837939029935
8 0.674216230648266 0.8778996817983138 0.09211851581733085 0.07551815046753844
8 0.14244891889899863 0.7786739249626227 0.08130834980971957 0.07857951795398073
2 0.7658479041074321 0.4501241397420319 0.08516817885919252 0.05829428903121965
2 0.27674559482962263 0.3389341932111911 0.07260451186299814 0.05665906615858276
6 0.5822979860854736 0.8526593081635511 0.08242518083635879 0.0676511083130606
6 0.2617745804579856 0.802192717313492 0.08248884783255325 0.0692136083130606
0 0.3731921719019292 0.36805354576871496 0.06597250988583178 0.04724770472226432
0 0.6702953235750844 0.4374019468254284 0.0706600098858317 0.04727497579950324
7 0.4743409060474174 0.8376660881195844 0.09881418479069151 0.08649201190385654
10 0.36007015901316686 0.8242717295119363 0.0863141847906915 0.08641928903121965
4 0.4746445839552077 0.38933312724900004 0.07722834486680377 0.055123837235821684
1 0.5852491615218058 0.41602691657480734 0.08523184585538672 0.059856789031219826