9 0.02578125 0.7823005054372074 0.0515625 0.07085101087441484
9 0.12734375 0.6880013601898429 0.0546875 0.06472834486680376
9 0.0765625 0.5671821828135253 0.0578125 0.06329317885919253
9 0.13359375 0.36481852817462046 0.05625 0.06322951186299815
9 0.296875 0.1730342292769344 0.046875 0.06597250988583174
9 0.2015625 0.05274429250907651 0.0625 0.07910917984777566
3 0.51484375 0.10769702524605199 0.040625 0.07196784190105418
3 0.4703125 0.3215075158545118 0.0375 0.05934050790866543
3 0.38828125 0.39941499855430623 0.0359375 0.04990184091247105
3 0.2375 0.4870211334215475 0.0421875 0.05796900889724856
3 0.2546875 0.7056902203796858 0.04375 0.06115767589344294
3 0.16015625 0.8073071171099251 0.0484375 0.06759867688202625
11 0.13125 0.04597302768032889 0.078125 0.08443334980971959
5 0.5046875 0.4322831897707885 0.0453125 0.06747134288963733
8 0.14765625 0.5833602811403701 0.06875 0.07936384783255335
8 0.25625 0.057316387375880205 0.08125 0.09706068380210837
2 0.26171875 0.37082047186256056 0.0578125 0.06954317885919252
2 0.04765625 0.683191843383929 0.078125 0.10005834980971962
6 0.0921875 0.2381313527754691 0.078125 0.08599584980971961
6 0.4453125 0.7220513439154016 0.0484375 0.07384867688202608
0 0.09921875 0.4595116042583438 0.0734375 0.07955484882113631
1 0.4234375 0.50866000596868 0.053125 0.07716467787060921
10 0.56640625 0.10979803612046693 0.0625 0.11973417984777565
7 0.06171875 0.33454609634967847 0.084375 0.09250051779449713