9 0.19567171753952048 0.91484375 0.056472631926869445 0.071875
9 0.29119188689377734 0.79296875 0.04488016046291676 0.0578125
9 0.14732637862160977 0.6109375 0.05091183664159917 0.053125
9 0.1041522291169478 0.4140625 0.05091183664159913 0.053125
9 0.15812059925699296 0.2953125 0.051057385855810856 0.05625
9 0.06546652646913267 0.2046875 0.05461903349844601 0.065625
3 0.4900253391273077 0.8515625 0.035796258891340214 0.0640625
3 0.4598969991759397 0.64296875 0.03684933664159917 0.053125
3 0.38828101840636203 0.5703125 0.03506851282028158 0.0484375
3 0.25229432258297246 0.4875 0.04302656203449331 0.0515625
3 0.27859791914936916 0.275 0.0432448858558109 0.05625
3 0.19493785670059105 0.17578125 0.04673375889134013 0.0640625
11 0.12871965798622656 0.9265625 0.07467897642635143 0.09375
11 0.0161108434660247 0.1953125 0.0322216869320494 0.096875
5 0.4969133097626909 0.5359375 0.04346320967712849 0.0609375
8 0.24596281596794395 0.90859375 0.0731892510334573 0.0953125
8 0.17154093631287687 0.39296875 0.06606595574818704 0.0765625
2 0.0813761627392283 0.29921875 0.0761687018192456 0.0921875
2 0.26818468817490365 0.59921875 0.05454625889134022 0.0640625
6 0.10098857196379996 0.73359375 0.07224318114108116 0.075
6 0.45696051364885104 0.253125 0.05007708271265763 0.06875
0 0.12044285504796119 0.5171875 0.06882708271265772 0.06875
7 0.07243338647949261 0.6421875 0.09313787799792801 0.0875
1 0.42685982899311326 0.46328125 0.048441808105551945 0.0671875
10 0.5393896383415194 0.8484375 0.05970894789030421 0.1078125