9 0.8693376542572218 0.6176405980595238 0.06646145459715277 0.036319295081343836
9 0.7774768093674649 0.6366400620533662 0.06021145459715278 0.0362829336450254
9 0.6835267876159717 0.6446883905085892 0.05864895459715278 0.03627384328594587
9 0.5784756117041662 0.6597043364502547 0.04767508700597212 0.034647710772388506
9 0.48750511958795084 0.6740208456236368 0.0476750870059723 0.034647710772388506
9 0.38321700988055496 0.6898225867448423 0.04923758700597221 0.034656801131468205
9 0.29072038535552025 0.7025675055591449 0.05396145459715278 0.03624657220870695
9 0.18005498907899248 0.7238016352440318 0.05864895459715278 0.03627384328594587
3 0.8357673137358678 0.3478775439029936 0.060138719414791805 0.033157933645025485
3 0.7339320568020136 0.3590054205628184 0.05864895459715278 0.03627384328594587
3 0.6366933808902081 0.3740668182998821 0.05080008700597212 0.03466589149054773
3 0.5495382197960413 0.39231230337096334 0.04763871941479181 0.033085210772388504
3 0.4580592346136802 0.3949055173648057 0.0476750870059723 0.034647710772388506
3 0.35764100731510384 0.4122924843837102 0.0476750870059723 0.034647710772388506
3 0.25024608140329824 0.42729479478675636 0.05239895459715278 0.036237481849627426
3 0.14147049344739546 0.4344755148307229 0.060247822188333355 0.03784543364502539
11 0.8803647668144091 0.6809945709321608 0.08561149810013902 0.05361587939029935
11 0.1730406164538188 0.7901760689872532 0.08415810087368056 0.05829428903121965
5 0.8224146349742705 0.28372868549173724 0.08404899810013902 0.05360678903121974
5 0.13049793227697887 0.368777791958086 0.07467399810013893 0.05355224687674198
8 0.7822175543334717 0.7015201734896847 0.08255923328249999 0.05672269867214012
8 0.26777188820531184 0.7821322857115701 0.07169446846486113 0.05978406615858276
2 0.7322435766536456 0.2972684898446592 0.07794446846486114 0.05982042759490129
2 0.24179910818878442 0.3537982074527388 0.06548083605604171 0.06131020472226432
6 0.6921919663775689 0.7088099778426067 0.07147626291777787 0.05040906615858276
6 0.3877759168906591 0.7625151981811609 0.0667523953265972 0.04881929508134384
0 0.6388202317638886 0.31625886347942195 0.06831489532659737 0.04882838544042354
0 0.3387832109623261 0.34967430971567515 0.05886716014423614 0.04564884328594587
1 0.5519378276035761 0.32278559855050315 0.08106946846486114 0.059838608313060426
4 0.43996450446531227 0.33307313787631043 0.07645470364722229 0.06293633723582168
7 0.5909743052834021 0.7269736496819713 0.0827047036472223 0.06297269867214013
10 0.48416060762010354 0.7505742552645573 0.07336607123840277 0.06448065651766229