9 0.829558732279865 0.7202276887120492 0.05914950692008212 0.03382162094116268
9 0.7124203118236295 0.7002270600602489 0.05289950692008212 0.033712526785361165
9 0.6151951433445604 0.6899423506453278 0.04977450692008212 0.03365797970746058
9 0.5069051408731025 0.6763417264577544 0.05765067391627667 0.03535684740221221
9 0.4103657218997416 0.6637269038123085 0.04977450692008212 0.03365797970746058
9 0.3028888029263809 0.6509211663942102 0.060712006920082204 0.03384889448011297
9 0.2035108854358949 0.6452830466708636 0.062274506920082205 0.033876168019063256
9 0.10752988197585381 0.6272131107948928 0.07171317391627659 0.03560230925276535
3 0.12416298916276614 0.345672784495999 0.06865184091247101 0.03711026217486459
3 0.2291051571475437 0.3537501116056717 0.06240184091247105 0.03700116801906326
3 0.33583265961900166 0.36732346225429485 0.054525673916276676 0.035302300324311545
3 0.4263449130790427 0.38529794074393936 0.04983817391627667 0.03522047970746058
3 0.5215937460828484 0.38539912661991016 0.051464340912470874 0.03681025324641087
3 0.627635499048598 0.4013025904990581 0.05458934091247088 0.03686480032431163
3 0.7413305845238615 0.41343617207295774 0.05777800790866543 0.03848184740221221
3 0.8570192515200556 0.41701691395528295 0.06409167490485998 0.04015344155801355
11 0.09851697931411543 0.6934148092527653 0.08628500988583174 0.04834777110331849
11 0.8401089131162237 0.787551556406801 0.08660334486680377 0.05616027110331832
5 0.13467472482831008 0.2779358595770769 0.0834146778706093 0.05454322402541774
5 0.8644059871855998 0.3492254419584601 0.08028967787060921 0.05448867694751698
8 0.7391684956257378 0.781886163144504 0.06641817885919252 0.058930715096963834
8 0.19846789977035093 0.7131154289761119 0.08204317885919252 0.05920345048646745
2 0.7467409847141419 0.3354611765371846 0.07435801285158128 0.06219208279171564
2 0.23118231030357364 0.2897694322225227 0.0789818458553869 0.06071140340856669
6 0.29547023376273973 0.717931388391033 0.0737850098858317 0.04812958279171564
6 0.6159074091618911 0.7649014403369023 0.06747134288963733 0.046457988635914306
0 0.32781722977122596 0.3047280048679687 0.06447367688202607 0.049528441558013545
0 0.6428347347141419 0.33364748619698703 0.06460101087441501 0.05265344155801364
7 0.40219773623419763 0.7315047390396561 0.08510451186299814 0.05769549756436802
1 0.4202275642579063 0.3118058936660387 0.08229784684397004 0.06545345048646736
4 0.5376378987445867 0.31932015908731426 0.07292284684397003 0.06528980925276535
10 0.5148078241809191 0.7553297970746053 0.0727318458553869 0.06060230925276535