9 0.9726640885245835 0.7815887624400728 0.05467182295083291 0.05532930913596843
9 0.8691455771254173 0.6772055568767203 0.06340918977951375 0.04233798620519007
9 0.6606635427404868 0.8273637663968018 0.05581489532659738 0.05130355042954129
9 0.4481460121552786 0.871353863072013 0.05737739532659738 0.05138543758467122
9 0.33259244091687573 0.8132691253964847 0.05723192496187508 0.04513543758467122
9 0.22381881259211883 0.9120518634106972 0.06831489532659729 0.05195864767057934
3 0.963581988885174 0.46653697252598114 0.06951371941479181 0.0364155348257091
3 0.739817833774931 0.49781902928710053 0.055414851823611146 0.034116050429541286
3 0.6524282429692366 0.5743615971294964 0.04756598423243048 0.03214411465389251
3 0.5478160909931257 0.7175118108334493 0.05399782218833345 0.04028416327441171
3 0.3280659822356603 0.6860072625516145 0.053925087005972296 0.03715916327441153
3 0.21278778077263955 0.7741800491863459 0.06337282218833336 0.04077548620519007
11 0.2025263472613897 0.9718329771600785 0.10087282218833335 0.04274077792830404
11 0.9694851903481947 0.8536275367503323 0.061029619303610616 0.07457063206674697
5 0.6324768060395143 0.4565123558359236 0.06973192496187508 0.04579053482570909
8 0.9695929867009724 0.7269831495952026 0.060814026598055196 0.07128185775648763
8 0.43791572055215344 0.8014917424252264 0.0778353656913195 0.05869997060135788
2 0.6662933340592715 0.6995696370435881 0.07151263050895836 0.05524742198083885
2 0.3258716218626744 0.8941882547496984 0.09843880642076393 0.07226450361804453
6 0.3307149374984032 0.49735752035353065 0.0745648953265973 0.05228619629109836
6 0.7831210774097578 0.8796112618742459 0.07656380642076392 0.0711180834462283
0 0.5573209904037855 0.8570280122129302 0.0748558360560418 0.06478619629109836
7 0.6797421574818758 0.9077130076903746 0.08950021751493065 0.09052318068726635
1 0.5458502814382296 0.5322327301007547 0.07285692496187508 0.04595430913596861
10 0.9535653303564585 0.4151382468362407 0.092869339287083 0.05384205223856355