9 0.22293250165262984 0.3402017774219507 0.05607021753501131 0.03000566256778665
9 0.3362694096343472 0.35751602156821816 0.05152826674922295 0.03310339149054773
9 0.4297111945805353 0.36713139520298094 0.05145549214211727 0.03154089149054773
9 0.533491166044488 0.38059393150372617 0.05465326674922295 0.03312157220870695
9 0.6262244755977819 0.39177635031802877 0.048330492142117265 0.03152271077238851
9 0.7299316724546288 0.4036763866187739 0.060976041356328815 0.034720433645025396
9 0.8254624962759463 0.4078093747149173 0.06090326674922295 0.033157933645025395
9 0.9169244042576636 0.4252508838882994 0.06864299214211726 0.03164088544042372
3 0.899045661286977 0.695740645890352 0.06722604135632863 0.03475679508134384
3 0.7963380382514478 0.6885235644100669 0.06112159057054036 0.03784543364502539
3 0.694938204091048 0.6758286425707023 0.05309076674922295 0.03311248184962743
3 0.6074189334128836 0.6591456574996211 0.048548815963434674 0.03621021077238851
3 0.5160126834128835 0.6596774435057787 0.05003854135632881 0.034656801131468205
3 0.4145400746453779 0.6454200216664141 0.05167381596343468 0.036228391490547907
3 0.3046192650920839 0.6343375968019872 0.05479881596343468 0.03624657220870695
3 0.19428107857431934 0.6310722171171003 0.061194365177646405 0.03940793364502539
11 0.9272218953663234 0.36111111583612265 0.08343323821317554 0.04734769867214013
11 0.2144072181541838 0.2746085936787293 0.08379711124870504 0.05516019867214013
5 0.8872220574818701 0.7606707543016084 0.082161836641599 0.0535886083130606
5 0.18558247476921239 0.6959841448101974 0.07896406203449331 0.05200792759490121
8 0.31150054197550137 0.27873249141579304 0.06519266046291676 0.058176114363184706
8 0.8309997127775004 0.34213437773997935 0.07925516046291677 0.058257927594901206
2 0.2994823089296122 0.7086063437769251 0.07307793507002262 0.05978406615858276
2 0.7945251352321291 0.7502695854873058 0.07620293507002245 0.05980224687674198
6 0.7378490262597357 0.3387690041052166 0.07086046360606986 0.04571247579950324
6 0.4294885626536658 0.2952382144848217 0.06461046360606985 0.04567611436318471
0 0.7016462764646235 0.7359621666730032 0.06468323821317572 0.04723861436318479
0 0.3996278581438239 0.7111495607958297 0.06490156203449331 0.0519261143631848
7 0.6356679420993359 0.3260786274453918 0.0823073858558109 0.056713608313060514
1 0.6122926780362 0.7302303171405414 0.08110875889134021 0.0645170179539809
4 0.5002100550006707 0.7230677778147341 0.07166098428423417 0.06289997579950324
10 0.526763822992748 0.30326836222188536 0.06995293507002262 0.059765885440423536