9 0.5515625 0.825 0.0234375 0.05
9 0.4859375 0.72890625 0.02421875 0.040625
9 0.54609375 0.6265625 0.02265625 0.03828125
9 0.534375 0.44609375 0.021875 0.03671875
9 0.4359375 0.2609375 0.0234375 0.046875
9 0.53046875 0.16328125 0.0234375 0.06171875
3 0.26171875 0.17421875 0.03359375 0.05703125
3 0.2625 0.37421875 0.03515625 0.05234375
3 0.3234375 0.453125 0.03125 0.040625
3 0.434375 0.54453125 0.025 0.04453125
3 0.38046875 0.7421875 0.02734375 0.04453125
3 0.43984375 0.840625 0.025 0.0546875
11 0.5875 0.15859375 0.02890625 0.0796875
11 0.6109375 0.83984375 0.0359375 0.0734375
5 0.20703125 0.47421875 0.05 0.0546875
8 0.4859375 0.63515625 0.034375 0.0578125
8 0.48203125 0.15703125 0.03046875 0.07890625
2 0.54609375 0.73359375 0.0296875 0.07734375
2 0.42890625 0.44140625 0.0359375 0.0484375
6 0.584375 0.33828125 0.0296875 0.0578125
6 0.20390625 0.75 0.05078125 0.06171875
0 0.54296875 0.53125 0.0296875 0.0515625
7 0.590625 0.425 0.034375 0.0703125
1 0.2609375 0.55390625 0.059375 0.06015625
10 0.20703125 0.1734375 0.06015625 0.09453125