9 0.05839539735836249 0.18535684740221225 0.07247498400699967 0.05281708279171564
9 0.15265392735518082 0.1635693965087078 0.06308180267345423 0.051090941558013594
9 0.25874993336249863 0.2193166103878558 0.05681362133990877 0.04941934740221221
9 0.5612198580124085 0.10118381371369689 0.05841248400699968 0.05257162094116259
9 0.676672682686181 0.15553216882654688 0.061537484006999675 0.05262616801906326
9 0.7708943026734543 0.06344585470251761 0.06780566534054504 0.054297762174864615
3 0.811285682049634 0.3797117828678506 0.0597568080044546 0.03384889448011297
3 0.6981407920512248 0.389453201293951 0.051944308004454244 0.033712526785361165
3 0.5913277180537703 0.40633496387585266 0.04878294533736351 0.030532979707460585
3 0.39195387937617987 0.3224024744291595 0.05199885200509069 0.03840002678536116
3 0.1032651913987697 0.48373584618439625 0.06598862667090888 0.03239548863591431
11 0.4372460086728179 0.05293545413662002 0.06644316000954512 0.07145798863591428
11 0.04744825934913564 0.11721081939903503 0.08989884134309045 0.07342959172016936
5 0.8198254353914518 0.44234815056260235 0.08017839600572714 0.04357845048646745
5 0.4166464387332697 0.49779794074393935 0.06137385200509069 0.03856366801906326
8 0.29522487738699754 0.4003853782447632 0.07708975867281787 0.046648903408566686
2 0.5969140993793616 0.349412808031654 0.07714430267345414 0.05133640340856669
6 0.6897368513685438 0.2713617203686744 0.06462612133990878 0.04955571509696392
6 0.6742102066756814 0.07816114528759653 0.07583634134309047 0.07318412986961634
0 0.2734669613701347 0.2758120722384088 0.07249316534054513 0.05437958279171564
0 0.285113533378407 0.33694048701106116 0.0724568026734543 0.051254582791715644
7 0.6736556760025454 0.030504895287596534 0.09106135200509069 0.03908186525911972
1 0.5921276967297698 0.47508496387585264 0.06769657733927233 0.04492276217486459
4 0.09313566605663376 0.4187284549506942 0.10694089067472692 0.06122960064862308
10 0.15728743069699863 0.22613758035608367 0.1040522480108177 0.08148755357072242