9 0.13242552070465333 0.6533238999840917 0.06816942496187503 0.04296929734245403
9 0.22265113041204918 0.6686847233052285 0.05872168977951393 0.039735209341181486
9 0.3149477331855909 0.6722995246260473 0.05715918977951393 0.03971702800763595
9 0.41598355632385475 0.6820643286123662 0.04771145459715278 0.03648294000636341
9 0.5060818794621186 0.691956401933503 0.04927395459715278 0.03650112133990877
9 0.6047921363959728 0.70252972792014 0.046112587005972115 0.03490225867281786
9 0.6972160257386465 0.7116132792409589 0.052435322188333446 0.038099984006999675
9 0.8054103854460424 0.7267650172263231 0.05708645459715278 0.036592028007635946
3 0.7940676162600003 0.44088206122695944 0.058685322188333264 0.038172709341181485
3 0.693195447282049 0.4381485072406406 0.04767508700597212 0.03492044000636341
3 0.589034624143785 0.4284200659214127 0.04607621941479181 0.03333975867281787
3 0.4941760658231601 0.4154575366009121 0.046039851823611144 0.03177725867281787
3 0.4051135658231601 0.41649387261300247 0.053925087005972115 0.03499316534054504
3 0.3203748899113545 0.4018506646244565 0.05072735182361114 0.03183180267345431
3 0.2255890667730906 0.3920131353039559 0.05701371941479172 0.03346702800763594
3 0.125352677430417 0.38302049065086435 0.06326371941479172 0.03353975334181776
11 0.13157284194305616 0.7174136719844098 0.08568423328250004 0.05723179201145392
11 0.821018508071216 0.7930076352244141 0.08263196846486096 0.06032042934436319
5 0.7948657436348266 0.37444853922664123 0.06995013050895835 0.052362478675999566
5 0.13092922378319471 0.3204386746499098 0.08550239532659724 0.04941929201145401
8 0.7256150890932644 0.7902104465706862 0.07180357123840295 0.06488066000954493
8 0.22339731924163259 0.7343188139720013 0.08277743882958336 0.06657042934436319
2 0.21866561312586832 0.3295767699713649 0.0825228656913195 0.05563292934436319
2 0.6891787880877434 0.36630077924095883 0.07009560087368065 0.05861247867599957
6 0.31335017201517423 0.7379608872931382 0.0668978656913195 0.05545111600890866
6 0.6151315307726396 0.77742973058564 0.0668978656913195 0.05545111600890884
0 0.5977543542921531 0.36658313725336733 0.055705792553055564 0.04438634667409058
0 0.30890940662885447 0.3457188432925019 0.06976829255305557 0.044549978675999566
1 0.3926122594023961 0.34943364194782056 0.08572060087368065 0.0587942920114541
4 0.5013696635627086 0.35520128926641215 0.06842399810013902 0.05390679734245411
10 0.5180565090211464 0.7699632232654577 0.07503767401194458 0.06960452267663583
7 0.41367748033579926 0.7508597819462297 0.08128767401194441 0.06967724801081765