9 0.12051211064963283 0.33839124709700613 0.06042067445232169 0.037665136051661906
9 0.2342730822781029 0.3990894032069277 0.04939224623907634 0.03422188730530316
9 0.3325945735026143 0.31973086064963285 0.051136602665567035 0.040517351411925785
9 0.5296968940357276 0.306189883215175 0.04787521034569906 0.03573892319868044
9 0.7396963681714802 0.3859442647144904 0.058721782132453625 0.03293217194503919
9 0.83292719411487 0.26692382858368624 0.0698411385589445 0.03950042069139794
3 0.8574424946562307 0.5511253323446099 0.06189224623907634 0.03458560015828453
3 0.6474764612701358 0.5775300226320492 0.04934678213245362 0.032659387305303156
3 0.554490990895307 0.5271556010827214 0.046085389812585476 0.027880959092057723
3 0.44182115782578124 0.4289574449727998 0.04925585391920819 0.029534387305303157
3 0.2435223986545812 0.5104444403539462 0.05086381802583091 0.031142351411925874
3 0.12703123211981832 0.4630957304039587 0.060238818025830906 0.03141513605166182
11 0.09112613902116276 0.2752380292294597 0.09391513605166188 0.062057382290738164
11 0.8317571506996453 0.19982725679693158 0.08587531551854859 0.0540175617576248
5 0.5548965046853606 0.6473544408161647 0.06069345909205772 0.04704013605166182
8 0.33378734897115037 0.3860461824363875 0.06997753087881238 0.044187920691397944
8 0.843259288862878 0.3142390977840161 0.08890938730530315 0.0509834899708701
2 0.5514916745188287 0.4156187075092121 0.06354567445232177 0.037756064264907255
2 0.21747803886287817 0.3324474724863999 0.08573892319868044 0.049330061757624756
6 0.6364530108870596 0.2320500380714554 0.07020485141192587 0.052000420691397944
6 0.2633622225529069 0.6870607646479834 0.06694345909205772 0.04722199247815269
0 0.43594689403572773 0.3089177296125359 0.06069345909205772 0.04704013605166191
7 0.5443337070469937 0.23238867036219357 0.08150606426490725 0.06481866943775669
1 0.4594990881505977 0.5993919654267709 0.06707985141192588 0.051909492478152686
10 0.8684649111909934 0.6015428694916285 0.1079321719450391 0.06090405925034226