9 0.8798485220591974 0.6540315441199491 0.06735112646343282 0.02890679734245403
9 0.7884013654433393 0.6599991861075405 0.05796703610435365 0.02723520934118149
9 0.6887831605246831 0.593210580760632 0.048582945745273956 0.02556362133990877
9 0.39076329616149846 0.6522470367202249 0.048601126463433175 0.028688621339908772
9 0.2856717960633026 0.5861760467059073 0.048592036104353475 0.02712612133990877
9 0.1860485250842596 0.6545527820257716 0.057985216822512745 0.03036020934118149
3 0.8736722866935288 0.3726906374522218 0.0626908975406721 0.03353975334181776
3 0.5722274404807166 0.4832532307447237 0.04545794574527377 0.025527258672817865
3 0.3806762656162898 0.371641926718634 0.04862839754067192 0.03337612133990877
3 0.2736586511549093 0.368052755370771 0.05175339754067192 0.03341248400699968
3 0.16120410295030735 0.358931199355499 0.05489657825883123 0.03657384667409058
11 0.8888417269778536 0.7197656321212216 0.08774543969514995 0.043205654678545
11 0.5036900221573933 0.7145026834022696 0.054932939695149584 0.04282384667409058
5 0.15456828357027072 0.2908806333545445 0.07684430113146812 0.049328385343726744
5 0.5630984010567135 0.30657255207667833 0.06121930113146803 0.049146572008272396
8 0.6756887837666625 0.42664069875872296 0.07365566861791084 0.03835452267663584
2 0.37101946448482165 0.4199703387173613 0.0658886204133089 0.046076116008908666
6 0.277687100121637 0.4813885493714073 0.05800339754067192 0.03348520934118149
6 0.27904000098195864 0.6517283213717254 0.06116475897699045 0.039771572008272214
0 0.6753524404807166 0.48445319875872295 0.0642443071815924 0.031995434675363296
0 0.6804984827333902 0.5399855834261321 0.06736930718159222 0.032031797342454205
7 0.27320309143923416 0.7149459367043164 0.07844316256778665 0.055596566677272106
1 0.38425578357027074 0.2935532893857249 0.0644170240041051 0.0616829346753633
4 0.8725365126894236 0.43361904678544905 0.10025453005422946 0.04491360534690845
10 0.7879882749860638 0.5967088454407679 0.09240566861791066 0.03857269867918127