9 0.13828125 0.41261732343610724 0.0640625 0.03155152837152997
9 0.228125 0.4121065095669114 0.0546875 0.028153743731793846
9 0.32265625 0.48048208801758363 0.0484375 0.027971887305303155
9 0.61171875 0.4388929477427796 0.04375 0.027835494985435007
9 0.7109375 0.5081861685133199 0.04375 0.026272994985435005
9 0.8125 0.4494225854437942 0.0546875 0.029716243731793844
3 0.8203125 0.7363686559769076 0.0578125 0.03918217194503928
3 0.7125 0.7215128826199425 0.0515625 0.03900031551854859
3 0.60703125 0.7137565554229116 0.0484375 0.03578438730530316
3 0.42890625 0.591386147267926 0.0453125 0.031005959092057722
3 0.1296875 0.6858047708496825 0.0609375 0.037710600158284535
11 0.13671875 0.3516343593294846 0.0828125 0.039909597651002035
11 0.5078125 0.3749320846523714 0.0578125 0.03918217194503919
5 0.4265625 0.7670992011079919 0.059375 0.05172763605166182
5 0.8234375 0.8020845841901529 0.071875 0.0536538489046432
8 0.3234375 0.6437860700708951 0.0703125 0.042670884798020656
2 0.61796875 0.6664185541692704 0.059375 0.05485263605166182
6 0.7140625 0.6106208467265652 0.05625 0.039136707838416385
6 0.72109375 0.4467629352063673 0.0578125 0.039182171945039104
0 0.328125 0.5861099623907631 0.059375 0.03610263605166182
0 0.3265625 0.5313769982841403 0.0578125 0.03293217194503928
7 0.7296875 0.3884192377927921 0.0765625 0.049102741224511345
1 0.60078125 0.7885746989964209 0.065625 0.06909699247815251
4 0.13046875 0.6280150029029938 0.0953125 0.052773310503983595
10 0.22578125 0.4729758134069774 0.0890625 0.04165395407749273