9 0.2986725829219097 0.05179473052153473 0.04538654160312507 0.07107615909060952
9 0.2731257626334374 0.14282883360578982 0.043605836056041805 0.06167388555165916
9 0.31896297986402755 0.2537021038983293 0.038772865691319505 0.0553420649348082
9 0.18728952688239536 0.5426027370143565 0.04175239532659725 0.04914661201270896
9 0.23218183995267302 0.6605208940763712 0.04193423328249999 0.05695911201270896
9 0.13641343864215213 0.7488760564133916 0.04669446846486114 0.06016593262956001
3 0.5800303792746874 0.1093582199715232 0.034267203647222286 0.06307274431795715
3 0.40720524943131914 0.38804410186973437 0.032341027735416715 0.047420470779006775
3 0.4711729111910759 0.5923128161559195 0.030814895326597203 0.0489556972400564
3 0.4476243487863883 0.698149758931749 0.03237739532659738 0.04898297077900686
3 0.43174281601697845 0.8101003340128269 0.03412173328249999 0.05682274431795733
11 0.14959211797243022 0.4175305990270653 0.059303571238402866 0.06507162094116267
11 0.23419250883371526 0.03961983319875273 0.0628649823325695 0.07923966639750546
5 0.5734835596518052 0.424188333202048 0.04676720364722229 0.06329093262955983
5 0.49387914010517286 0.8246343924548132 0.0470945119678472 0.07735343262955965
8 0.4843327535153817 0.29532872200011806 0.040699041603125076 0.0709943384737585
2 0.4203916611910759 0.5931992061718054 0.04524107123840278 0.06482615909060954
6 0.3402664436761452 0.6805003831193225 0.03884560087368065 0.0584670649348082
6 0.1588898103173953 0.6555527504070371 0.0609751740119445 0.06978639448011296
0 0.4283373266536456 0.2853730694023303 0.04226154160312508 0.07102161201270878
0 0.37321406876986085 0.2714975300350674 0.04382404160312507 0.07104888555165925
7 0.09106653068211752 0.6504891493513769 0.08165134992375007 0.08576595048646744
1 0.5420848232351732 0.598884370133679 0.054761541603125075 0.07123980032431163
4 0.5201650700041318 0.09790825122111128 0.05250936379145834 0.10868525324641087
10 0.33537118949517347 0.15267539204777622 0.06639002583555564 0.10111821509696392