9 0.8597310866466465 0.4640625 0.06108294574527377 0.025
9 0.7722129059284872 0.4609375 0.054842036104353654 0.0265625
9 0.6803935654712118 0.52421875 0.05015453610435348 0.0265625
9 0.39652710469882324 0.47734375 0.04546703610435347 0.0265625
9 0.2992526497801672 0.54296875 0.04546703610435347 0.0265625
9 0.20124642095560188 0.4828125 0.05172612646343309 0.028125
3 0.8714645139469601 0.73515625 0.05803975897699054 0.0390625
3 0.5763423906067849 0.63359375 0.04549430718159222 0.03125
3 0.39966678199913686 0.7484375 0.045530668617910844 0.0375
3 0.29578780307637575 0.753125 0.04552157825883123 0.0359375
3 0.19039177594901266 0.765625 0.054923849336070064 0.040625
11 0.8609663337197802 0.4078125 0.07989657825883115 0.0359375
11 0.500887351771957 0.42109375 0.0517443071815924 0.03125
5 0.5796951704646226 0.80703125 0.05655907220870695 0.053125
5 0.19077357103035664 0.83125 0.07376475292686627 0.05625
8 0.6797946435336513 0.68984375 0.06901362041330898 0.0453125
2 0.38847475194490755 0.7046875 0.05813066256778665 0.0546875
6 0.29281681829988215 0.6453125 0.054923849336070064 0.040625
6 0.2895231257760621 0.48203125 0.059574987899751616 0.034375
0 0.6763333002477053 0.63203125 0.05959316861791084 0.0375
0 0.6767872973208391 0.57578125 0.06269998789975162 0.034375
7 0.2837543939264347 0.43046875 0.07365566861791084 0.0375
1 0.40714345959403814 0.825 0.06604315651766246 0.071875
4 0.868012261020094 0.67890625 0.09876475292686634 0.05625
10 0.7749066347530524 0.52109375 0.08928975897699054 0.0390625