9 0.08316546136156372 0.34615371608726925 0.06902271077238853 0.05007708271265772
9 0.17239158782499686 0.3221768686923031 0.0627636204133089 0.048223484284234355
9 0.28151205777076754 0.3710210911897131 0.05335225897699045 0.04153683664159917
9 0.5573210997288535 0.24476692204034403 0.050254530054229286 0.04607878742738745
9 0.6734864552132437 0.2915948802697304 0.05178066861791084 0.03990156203449331
9 0.75686255747618 0.19857693444634084 0.06120112041330898 0.04815070967712849
3 0.8278507265850701 0.4886797036767632 0.05802157825883114 0.038630160462916764
3 0.7191433470965749 0.5031531184829061 0.04863748789975162 0.03663101282028158
3 0.6174308561717612 0.5242040190210254 0.053334078258831144 0.038411836641599174
3 0.4169814042781672 0.4578212320079227 0.05019998789975162 0.036703787427387446
3 0.15110589852263062 0.6228296861034799 0.06428066861791085 0.04048375889134022
11 0.06634157572474843 0.2828531954091048 0.08787270472226434 0.06813787799792799
11 0.4364273376286051 0.20475188998964006 0.0628545240041051 0.06384848428423426
5 0.845464952580965 0.5504541116584806 0.08154998184962743 0.05534677956950453
5 0.4566564617543472 0.6229946217926751 0.06277271077238851 0.049785984284234176
8 0.3298035911446465 0.5326884913135477 0.07369203005422928 0.0471704065339754
2 0.6146058380213886 0.4724959698068137 0.0690227107723885 0.05007708271265763
6 0.6978774011549091 0.3974467739834241 0.05960225897699054 0.04182793507002254
6 0.6668779069104458 0.21861114453775404 0.06909543364502539 0.06257708271265772
0 0.3168314133533535 0.47894490715314786 0.06429884933607007 0.043608758891340214
0 0.30152912110068 0.42274841108208927 0.06744203005422929 0.046879308105551944
7 0.6610097019917898 0.1526950461093306 0.09423178903121965 0.08717897642635145
1 0.6264013351927182 0.5941719166636605 0.07221134328594588 0.06116013192686935
4 0.1397234918085765 0.564471376550186 0.098746572208707 0.05770980024766903
10 0.18532285900043158 0.38295170285270286 0.09727497579950314 0.07326202564056317