9 0.21480411635690957 0.17589622492717535 0.046949041603125075 0.07163095909205777
9 0.2266845608860762 0.27005540188677946 0.04200696846486114 0.06055706677218975
9 0.24950250541524274 0.36453282759274236 0.043533100873680654 0.05904003087881238
9 0.2705215606017357 0.46912103919208265 0.040226262917777866 0.051136602665567035
9 0.28712587272208284 0.5618541084715548 0.04178876291777787 0.05118206677218975
9 0.30585572929534666 0.664030373910961 0.040226262917777866 0.051136602665567035
9 0.3239861738245132 0.7583714072970558 0.0418978656913195 0.05586956677218975
9 0.34084440587274234 0.8737834586298394 0.043605836056041715 0.062165030878812644
3 0.6337417271111452 0.8182000145149694 0.04197060087368065 0.058994566772189574
3 0.6041652895158327 0.7117992503292043 0.038700130508958354 0.05265363855894449
3 0.5816746533072912 0.6032593246232414 0.03713763050895835 0.05260817445232178
3 0.5668328629384372 0.501977969450392 0.038591027735416714 0.04796613855894431
3 0.5391455804533678 0.41517665142456106 0.03713763050895835 0.0526081744523216
3 0.5287367169462497 0.32496918857157964 0.0403353656913195 0.05582410266556703
3 0.5092074265773956 0.2235514410788621 0.043605836056041625 0.06216503087881238
3 0.4864985848217708 0.1243865153728992 0.04055357123840277 0.06519910266556703
11 0.14888817562746512 0.18648673244902275 0.06457295269729176 0.09088106426490725
11 0.2784710392314923 0.9001126264182435 0.07085932028847228 0.09262542069139812
5 0.553050305186493 0.12006873990436313 0.061447952697291794 0.0907901360516619
5 0.7004571016361799 0.8068509890464334 0.06122974715020853 0.08141513605166181
8 0.15918793636104142 0.2813816953020042 0.07078658510611122 0.08950042069139794
8 0.2541269622935063 0.8040272366056579 0.06896951196784729 0.07851745658477541
2 0.5696546173068402 0.2128018091838353 0.061157011967847195 0.07829013605166182
2 0.677221583018819 0.6967258312871591 0.06264677678548622 0.07521060015828454
6 0.18280531468579828 0.3751006030612784 0.05944904160312507 0.0719946719450392
6 0.23269033301881886 0.6837912929530063 0.057813806420763926 0.06882420783841656
0 0.6489530722852426 0.6013080312080168 0.049892203647222286 0.06390938730530316
0 0.5823344956315969 0.3062024681967508 0.05152743882958326 0.06707985141192578
1 0.6037717781166664 0.392821929796091 0.0675524823325695 0.0847219924781526
4 0.6301868481207983 0.5006942657686106 0.06420927678548623 0.07525606426490725
10 0.21148943987642316 0.587015581353666 0.07365701196784728 0.07865384890464337
7 0.19995448746347183 0.478012654394062 0.0738024823325695 0.0849038489046432