9 0.709375 0.14609375 0.03203125 0.0625
9 0.71171875 0.2375 0.03125 0.05234375
9 0.7015625 0.328125 0.0296875 0.0515625
9 0.696875 0.42890625 0.0296875 0.04140625
9 0.69375 0.51875 0.0296875 0.04375
9 0.68984375 0.61796875 0.02890625 0.04140625
9 0.68515625 0.709375 0.03125 0.04609375
9 0.68515625 0.81796875 0.02890625 0.053125
3 0.4046875 0.76875 0.0296875 0.053125
3 0.41640625 0.66875 0.02734375 0.04375
3 0.421875 0.565625 0.02578125 0.04140625
3 0.42265625 0.46953125 0.02421875 0.04140625
3 0.4359375 0.3828125 0.02578125 0.04921875
3 0.43359375 0.29765625 0.025 0.046875
3 0.4375 0.203125 0.025 0.05234375
3 0.44453125 0.10390625 0.0234375 0.059375
11 0.77265625 0.15390625 0.0453125 0.07734375
11 0.7484375 0.8421875 0.04765625 0.07421875
5 0.33984375 0.7609375 0.04140625 0.06328125
5 0.38125 0.10078125 0.0359375 0.07890625
8 0.75859375 0.74765625 0.0546875 0.06171875
8 0.7765625 0.246875 0.05390625 0.07265625
2 0.378125 0.18828125 0.04375 0.075
2 0.34609375 0.65625 0.0484375 0.06171875
6 0.76640625 0.3359375 0.0453125 0.059375
6 0.7625 0.6375 0.0453125 0.059375
0 0.359375 0.565625 0.0359375 0.05
0 0.38046875 0.27890625 0.034375 0.06328125
1 0.371875 0.3625 0.04609375 0.078125
4 0.3625 0.46953125 0.04375 0.06015625
10 0.76875 0.54140625 0.06015625 0.06484375
7 0.76484375 0.43671875 0.0578125 0.07265625