9 0.8611647443973262 0.49568243387647043 0.06787848423243048 0.03242518083635879
9 0.7725022879003122 0.47486591509339016 0.055305749050069505 0.028790844866803767
9 0.6619817087781246 0.5196279753597828 0.05218074905006951 0.028663510874414832
9 0.38999956563572885 0.4123606675276671 0.049019381458888935 0.026973676882026253
9 0.27322898651354127 0.456868059809282 0.049092116641249996 0.030098676882026255
9 0.19067236607256915 0.3753050420147849 0.055342116641249994 0.030353344866803765
3 0.09973301586447862 0.6538982742202878 0.06181032218833336 0.039983012851581276
3 0.21132447929534667 0.6639192144481868 0.052362587005972204 0.03647601087441501
3 0.31960910477031196 0.6816253206836971 0.04771145459715278 0.0378475098858317
3 0.5294218222852425 0.604155531177551 0.04600348423243048 0.031533842889637495
3 0.7962066659407286 0.7667324215191809 0.05864895459715278 0.03829317885919252
11 0.879716029066597 0.4377890208346088 0.08844555737069441 0.044190351786885886
11 0.5081871743931942 0.3741669422422464 0.06028418977951393 0.041481845855386903
5 0.48001796827742993 0.7780904382879137 0.05745013050895835 0.053854511862998146
5 0.08023682703489524 0.7187911037640523 0.07936149810013893 0.05630834980971962
8 0.6160301630909369 0.6796277164625341 0.07133079255305556 0.046615014828747546
2 0.32073650009690924 0.633187820683697 0.06046602773541672 0.049294345855386903
6 0.24043271067798563 0.5556265533834914 0.06177395459715278 0.03842051285158128
6 0.28097005775194417 0.39306022779405964 0.060247822188333446 0.0399193458553869
0 0.6290763301690273 0.6230739689339921 0.06021145459715278 0.0383568458553869
0 0.6451929458603468 0.5689913053978388 0.05861258700597229 0.036730678859192525
7 0.28780259242121503 0.33468931228073995 0.07928876291777787 0.053183349809719616
1 0.30454584280246466 0.7576466512160447 0.0719126740119445 0.07161501482874755
4 0.8077267006099994 0.7085525069944444 0.09814786569131968 0.058634853764052156
10 0.7586021356398607 0.534512829123835 0.09157055737069442 0.04431768577927464