9 0.12688178259467203 0.2851613160603869 0.0715854949854351 0.04415906615858276
9 0.2233021415284452 0.30134991832332325 0.06363660266556703 0.0394261143631847
9 0.31699230555592567 0.3308061350476401 0.06524456677218975 0.040997704722264314
9 0.4225148798499627 0.3564242794650541 0.0494831744523216 0.036219301131468117
9 0.5179721323572453 0.3788583365484506 0.05426160266556703 0.03937157220870695
9 0.621196420757905 0.4029003454272452 0.05269910266556703 0.03936248184962743
9 0.7142644591585647 0.4268832669720222 0.05743206677218975 0.04095225292686635
9 0.830011479612536 0.45021674872345374 0.06055706677218993 0.040970433645025395
3 0.7603448711409811 0.7498622247193486 0.06859688730530315 0.04882838544042371
3 0.6512342955933027 0.7132838544042357 0.056005959092057724 0.04563066256778665
3 0.5441946854058883 0.6860941196277419 0.05913095909205772 0.04564884328594587
3 0.4393624328986059 0.6636055203898679 0.05118206677218975 0.04091589149054773
3 0.34810694708437084 0.6310379392041703 0.051136602665567035 0.03935339149054791
3 0.257178070203909 0.6140999031980128 0.057477530878812376 0.04251475292686635
3 0.15549354974993787 0.5908482346782977 0.06703438730530312 0.04881929508134384
3 0.053186903669146135 0.562123270979043 0.06533549498543507 0.044122704722264317
11 0.14131400712613598 0.2188277889330239 0.09391513605166191 0.05991133118569749
11 0.860713561824132 0.3886661703664267 0.09253449247815268 0.06615224082661789
5 0.04324674858175657 0.6315908884654856 0.08649349716351314 0.06615224082661797
5 0.7465802363429604 0.8201065470262515 0.08632995658477541 0.06767837939029953
8 0.23851561605990917 0.23502093637549998 0.09262542069139794 0.06927724082661779
8 0.76465691574334 0.3599775681034904 0.08003449247815268 0.0660795179539809
2 0.63414007231548 0.7905412459929793 0.0833413489046432 0.07234769867214012
2 0.13331702137840795 0.6547925600102626 0.08490384890464334 0.07235678903121964
6 0.33220578008738955 0.26447715309981684 0.07971624373179384 0.0551420179539809
6 0.6459440196625483 0.3311571556338996 0.07498327962517112 0.05355224687674198
0 0.23359816620555846 0.6725663881708981 0.0766821719450392 0.05824883723582168
0 0.535921532661179 0.7555890081914235 0.06735263605166182 0.059756795081343836
7 0.4354300684880494 0.28851916197861144 0.0894549565847754 0.06769656010845856
10 0.5474526953685113 0.3055799178323439 0.07690949247815268 0.06606133723582168
4 0.4318705301538966 0.7331049541330892 0.08177884890464338 0.07233860831306042
1 0.32032527639297287 0.6996379482793567 0.09129024122451135 0.07708065046753809