9 0.10622467153061291 0.8037415233131828 0.05360303482570909 0.06933180267345414
9 0.12532323157109265 0.7074841413112738 0.05015048620519007 0.0630454400063634
9 0.15585393656861826 0.6165591493077739 0.05171298620519007 0.06306362133990877
9 0.18399662596231164 0.5116080199713651 0.049659163274411534 0.05367044000636341
9 0.20922235527009675 0.4176216626352741 0.049659163274411534 0.05367044000636341
9 0.2356797139310955 0.31503246463241064 0.05130355042954129 0.05525112133990877
9 0.2616866932388806 0.22103701662954717 0.0530298247398008 0.058394302673454225
9 0.2871547619857876 0.1075284999602291 0.05171298620519007 0.06306362133990877
3 0.37708604817029306 0.8646131992759571 0.03921298620519007 0.06291817067154497
3 0.4072858825210323 0.7651035479392301 0.03732293758467105 0.056649989337999786
3 0.4341969425615121 0.6687552592695939 0.03880355042954129 0.05510567067154533
3 0.45284512324877824 0.5810916272676848 0.03691350180902227 0.048837489337999786
3 0.48551486035847946 0.4940456132638668 0.03362472749876275 0.04567612667090888
3 0.5118903318643484 0.39301891526100335 0.03707727611928178 0.05196248933799978
3 0.5399920776804769 0.2888490359245944 0.03707727611928178 0.05196248933799978
3 0.5759063234966054 0.18458824992045822 0.040693599050060314 0.06137385200509069
11 0.04076012381460506 0.7865454799888641 0.0750619549975256 0.09144316000954493
11 0.2277731179332529 0.07855007196850146 0.07974945499752559 0.09149770401018134
5 0.6352437019453079 0.1995132685789586 0.049161196291098365 0.07396475867281786
5 0.43905378166194975 0.8740421959341393 0.05598440637700648 0.08497498400699968
8 0.19563896935816244 0.17027449530554675 0.08410940637700656 0.08530224801081765
8 0.059817740277519925 0.6910693479869552 0.0827106806872661 0.08840906667727229
2 0.46329354308191045 0.7839711792648213 0.058781857756487456 0.07876134667409077
2 0.6045934882413551 0.3076166699156857 0.054919873360319824 0.06466248400699967
6 0.08870405811991577 0.6017250373170008 0.07251680913596861 0.07267497867599956
6 0.16293493272343101 0.2877710779758193 0.07448874491161739 0.08050566000954502
0 0.48309146596726044 0.6892672065961396 0.04718926051544958 0.06613407733927232
0 0.5701155896662645 0.3993683652530492 0.04381859905006032 0.06141021467218159
7 0.11306332824630379 0.4944756113144554 0.08920634215265535 0.0931692920114541
10 0.13355729195025665 0.3864903886457737 0.0886331320667471 0.082231792011454
4 0.543122642470655 0.4972791539226854 0.050478034825709096 0.06929544000636341
1 0.5093064851891372 0.6062001679265034 0.0574650192218769 0.08343066534054522