9 0.7033829164274034 0.11208292514865752 0.03515873920022692 0.0689071302577248
9 0.703960780585221 0.20719070726083313 0.03494048439090349 0.06265713025772479
9 0.6287846765942042 0.3054887663968017 0.028472229581580067 0.056079581637205764
9 0.6759572546396875 0.6071464416570009 0.03450397477225664 0.050157130257724704
9 0.6005356139881817 0.7124757507929695 0.03137897477225664 0.04999335594746519
9 0.6670013729738564 0.8189470788121307 0.03472222958158007 0.0564071302577247
3 0.36889125518784155 0.8252125254419133 0.03321429328391083 0.057887743102595125
3 0.3852652780533323 0.7136199282008752 0.03148810217691818 0.05311835594746519
3 0.39374495536532683 0.604780516735486 0.028199411069925694 0.048267081637205854
3 0.5117658129845406 0.4184568351437088 0.02970734736759475 0.04678646879233561
3 0.4195535534507118 0.11136138738227237 0.03187004809323426 0.06405585594746528
11 0.7705704164274033 0.1085617774780782 0.0498760036281972 0.08839411465389255
11 0.7460465545470202 0.49819748756398646 0.04878472958157989 0.057144114653892505
5 0.338601131496195 0.4197338093631112 0.044206356986241604 0.06002345318850324
5 0.3024850051878416 0.8286927295349278 0.047876994009550165 0.07581222749876275
8 0.4624329902965352 0.3126472484181203 0.036830366604888455 0.07211401741285446
2 0.44088285019318363 0.6171267085040286 0.04431548439090349 0.06314845318850323
6 0.4951759913928434 0.7148781337642278 0.03488592068857237 0.0610946302577247
6 0.6695212269648732 0.7244567723896955 0.04598711179556503 0.06635534034363318
0 0.5184920173383771 0.3151680608334492 0.03187004809323426 0.06405585594746528
0 0.5755505491895426 0.3113979296712133 0.03343254809323426 0.06413774310259504
7 0.734682435495061 0.734298761874246 0.06550100362819719 0.08921298620519007
1 0.31907233757931197 0.599336100181714 0.05708830290255769 0.07161605042954129
4 0.4810540486413884 0.11437684475464716 0.041155768056167295 0.10665279172311407
10 0.6401438172457099 0.20351683062115294 0.04702382213985139 0.096042840343633