9 0.6859267913036536 0.09908600724064062 0.036284492478152686 0.06602498933799979
9 0.6988336197543259 0.19349907857259524 0.036148100158284534 0.06133748933799978
9 0.7016523943649322 0.29037407857259523 0.0360571719450391 0.05821248933799979
9 0.7102581677218971 0.39812294390518616 0.032568459092057724 0.04567612667090888
9 0.7185002282258807 0.4933718092377771 0.03578438730530316 0.048837489337999786
9 0.728623037476223 0.5995399932368226 0.03734688730530315 0.04885567067154532
9 0.7353025979802065 0.694807039902959 0.03900031551854841 0.05199885200509069
9 0.7512124059769076 0.8118490892345955 0.03605717194503928 0.05821248933799979
3 0.4041228618367671 0.1101802379455934 0.03146060015828454 0.06128294533736343
3 0.40946724287386405 0.21327796594527526 0.0344946719450391 0.05819430800445433
3 0.41864967775102696 0.3139864906110935 0.029716243731793844 0.055014764003817974
3 0.4313973818285198 0.40293081194304803 0.031096887305303154 0.04878294533736351
3 0.42948319233250326 0.4982978559436845 0.02944345909205772 0.04563976400381797
3 0.4418360913162889 0.6005325179424117 0.032659387305303156 0.04880112667090888
3 0.4489702928864993 0.7114245646085481 0.03426735141192587 0.05038180800445424
3 0.45070394061664365 0.8247239959420936 0.0344946719450391 0.05819430800445424
11 0.751438131037097 0.09441614123173195 0.053972097651002214 0.08341248400699967
11 0.8195676008832002 0.8243394512253687 0.057142561757624576 0.08501134667409076
5 0.3379666644231918 0.1195466946212748 0.04763116943775678 0.08021475867281791
5 0.38197667266995505 0.8263052246180932 0.050574313011266005 0.07400112133990859
8 0.7699501018076372 0.1934530778962775 0.06321070533113407 0.07883407200827235
8 0.8174391480593488 0.7243303605585959 0.06137542069139812 0.06944089067472703
2 0.3747742749398106 0.7130694279519567 0.05498902837152997 0.06468066534054503
2 0.34616326082055265 0.21323305995386574 0.05209134890464338 0.07245680267345422
6 0.7695302161516867 0.2864581905633684 0.05204588479802066 0.07089430267345423
6 0.8061031797960909 0.603327517226323 0.05200042069139812 0.06933180267345414
0 0.35987407132453625 0.3084182906190477 0.04248902837152997 0.0645352146721816
0 0.3757935541692704 0.6138052246180932 0.043960600158284534 0.06142839600572714
7 0.781215525402029 0.3926081932288684 0.06477320533113406 0.07885225334181775
1 0.3624427933487177 0.39669954061904766 0.055398205331134064 0.07874316534054504
4 0.3673469051854848 0.5115251092855022 0.051909492478152595 0.06620680267345413
10 0.8000230128656167 0.501801379893414 0.06610838479802084 0.0710579346753633