9 0.8734094973139129 0.40550831226675044 0.06991439371369382 0.027400802902557687
9 0.7802053068672068 0.3970633844066018 0.05741439371369381 0.026964293283910833
9 0.6680648717971842 0.4602578435697617 0.051164393713693815 0.026746038474587407
9 0.38040651406313586 0.3899652240544663 0.04952911910658795 0.025128974772256552
9 0.2612348289931133 0.45340521987811505 0.04803939371369372 0.026636911069925696
9 0.17175926013419446 0.381651760166801 0.055924668320799585 0.028472229581579977
3 0.09067181017697568 0.6824354993670279 0.06410104135632885 0.03655754809323426
3 0.20715083478408153 0.676808003543379 0.05152826674922295 0.03455853847458741
3 0.319396123659211 0.6783481669755574 0.04847604135632881 0.0360119110699257
3 0.5336106350317505 0.5671303808632228 0.04818494292790554 0.029761911069925696
3 0.8186491069099879 0.6936730003785182 0.06097604135632899 0.03644842068857255
11 0.889601731598147 0.3425445207969382 0.09237159057054072 0.040664694735189674
11 0.501630850704735 0.3326933826773213 0.06112159057054054 0.039573420688572544
5 0.4906482313932594 0.7527057823145016 0.05857878742738727 0.051964293283910834
5 0.07337084016076502 0.7524578226880055 0.08045378742738743 0.05272818511654283
8 0.6273199396226458 0.6317161813187097 0.07064213978475245 0.04302580290255768
2 0.3186362983901514 0.6276760443802191 0.05992296360606986 0.0473313569862416
6 0.23128615570991498 0.5605282391154087 0.06395549214211718 0.03343254809323426
6 0.2658902497951122 0.3869444061757842 0.060976041356328815 0.03644842068857255
0 0.6379342619962213 0.5712871128070554 0.06090326674922295 0.03488592068857255
0 0.652345672459138 0.513065385039574 0.05926799214211727 0.0332688569862416
7 0.27029095947224063 0.32595234247345334 0.08030823821317572 0.049603185116542825
1 0.30783573139325937 0.7590897354872117 0.07180653349844598 0.06802580290255769
4 0.8284821792835636 0.6332712137180293 0.09920378742738763 0.0533829495445131
10 0.7686641852794196 0.4606447347694216 0.09386131596343468 0.039156758437520624