9 0.193226076578015 0.03882443094019155 0.0677896778706093 0.05541667549789594
9 0.2845912228139627 0.13902781678237375 0.061412343878220546 0.05207342068857255
9 0.40313031718647474 0.09074906260602252 0.05835101087441501 0.053526793283910835
9 0.6003435568063515 0.14692468465320663 0.055098676882026076 0.05029266587924912
9 0.7840116081754955 0.3051166744864056 0.0659088428896375 0.04754961179556503
9 0.9019259614452562 0.21456857475655808 0.07254084486680376 0.05714286660488854
3 0.8389843151721275 0.5112327544308053 0.06546317391627668 0.036612111795565026
3 0.6302924060845985 0.46795643646730517 0.054462006920082295 0.03466766587924912
3 0.5575671719019292 0.39031009690425866 0.048212006920082116 0.034449411069925696
3 0.47664211855561883 0.24509431142489618 0.05640650889724856 0.04409722958157989
3 0.2600939471108002 0.2602207705032381 0.05784167490485981 0.04102679328391083
3 0.1621286323957833 0.1683928798517324 0.06753500988583175 0.049166675497895974
11 0.9148835592778095 0.14617323882170866 0.09830484882113666 0.0767658858421822
5 0.5226098986702247 0.49940235470880695 0.06884284190105419 0.04297123920022692
8 0.38239205285201877 0.15809033002921766 0.08229784684397004 0.06684524881887369
8 0.9006380340689384 0.2653771066077235 0.0998036818249421 0.0752579495445131
2 0.589908781103189 0.26860871169504863 0.06466467787060921 0.05530754809323426
2 0.29086773912558506 0.06179319418703546 0.09843218281352514 0.07989088584218221
6 0.24173924205415354 0.441870074586922 0.06259284190105419 0.04275298439090349
6 0.7239693992016972 0.10821190343501338 0.08105368182494192 0.07460318511654278
0 0.509397563232142 0.11323667621568614 0.07311384783255334 0.07120536660488849
7 0.6344585716350991 0.07770345869982376 0.08950285178688588 0.09050100362819706
1 0.4490079139932638 0.42407248329459507 0.0705963428896375 0.04771330290255769
10 0.8346032212939068 0.561150908877309 0.109913510874415 0.05532739546082901