9 0.1652743882958339 0.65625 0.05864895459715278 0.0359375
9 0.27323105223979216 0.5953125 0.046003484232430655 0.0296875
9 0.366328395229688 0.66796875 0.0476750870059723 0.034375
9 0.5532289831855908 0.67578125 0.04291485182361114 0.03125
9 0.7528821846486116 0.59375 0.05537848423243048 0.0296875
9 0.8406023498268409 0.70390625 0.06646145459715277 0.0359375
3 0.8655607565526046 0.43359375 0.05853985182361114 0.03125
3 0.6659055954584379 0.41484375 0.047529616641250175 0.028125
3 0.5779886745806253 0.4640625 0.042769381458888846 0.025
3 0.47088664902941024 0.56171875 0.04589438145888884 0.025
3 0.2824768060395143 0.4890625 0.04912848423243057 0.0296875
3 0.17188545136611158 0.5375 0.05694098423243057 0.0296875
11 0.13700522435187562 0.7171875 0.08724673328250003 0.05625
11 0.8397314872696533 0.7671875 0.08241376291777769 0.05
5 0.578477024220035 0.35078125 0.05723192496187508 0.0421875
8 0.3679805077868755 0.6046875 0.06653418977951393 0.0390625
8 0.8504851896826047 0.65859375 0.0823046601442364 0.0453125
2 0.5742298545764936 0.57109375 0.060175087005972294 0.034375
2 0.256753373478195 0.659375 0.08230466014423614 0.0453125
6 0.6539933558107645 0.7421875 0.06667966014423606 0.0453125
6 0.30278603998760445 0.32109375 0.06348192496187507 0.0421875
0 0.4641482993900006 0.675 0.05723192496187508 0.0421875
7 0.5665479071975353 0.74453125 0.07794446846486114 0.059375
1 0.487398735751042 0.3984375 0.0636273953265972 0.0484375
10 0.8761521112260073 0.38515625 0.10127286569131969 0.0546875