9 0.1676636381196169 0.38484385942305543 0.057395837748947985 0.03412173328249999
9 0.27016859002638266 0.44490723081395805 0.05103671034428618 0.030851262917777688
9 0.3750768340359329 0.3690876535916316 0.047911710344286276 0.030778527735416717
9 0.5666467751429254 0.3599451236720134 0.052599210344286364 0.030887630508958354
9 0.7636730533658939 0.44044632200090206 0.05734127404661713 0.03255923328249999
9 0.8620237625290537 0.3288710827344784 0.06827877404661713 0.032813806420763925
3 0.8623312642583343 0.6106659433918049 0.06219246515360979 0.037355836056041626
3 0.6531373135326948 0.6327085168144092 0.0527083377489479 0.03401263050895835
3 0.5675197612631093 0.5808388519205203 0.044786710344286364 0.030705792553055566
3 0.4657340611704421 0.4778249143252079 0.046294646641955414 0.02917966014423623
3 0.2631695671608919 0.5559174659963192 0.05259921034428618 0.030887630508958354
3 0.15796620118897559 0.5060648959921874 0.054161710344286275 0.030923998100139016
11 0.8689483743246189 0.26469947996093673 0.08601191106992587 0.04883884992375007
11 0.14643596806401654 0.32210812329076377 0.08784722958157998 0.056687717514930645
5 0.5515723243324681 0.7022053588543745 0.06279266587924895 0.05454333605604163
8 0.3673709722403678 0.4332774401607636 0.06704365626060227 0.04215243882958344
8 0.8728595696079626 0.37623639200503395 0.09226191106992551 0.048984320288472286
2 0.5745187841286001 0.46982861673815923 0.06391865626060227 0.042079703647222286
2 0.25996026552427864 0.37957317154340253 0.08584821996293313 0.04415134992375007
6 0.2615276776905126 0.7370583632227776 0.07216766587924912 0.054761541603124894
6 0.6798759506408214 0.2917380246981939 0.07016865626060209 0.0422251740119445
0 0.47448655699409087 0.36130956155166627 0.06380952885594056 0.03895470364722229
7 0.5877702961943176 0.2915399625778467 0.08315972958157988 0.05657861474138901
1 0.46743542650938624 0.6526430763693052 0.07076885698624161 0.05941267401194459
10 0.8689880028255889 0.6659346716403117 0.11015873920022692 0.06969686379145834