9 0.48588837272382673 0.1359375 0.03784699247815269 0.065625
9 0.4615128468595793 0.221875 0.03288670783841656 0.05625
9 0.5022167517158597 0.3265625 0.032704851411925875 0.05
9 0.38738840743006986 0.59453125 0.032568459092057724 0.0453125
9 0.42795591996648213 0.70390625 0.031005959092057722 0.0453125
9 0.34500937615554605 0.7890625 0.03444920783841656 0.05625
3 0.6172959016240821 0.85546875 0.043960600158284534 0.0609375
3 0.630520978821113 0.75 0.04377874373179384 0.0546875
3 0.6515130919115213 0.64609375 0.038954851411925874 0.05
3 0.5814375872926678 0.45 0.03573892319868044 0.046875
3 0.7493227354185236 0.184375 0.04244356426490725 0.0625
11 0.42848504968343093 0.121875 0.046205061757624934 0.084375
11 0.35316182310690286 0.48203125 0.043960600158284534 0.0609375
5 0.7491646448936575 0.48515625 0.05650606426490725 0.0625
5 0.6808810285045439 0.871875 0.05999477711788863 0.075
8 0.6598102913701607 0.3609375 0.048966348904643374 0.071875
2 0.6038113778048986 0.64765625 0.05802310015828453 0.0609375
6 0.5248847442605193 0.72890625 0.0423071719450391 0.0578125
6 0.3663280981797275 0.70078125 0.04239810015828453 0.0609375
0 0.6022251119032741 0.353125 0.04083560015828454 0.0609375
0 0.5510035927029442 0.34140625 0.037665136051661816 0.059375
7 0.3093877763929729 0.69765625 0.055398205331134064 0.078125
1 0.7254363252184739 0.65625 0.07396634890464338 0.071875
4 0.6949762162181937 0.17265625 0.06072220282385175 0.1
10 0.5205923301665318 0.23203125 0.04951191818411545 0.090625