9 0.37801743140501254 0.8741311556646689 0.03861151384016441 0.06708934091247087
9 0.3617292451314462 0.7806530696951138 0.03504084486680368 0.0560245069200823
9 0.4188148918616855 0.688604832546695 0.031661176882026076 0.04964717292769336
9 0.3216574130790427 0.39060373125410075 0.03303267589344294 0.04502333992388783
9 0.3777071418245045 0.2922736606075848 0.031661176882026076 0.04964717292769345
9 0.29616137007567467 0.18599714429596242 0.03829317885919252 0.059276840912470964
3 0.5852875370718691 0.19933803859192487 0.03510451186299814 0.05758700692008221
3 0.5888038093149904 0.3047749550938277 0.03153384288963732 0.04652217292769336
3 0.6001325815581119 0.41053020657670236 0.02997134288963732 0.04645850593149916
3 0.5135769521280781 0.583272686805039 0.026719008897248563 0.0432061719391104
3 0.6562379318993041 0.8878076309872707 0.03223417984777566 0.06370967292769336
11 0.31323734840120687 0.8730514753226017 0.053247016805913996 0.08172484387822081
11 0.27133110231835855 0.495406636387297 0.05072951186299814 0.05822367688202625
5 0.6492227030794803 0.1988233854358949 0.052801347832553344 0.07078734387822054
5 0.6831400356261753 0.5909618058921304 0.04773184585538672 0.06122134288963732
8 0.581060223876908 0.6889762001509118 0.03867518083635879 0.06865184091247087
2 0.5504044955885568 0.3960246961965791 0.04291701186299814 0.05790534190105419
6 0.4816133918245045 0.29650751585451185 0.035168178859192524 0.05914950692008221
6 0.3076983893530466 0.2777217292769344 0.04798651384016441 0.06747134288963733
0 0.5255278068807135 0.6851535217860109 0.038484179847775656 0.06396434091247105
0 0.47090397387690797 0.6844876769192072 0.03861151384016441 0.06708934091247105
7 0.24247263737588023 0.26570454893486717 0.06593801779449712 0.08692167984777566
1 0.6730434995428894 0.4197407218997416 0.05729784684397003 0.06629084486680377
4 0.5959861814050125 0.8830127016337865 0.04632585475263547 0.10328150889724838
10 0.4251059956257378 0.7855753330409867 0.05388368676785795 0.09734984387822046