9 0.81484375 0.1515625 0.0390625 0.06328125
9 0.70859375 0.2484375 0.03125 0.0515625
9 0.81796875 0.446875 0.0390625 0.0453125
9 0.83125 0.640625 0.0390625 0.04453125
9 0.7640625 0.7421875 0.0375 0.0484375
9 0.8390625 0.84609375 0.0390625 0.05625
3 0.53125 0.15703125 0.02109375 0.0578125
3 0.53046875 0.359375 0.0234375 0.04765625
3 0.5875 0.44140625 0.0234375 0.04140625
3 0.703125 0.54453125 0.03125 0.04453125
3 0.6484375 0.740625 0.02890625 0.04921875
3 0.7140625 0.84921875 0.03125 0.05625
11 0.8796875 0.1515625 0.05234375 0.08046875
11 0.90625 0.8671875 0.0578125 0.0828125
5 0.48046875 0.45390625 0.02890625 0.0546875
8 0.7671875 0.14765625 0.05078125 0.084375
8 0.765625 0.6484375 0.046875 0.065625
2 0.83671875 0.753125 0.0546875 0.07890625
2 0.703125 0.43515625 0.0390625 0.0546875
6 0.878125 0.33984375 0.0546875 0.06328125
6 0.47890625 0.72890625 0.034375 0.059375
0 0.83125 0.53984375 0.05234375 0.05703125
7 0.8921875 0.43046875 0.0734375 0.0703125
1 0.5359375 0.53515625 0.03203125 0.06015625
10 0.484375 0.15078125 0.034375 0.0984375