9 0.08283319054201321 0.8076426669304743 0.0713307925530556 0.04579588479802048
9 0.18646668360815905 0.8223847800208827 0.06184668977951393 0.04083560015828454
9 0.2872661174037493 0.8245359648980456 0.06191942496187508 0.043960600158284534
9 0.40278201463020763 0.832587808788124 0.05254442496187508 0.04368781551854824
9 0.505797911856666 0.8402759398252208 0.05254442496187508 0.04368781551854824
9 0.6173711914919437 0.8497766234487425 0.05254442496187508 0.04368781551854859
9 0.721168338718402 0.8574874865391507 0.057268292553055565 0.04538670783841638
9 0.8435700155801381 0.8719939189090313 0.06188305737069442 0.04239810015828453
3 0.09926350323104124 0.5047904515702104 0.06780574905006946 0.028517456584775402
3 0.20938338563986073 0.5095581710871094 0.05843074905006951 0.0282446719450391
3 0.3155424666619093 0.5165559803374518 0.055342116641249994 0.029716243731793844
3 0.4098373273192356 0.5294628087881239 0.04905574905006951 0.027971887305303155
3 0.507639047683958 0.5260543154520414 0.047493249050069505 0.02792642319868044
3 0.6176316435236454 0.5362907849689404 0.05218074905006951 0.02806281551854841
3 0.7323481069545135 0.5451011468057075 0.05218074905006951 0.02806281551854859
3 0.8488270921368745 0.5453632227490972 0.06319098423243048 0.03150606426490725
11 0.08114209755211732 0.8802989169304742 0.09044446846486118 0.061966454077492725
11 0.8559596063858326 0.9442780958686356 0.08746493882958326 0.06812552586424729
5 0.8511721485576385 0.47819845480240863 0.07743532218833309 0.03972774122451135
5 0.10787674344739547 0.4370262900500125 0.08532055737069451 0.04308006175762476
8 0.7527436874078812 0.9451837148315384 0.08139677678548622 0.07575616943775643
8 0.18397615682267285 0.8957995479675713 0.08444904160312508 0.07272209765100186
2 0.20698639067385377 0.44460076082055267 0.08074216014423614 0.04763116943775678
2 0.7317318175355899 0.4708142006457735 0.06199216014423605 0.04708560015828454
6 0.28239547302708257 0.8994450366848001 0.0686058360560418 0.06289245658477541
6 0.623183473977013 0.935941443981856 0.07805357123840295 0.06629024122451135
0 0.3082943175355899 0.45849342775102697 0.06486258700597229 0.036239028371529966
0 0.6284795309664579 0.4732823196086766 0.06170121941479181 0.03458560015828453
7 0.39934658368440895 0.9130110946815012 0.08931837955902786 0.08067098997087001
10 0.5154255253637839 0.930460670624891 0.07689111474138902 0.08343227711788863
4 0.5215573837399996 0.4654805283050229 0.06809668977951393 0.04101745658477522
1 0.40124488373999967 0.46197979209507645 0.08539329255305557 0.04620506175762475