9 0.26488485376405224 0.09535691003370383 0.053119682813525235 0.07685339149054778
9 0.24780212452429895 0.19391712988127868 0.052546679847775654 0.06279089149054777
9 0.3116974812541008 0.3045091962362532 0.044543178859192525 0.05805793969514968
9 0.20649396399107625 0.6184767683467645 0.0506021778706093 0.05340680113146803
9 0.26992640570184995 0.7368858798812787 0.04610567885919252 0.058067030054229286
9 0.17959717745067982 0.8405608466055956 0.05267401384016446 0.06591589149054791
3 0.5726628616727176 0.13107519965409878 0.03861151384016441 0.06583407825883122
3 0.42414042593062395 0.4366990066392994 0.03647601087441501 0.051762487899751616
3 0.5184819694282836 0.6424490368899204 0.03335101087441501 0.0517443071815924
3 0.507472826652377 0.7558211904807166 0.03497717787060921 0.05331589754067192
3 0.5044671848650537 0.8738353922761147 0.036921679847775654 0.06269998789975162
11 0.19262785178688593 0.08640006655136626 0.06938135277546911 0.09256929508134396
11 0.1505556872993305 0.4922097050168519 0.06829901384016442 0.06600679508134384
5 0.6040335143716371 0.45987691052468316 0.043299013840164415 0.06586134933607006
5 0.5688480198460256 0.8812751875538503 0.045370849809719616 0.07837043969514994
8 0.4965964046760858 0.3354723290443981 0.04524351581733086 0.07524543969514967
2 0.4616098869187697 0.6466870849963264 0.04805018083635879 0.06745112041330899
6 0.38846815866759954 0.7502620577707676 0.044861513840164416 0.06587043969514958
6 0.19127482368662754 0.7435949430147994 0.07193334980971958 0.07852497579950324
0 0.37086423421985026 0.31823080777076757 0.052928681824942016 0.07216589149054772
0 0.433809903193211 0.32880469340758284 0.04648768083635879 0.06744203005422929
7 0.11699240669043313 0.7424642350710812 0.09300985376405224 0.09739315046753809
1 0.5904206364244781 0.643593380372258 0.051429848821136305 0.07371930113146803
4 0.5068468606841344 0.1267694947354427 0.05608285672980173 0.11123748184962738
10 0.31446304250907653 0.19978078962039492 0.07757585475263547 0.10198974687674207