9 0.8225413998870605 0.1377338825962507 0.07800317363517095 0.05330814437666671
9 0.7273121998729432 0.15034102573864644 0.06532116311182748 0.049892203647222286
9 0.6521217550499103 0.23909309479284774 0.05705363680346807 0.0418978656913195
9 0.3318092550499103 0.23163773860083361 0.05741765785015547 0.0481478656913195
9 0.2481615681193854 0.32253353590354183 0.05870714206513998 0.043496733282500075
9 0.12332889711505027 0.26891561379145845 0.06697466837349916 0.051491071238402776
3 0.21879039946353754 0.5683902433504863 0.0646841262801244 0.03895470364722229
3 0.3215667889684287 0.5380143719595836 0.055036110495108835 0.03404899810013902
3 0.429576710043351 0.5171226033422226 0.05356461575678075 0.03557513050895835
3 0.5758007207078689 0.3754104948690977 0.050439615756780756 0.0355023953265972
3 0.908681110142173 0.42450849040378547 0.06946263154179633 0.040626306420763925
11 0.4204174577654508 0.145538544071667 0.07413472099021767 0.06726154160312507
11 0.8038754288968428 0.0717633904800354 0.09766322625188942 0.06936955547083343
5 0.23497611256124742 0.6319624340799307 0.08121917889684287 0.05494337955902786
5 0.6270355389684287 0.5451242360353824 0.0668836631118273 0.049928571238402955
8 0.6964618312029778 0.41098693179882 0.08103716837349921 0.05181837955902786
2 0.40101979956235956 0.4688662880877434 0.0778211631118273 0.05018314437666671
6 0.2152055839749881 0.25232948546670153 0.0820382262518895 0.06900587955902786
6 0.28334718117474295 0.43101883634038207 0.06826415258848365 0.04683993882958326
0 0.6633014497317686 0.29708743274875055 0.07148015785015538 0.0484751740119445
0 0.6791686444136271 0.355190873478195 0.0697356473268119 0.04531380642076392
7 0.18716461298477044 0.18614078780340293 0.10049979991529537 0.09128092306201392
1 0.4569274362952404 0.584855617209931 0.07358868942018652 0.05788654160312508
4 0.8888621628294786 0.3655328806963897 0.10796368942018689 0.05868662860909737
10 0.7489666629706531 0.21404050303722283 0.10418624203690499 0.07420252583555564