9 0.544206448425798 0.8064207333794092 0.03259560087368065 0.05853985182361114
9 0.46750043769222155 0.7137260467340274 0.03081489532659738 0.04912848423243048
9 0.5232802718484022 0.5984270486338884 0.030851262917777688 0.05069098423243048
9 0.5003733679724303 0.4084384814795482 0.030851262917777865 0.05069098423243066
9 0.38298976548322894 0.21830640359163161 0.03259560087368065 0.05853985182361114
9 0.476941746865868 0.10680389950756904 0.032777438829583436 0.06635235182361114
3 0.18880531402020823 0.1408392862847915 0.04215243882958335 0.0665705573706945
3 0.20500762300642333 0.350504573803854 0.0403353656913195 0.05559668977951393
3 0.2733926406738538 0.4316805322007289 0.038591027735416714 0.04774782218833344
3 0.3986270703853815 0.5193415735195136 0.03230466014423614 0.046039851823611144
3 0.3553634603936452 0.7342950795034372 0.03401263050895835 0.05232621941479163
3 0.4249109345580896 0.8326221703091317 0.030887630508958354 0.05225348423243048
11 0.5381338200041318 0.09444806345152733 0.04258884992375016 0.08532055737069448
11 0.6086865225139924 0.8205364783454161 0.04731271751493047 0.08699216014423605
5 0.15089939162378432 0.4610797043128123 0.06086607123840286 0.06544446846486132
8 0.4596898973233675 0.613181186076701 0.04215243882958344 0.06657055737069442
8 0.42552471723059015 0.10175403001652743 0.042661585106111136 0.08844555737069451
2 0.5338885038966313 0.7129616741088537 0.0441149823325695 0.08379442496187509
2 0.38636541935920105 0.40874956563572884 0.04836607123840277 0.06515352773541672
6 0.16742704929947855 0.757409190445104 0.0641001740119445 0.07020470364722228
6 0.5453066211065623 0.28948780651767314 0.03902743882958344 0.06649782218833336
0 0.5146521138883676 0.4994628717721524 0.04364220364722229 0.06348192496187507
7 0.5596035508180899 0.3797309468102773 0.0486570119678472 0.07765352773541671
1 0.21612304170003424 0.5438908978920484 0.07049564437666671 0.07660017401194459
10 0.13102918161138877 0.1406223871584721 0.07910823138263896 0.11115701196784729