9 0.27095670120007304 0.1571425273710892 0.05014985731976358 0.07085794000636332
9 0.2714960485950392 0.2462595713717255 0.03870293507002263 0.059793170671545236
9 0.2821188713828994 0.33705729404040724 0.0369948858558109 0.056649989337999786
9 0.2882532473139129 0.4403095633752253 0.03499573821317572 0.04725680800445424
9 0.2941521827982202 0.5318339920432708 0.03663101282028158 0.048837489337999786
9 0.29957808333633945 0.6335146707113161 0.03506851282028158 0.04881930800445424
9 0.30629465612419976 0.7242669400461342 0.039974336641599176 0.05356135200509069
9 0.30815890901968385 0.8352862560470887 0.0369948858558109 0.056649989337999786
3 0.5397452425564019 0.12587653540736024 0.037140435070022626 0.05977498933799978
3 0.5483325303980741 0.2268123267424965 0.0369948858558109 0.056649989337999786
3 0.553976754757511 0.32380550541054187 0.033578787427387444 0.05036362667090888
3 0.5538440140631359 0.41056970874440546 0.03506851282028158 0.04881930800445424
3 0.5685186360652079 0.4982878847469509 0.031725188998963996 0.044095445337363516
3 0.5718191104246447 0.595253791414678 0.031943512820281586 0.04878294533736351
3 0.5808965498378934 0.7024486734165871 0.03499573821317572 0.04725680800445442
3 0.593208151161801 0.807336168085587 0.0401198858558109 0.056686352005090514
11 0.20682142659296718 0.15795959269572593 0.057127603390822124 0.08655566534054512
11 0.24553047643086065 0.8540993433720437 0.05996150496239867 0.08034202800763594
5 0.6590514749831187 0.8034122840944956 0.051930681141081084 0.07556362133990895
5 0.6045526052528489 0.1274123107494962 0.05527400496239867 0.08028748400699967
8 0.20476231286306282 0.2525181146960441 0.06642982878371635 0.08510225334181776
8 0.23267306555365916 0.7609305987030438 0.06235875889134013 0.06475339067472685
2 0.6516093101769757 0.694673083426132 0.05596320967712849 0.06155566534054522
2 0.6081805653442622 0.2173469674172234 0.05810790653397539 0.07407384667409059
6 0.2185101356509231 0.3433522000318167 0.05327485731976358 0.07089430267345423
6 0.2263396364794926 0.6451692387014529 0.051421258891340124 0.06462612133990878
0 0.6356996739068801 0.5999054760900413 0.048005160462916766 0.05833975867281786
0 0.6101732508285694 0.3088259427514052 0.05000430810555194 0.06773294000636332
7 0.22092019809970115 0.44265276603277126 0.06628427956950463 0.08197725334181775
10 0.2190601375129499 0.5497203786998621 0.06562930810555186 0.06791475334181776
4 0.630909474154549 0.5013588880887687 0.05781680810555194 0.06782384667409058
1 0.6194518974377473 0.3949179840865415 0.05981595574818712 0.07721702800763604