9 0.8470143566248339 0.48446902887587895 0.06265713025772471 0.033167024004105095
9 0.73664010063194 0.5392787278426067 0.05163774310259513 0.03154089149054773
9 0.6339444685651928 0.4574560352205907 0.05163774310259513 0.03154089149054773
9 0.437608379126071 0.43678849033563855 0.05163774310259513 0.03154089149054791
9 0.22032238183960445 0.5081584545258726 0.06109463025772479 0.033157933645025395
9 0.12902459520487308 0.3904755299560334 0.07055151741285455 0.03477497579950315
3 0.09972435605900694 0.6808414547222643 0.06948034034363304 0.044140885440423536
3 0.315424599161602 0.713336833916172 0.06002345318850324 0.04252384328594587
3 0.4112417101974499 0.6639095265381879 0.05056656603337366 0.04090680113146803
3 0.5276712143813214 0.5607123245463981 0.0485946302577247 0.033085210772388504
3 0.7340650565339768 0.6540724808676688 0.05500840456798421 0.03624657220870695
3 0.8480146918800842 0.6078747126191002 0.056325243102595124 0.03156816256778665
11 0.129655358999683 0.3279982558537325 0.0883122274987628 0.045812469749378956
11 0.8759338947299031 0.42528038123701106 0.09168288896415219 0.05051815046753827
5 0.41483145691808954 0.7920163458200286 0.07202548620519007 0.06289997579950324
8 0.6342587290806424 0.5230628545024315 0.06948034034363318 0.044140885440423536
8 0.11289498416902514 0.44036644564707805 0.09291784034363304 0.04427724082661779
2 0.7503883401164904 0.47375372179248243 0.08831222749876275 0.045812469749379046
2 0.4129945607178483 0.5483299783335859 0.06816350180902227 0.04881929508134384
6 0.7158893458822416 0.8437526044042356 0.07366987336031983 0.06447156615858277
6 0.3276325135676673 0.3650765959182245 0.07096095318850323 0.04258747579950315
0 0.53168592774659 0.44358391188041557 0.06643722749876275 0.04568520472226432
7 0.42171006218818635 0.3718720174630016 0.08230788896415202 0.050463608313060515
1 0.5116345358417619 0.7464998336215845 0.08032930913596861 0.0723204275949012
10 0.090953543643678 0.7370232770291671 0.10886374491161735 0.08029655405833439