9 0.6871892835029552 0.8873787514321773 0.05178513192686936 0.0724386213399086
9 0.5977886433039181 0.7761225307526779 0.04331766046291676 0.0582852146721816
9 0.746365346156621 0.5902497601049952 0.047786836641598995 0.053652258672817865
9 0.7992485593484061 0.39466508744426765 0.047786836641599176 0.053652258672817865
9 0.7503637572387103 0.2862253314369497 0.04615156203449331 0.0520715773392725
9 0.8462456455757206 0.1911951894493583 0.051494033498445904 0.06618862133990877
3 0.4011811629486253 0.8520021360598153 0.034088209677128486 0.0613011266709087
3 0.4411469991759397 0.6484504220639516 0.03201628742738745 0.050345445337363515
3 0.5159158668347855 0.5703714227402694 0.03328768899896399 0.04411362667090888
3 0.6490066567433723 0.48202763275776855 0.038193512820281585 0.04885567067154532
3 0.6335765175777925 0.2762679814210414 0.033578787427387444 0.05036362667090888
3 0.7187756170396733 0.17564182009863183 0.041900709677128486 0.061392033338636146
11 0.919666028950332 0.1756343714592215 0.07467897642635143 0.09456816000954502
11 0.7532680477709788 0.8951827081078587 0.07140842721213972 0.09140679734245438
5 0.4068148486378204 0.5464333887253154 0.043390435070022625 0.0598477146721816
8 0.6370437342887435 0.8899219487587231 0.06821065260503385 0.0898079346753633
8 0.7324613196874884 0.3852895401018135 0.061232906533975395 0.0741102093411814
2 0.6291050715495151 0.5904486600890868 0.04964043507002245 0.05992044000636341
2 0.825509306452922 0.28397303544713115 0.0683562018192454 0.0929329346753632
6 0.4595760913991101 0.26955326273072433 0.04346320967712849 0.06141021467218159
6 0.7862197506236818 0.707964518777813 0.06562930810555194 0.06791475334181776
0 0.7771851606723137 0.49915259277526774 0.060796258891340216 0.06473520934118149
1 0.4815109416895604 0.46991688940163323 0.046952082712657627 0.0692590773392725
10 0.35181686373441357 0.8545544240531339 0.05814644789030421 0.10843066534054487
7 0.8187112270500332 0.6145417827816311 0.08659677956950454 0.08221361067790856