9 0.7856077928547678 0.3546991132240959 0.05287269448207592 0.025599984006999678
9 0.687350677296364 0.4268928339035954 0.0450601944820761 0.025509077339272324
9 0.5858158327688596 0.3679547332511402 0.0450601944820761 0.0255090773392725
9 0.4022254047951269 0.3849256992759572 0.0481851944820761 0.02554544000636332
9 0.21413118328925793 0.4878341653007743 0.05443519448207601 0.02561816534054522
9 0.11830410617460792 0.3944756113144554 0.06537269448207601 0.025745434675363298
3 0.12288762833716083 0.6645699353119101 0.057805855947465276 0.030342028007635947
3 0.323174233380115 0.6567739746180932 0.04834896879233552 0.028670440006363408
3 0.4044518888526104 0.5957086579408208 0.041935194482076096 0.025472714672181596
3 0.5001096268668228 0.48372573126195784 0.04333392017181659 0.02236589600572696
3 0.6959676814802356 0.5306354519016864 0.0481851944820761 0.025545440006363405
3 0.795954393375166 0.47013320922186874 0.0513101944820761 0.025581802673454314
11 0.11056020522466822 0.3336653806492735 0.08009029172311406 0.038409066677272286
11 0.8045082790599579 0.29201729988864145 0.08041784034363317 0.044659066677272284
5 0.4218706829505736 0.7102796879376392 0.05541784034363317 0.04436816534054522
8 0.5935597337187992 0.428764963916322 0.06117651741285464 0.03506589067472685
8 0.10885718509828021 0.4406511773154099 0.08625840456798431 0.03691929201145392
2 0.39591677182386864 0.4904035399427299 0.057887743102595035 0.03190452800763595
2 0.6962177442342489 0.36198544923618625 0.07836401741285463 0.035265885343726745
6 0.7008997636832683 0.7046905698997773 0.06479284034363317 0.044477253341817756
6 0.2932089309144087 0.3346631646244565 0.06430151741285454 0.035102253341817755
0 0.4902576713034703 0.3737512945974123 0.057887743102595125 0.03190452800763603
7 0.38132308457788183 0.32192625994591156 0.07581222749876275 0.04616702267663593
1 0.5022442576903744 0.6515672119271396 0.0651203889641522 0.050727253341817755
10 0.11780065864031415 0.7169409573122282 0.09974105042954129 0.05581474267981754