9 0.09546547346181214 0.37826709618439625 0.06736021682251274 0.030860262174864594
9 0.19312626864135193 0.3791904423687925 0.059565897540671965 0.03384889448011297
9 0.2922859313073344 0.39107856209213904 0.0611102168225127 0.030751168019063257
9 0.4016200246914761 0.40001895981866287 0.047038626463433174 0.028943206168510115
9 0.4984677536142373 0.40639741923358397 0.05016362646343318 0.028997753246410872
9 0.6054762777165383 0.4121719066516823 0.048601126463433175 0.028970479707460584
9 0.70231037110068 0.42089411606660326 0.05174430718159222 0.03215002678536116
9 0.8210467355620604 0.4253106550268292 0.05797612646343318 0.02913412094116268
3 0.820037184823376 0.7331367917963043 0.06274543969514959 0.043278441558013546
3 0.7037309287732516 0.7139174131445041 0.04865566861791084 0.038345479707460585
3 0.58736558538911 0.7048542844927037 0.05021816861791084 0.03837275324641087
3 0.48268717574818953 0.7014644573830309 0.045530668617910844 0.03829093262955983
3 0.3859076245185255 0.6833672479681099 0.04865566861791084 0.038345479707460585
3 0.2913763745185255 0.6817171988616142 0.04865566861791084 0.038345479707460585
3 0.1882786455957644 0.6752296452908919 0.06273634933607006 0.041715941558013725
3 0.07895364257070228 0.664726747564368 0.06427157825883119 0.037055715096963836
11 0.09585181372269588 0.31186084618439625 0.08775453005422928 0.04527731818121907
11 0.8386114854638647 0.36076691395528293 0.08465680113146803 0.04991027110331832
5 0.08713378123257967 0.7359705020285949 0.08469316256778661 0.05616027110331832
5 0.8180565283057135 0.804984518257354 0.08158634328594587 0.059230724025417555
8 0.7371171631569619 0.3472753839235108 0.06436248184962742 0.052680715096963926
8 0.1966421540817755 0.3120574894466932 0.08782725292686626 0.057777318181219076
2 0.1800752601553408 0.7422807775961401 0.0738011143631847 0.06378185633066594
2 0.7016866397420319 0.7967026396055537 0.06759656615858275 0.07148526217486459
6 0.2926631812091386 0.3262348120921391 0.07524543969514967 0.04349662986961631
6 0.6144927294137406 0.3396656611159091 0.07055793969514959 0.04341480925276535
0 0.2800752601553408 0.7440262840889619 0.06593407220870695 0.054270488635914306
0 0.5978849288714475 0.776920199265356 0.06280907220870695 0.05421594155801372
7 0.3996626149523599 0.33357179951023735 0.07998748184962742 0.05295345048646736
10 0.5129620456705192 0.33242413108413704 0.07062157220870695 0.05435230925276526
4 0.4916440192305272 0.7735030986167329 0.07225679508134383 0.06687958279171582
1 0.3721945824622437 0.7573541728870319 0.08320338544042354 0.06863299756436803