9 0.8484932737785364 0.2788471670634883 0.06417381596343504 0.037756064264907255
9 0.7590861714211715 0.29083635319429246 0.05785104135632881 0.03601170783841656
9 0.6799487890800172 0.37215220084529455 0.05145549214211727 0.032704851411925875
9 0.38330922952672336 0.3690488990502926 0.050111315963434676 0.03734688730530315
9 0.3010468471855692 0.4504556749145401 0.048330492142117085 0.032613923198680436
9 0.18699930975818171 0.40370635853806175 0.05785104135632886 0.03601170783841656
3 0.912463844290085 0.5437531015449398 0.0674443651776464 0.04097199247815268
3 0.5987972965236154 0.49420670876285333 0.05465326674922295 0.03435827962517113
3 0.44802466273471914 0.6331508514784329 0.05323631596343468 0.03743781551854859
3 0.3457365707164365 0.6541202325155298 0.053381865177646405 0.040562815518548415
3 0.2414322144301302 0.6821890597125607 0.0627568651776464 0.04083560015828454
11 0.8370249267978551 0.21737846964991303 0.08670378742738763 0.05245506175762475
11 0.47349327377853634 0.2897585526529317 0.06155823821317572 0.04860263605166182
5 0.637870566787495 0.6612661766303998 0.06966183664159917 0.05507995658477523
5 0.2538637479285762 0.7475412750728246 0.07754711124870503 0.05686977711788863
8 0.7123354117012618 0.5300185251393316 0.07711046360606985 0.04749477711788863
2 0.4231851745215434 0.5869350810244617 0.07115156203449331 0.05356292069139794
6 0.27629725020488777 0.3893734224072576 0.06468323821317572 0.04869356426490725
6 0.3197305347367911 0.549265247954936 0.05643409057054054 0.039091243731793845
0 0.6956894131490039 0.4749589520989358 0.0690068651776464 0.04101745658477522
0 0.6862202138109577 0.4228197905787379 0.0690068651776464 0.0410174565847754
1 0.47008590735803557 0.7036990321989606 0.0749315334984459 0.0677163489046432
4 0.8965263211307214 0.48710829645123255 0.10403683664159899 0.05608016693047411
10 0.7751692437947469 0.3506061582879997 0.09607878742738744 0.052727846397360875
7 0.25559945243841814 0.33130250963341845 0.08572348428423435 0.06490959765100204