9 0.9178792027861278 0.17868684536702678 0.06862817363517096 0.052707988635914305
9 0.7947532449500897 0.23831916963732577 0.06054265785015556 0.04788412094116259
9 0.7052272843420413 0.1507316205308302 0.05916216837349921 0.05098184740221225
9 0.5013588316970881 0.13309628692833567 0.05429265785015538 0.047775026785361205
9 0.26900979230513633 0.21506548701106118 0.06661064732681173 0.044868215096963926
9 0.1966027132388842 0.08867453652459385 0.07175317363517104 0.05276253571381497
3 0.13542520562872512 0.3871296274339843 0.06588260523343696 0.03236821509696401
3 0.34454260039528817 0.4220615551922803 0.05494510523343701 0.03217730032431163
3 0.44272176613795133 0.37450649106825096 0.04869510523343692 0.03206820616851021
3 0.5755636291933091 0.26890314772322854 0.05705363680346807 0.04157957386326192
3 0.7688593319088495 0.36064813716992167 0.05687162628012441 0.03845457386326192
3 0.8953910108056924 0.30967774674699855 0.06670165258848364 0.04643071509696402
11 0.9515254316688532 0.11123629260708323 0.09039675782192055 0.0780625446422687
11 0.2126064158132504 0.028736474836196575 0.09666216837349921 0.0516364123370204
5 0.4313453794050705 0.48926842045139995 0.06780912628012423 0.038645488635914306
8 0.6971802949359722 0.22175718668345437 0.08176521046687384 0.06386367694751698
8 0.17742080275789282 0.1360444143656153 0.09931673151356132 0.0704136858759707
2 0.4624111818100275 0.2512871793798537 0.06550317363517096 0.05265344155801355
2 0.8201242422486665 0.16524986241315537 0.09802724729857673 0.0750739123370204
6 0.7124819873399305 0.5364060677708867 0.06165013154179633 0.04009889448011279
6 0.4035653447806805 0.05318487012708839 0.08065773677523325 0.07164890340856667
0 0.5982793343279239 0.13400599634325674 0.07266322625188941 0.06838753571381498
7 0.4997501000423523 0.0532996927725343 0.09112479991529536 0.09056254464226869
1 0.5292970319935542 0.44561960632737063 0.07120714206513981 0.04338753571381489
10 0.11936829514773373 0.43455405235290645 0.10907116311182734 0.050292100648623085