9 0.8942933380213887 0.4802948558155807 0.06591589149054755 0.05267401384016459
9 0.8085240096643614 0.44788692102488914 0.06277271077238851 0.04942167984777566
9 0.7140882084346976 0.4276288177551285 0.0690227107723885 0.04967634783255317
9 0.6165637686413519 0.40099338049297906 0.050254530054229286 0.045787343878220456
9 0.5276376240275462 0.3739268617098987 0.05490566861791084 0.039728344866803766
9 0.42543931977282 0.34475667345916605 0.06278180113146803 0.05098417984777566
9 0.3357091992613153 0.32156457117798853 0.050254530054229286 0.045787343878220546
9 0.23435123234060667 0.2822699664253531 0.06904089149054773 0.05280134783255317
3 0.15850530806535512 0.5589332841061194 0.05962043969514967 0.044606845855386726
3 0.26387860929501916 0.579637056349241 0.05022725897699045 0.04109984387822045
3 0.36685816354974526 0.6088390780980708 0.054914758976990455 0.04129084486680377
3 0.4627973774453918 0.6393170983640258 0.04238748789975162 0.036094008897248564
3 0.5525729497522945 0.6546967006452034 0.053352258976990544 0.04122717787060921
3 0.6367888684684013 0.6854784684397005 0.04865566861791084 0.03947367688202626
3 0.730402513082207 0.712735988211364 0.05491475897699054 0.04129084486680377
3 0.8279360432346323 0.7378089254735134 0.06272725897699019 0.04160917984777566
11 0.9173041120254937 0.42028052726039944 0.08782725292686636 0.059815351786885886
11 0.23785348224241085 0.21755355041774188 0.08473861436318471 0.06593801779449712
5 0.8056974288714475 0.7994175875267919 0.0862829336450254 0.0628766847906915
5 0.1386058985226306 0.6214186966536897 0.08315793364502548 0.06274935079830275
8 0.332284738292535 0.23859290368750258 0.06597952400410509 0.06361151384016442
8 0.822954669207086 0.38517867399063876 0.08477497579950324 0.07218801779449713
2 0.7198871938985621 0.7740409027361005 0.07693520472226431 0.06718218281352524
2 0.24626386241827714 0.6523742193911026 0.07226588544042353 0.0701161818249421
6 0.7363222776183423 0.36680140570184994 0.07375566256778665 0.057679848821136484
6 0.44227736182910193 0.2712064269192072 0.06749657220870695 0.05586268083635879
0 0.6309837751824554 0.7430681339530201 0.06592498184962743 0.05423651384016441
0 0.3414945491865605 0.6703204061589605 0.06438066256778666 0.05729784684397003
7 0.6380393137226958 0.3362278849416033 0.08475679508134384 0.06906301779449713
10 0.5366722564429077 0.2984957801889679 0.07381929508134384 0.06861734882113639
4 0.4382331938003663 0.6977052599230127 0.07538179508134402 0.06868101581733085
1 0.5459184287732517 0.7239732826604258 0.08477497579950324 0.07218801779449713