9 0.18461440116180103 0.7961271574690517 0.066100188998964 0.044868215096963836
9 0.28827240219525835 0.6990827877457051 0.0580693651776464 0.04004434740221221
9 0.40294917825010623 0.7509435223244296 0.05821491439185813 0.04316934740221221
9 0.6065129799455173 0.7044564857998358 0.054944365177646406 0.03998980032431163
9 0.8061406064957033 0.5581194537394688 0.060976041356328635 0.03541139448011297
9 0.9204513554622459 0.6513591647792429 0.07391268899896417 0.04500458279171564
3 0.8912370062052531 0.3567966871003773 0.06722604135632863 0.0355204886359143
3 0.67252123945603 0.39340020901447453 0.05465326674922295 0.03373980032431163
3 0.588559308314949 0.46980479627041716 0.048330492142117265 0.03206820616851012
3 0.4924569421038451 0.6057480247600616 0.051601041356328814 0.03524775324641087
3 0.2741264731210918 0.5837987069825844 0.05309076674922295 0.033712526785361165
3 0.16874330624803424 0.6676027370143565 0.06104881596343472 0.03697389448011279
11 0.16545983271716694 0.872181142858555 0.09702485731976358 0.07194891233702023
11 0.9226816354460354 0.7207949573929169 0.08884848428423453 0.0640000446422686
5 0.5619861538478881 0.35317640381889903 0.06795378742738745 0.0511454886359143
8 0.9237069421038452 0.5982205280097678 0.09815070967712813 0.0626011858759707
8 0.3920159863556581 0.6840014841749827 0.07107878742738745 0.05120003571381489
2 0.6057574627820095 0.5865968299556371 0.07249573821317572 0.04810230925276535
2 0.29110199566128303 0.7724111935899037 0.10767125889134022 0.0658898271096728
6 0.26321901406313586 0.3989833762194636 0.06795378742738745 0.0511454886359143
6 0.7310014036430004 0.7467785791448582 0.07442211124870504 0.05594208279171564
0 0.5107809489282706 0.7318877849063313 0.07115156203449331 0.05276253571381488
7 0.6344517353222008 0.7750047650208289 0.08786818114108108 0.07647277110331849
1 0.4796231100103599 0.42877246753589116 0.074349336641599 0.05437958279171564
10 0.8921852301504052 0.3029177106393276 0.11860875889134022 0.06608074188232518