9 0.1499722901165194 0.3416065665992004 0.06836956677218971 0.04414614767057934
9 0.2686062813410308 0.2589434735420339 0.058949102665567035 0.042092324739800804
9 0.4331735835317442 0.39384966078802075 0.04939224623907634 0.035351001809022266
9 0.6106477141731297 0.4336923315256641 0.04943771034569906 0.03691350180902227
9 0.7297985309453194 0.38688485131336786 0.049528638558944495 0.04003850180902226
9 0.8061587909744492 0.47024954997931545 0.057295674452321775 0.03888543758467104
3 0.2227495267221773 0.06555199966131572 0.06717077962517112 0.056564260515449584
3 0.4230390317367423 0.09873855664957773 0.06243781551854859 0.05475609905006031
3 0.4887573084589195 0.17252021540143353 0.05292642319868044 0.049577276119281775
3 0.5551598952893689 0.30321029342059475 0.051182066772189574 0.04324538896415202
3 0.7703673581423504 0.2794508095902538 0.057568459092057725 0.048260437584671044
3 0.8547447066512823 0.3553748224805526 0.06689799498543536 0.04718926051544958
11 0.8091186549227875 0.5293788885139261 0.08279577962517096 0.057383132066747146
11 0.1327105822781029 0.39867543815049794 0.09042642319868044 0.05154256784239584
5 0.5373432241357525 0.057645487902670725 0.06918792069139794 0.07227114767057934
8 0.1553788556350679 0.28983934871137607 0.09217077962517117 0.057874454997525596
8 0.6366622963847256 0.37070433062115293 0.07181281551854841 0.05524742198083885
2 0.7201220025737894 0.4513567870890166 0.08422188730530315 0.0527775192218769
2 0.45133621331519985 0.2790092328142881 0.06882420783841656 0.05977114767057934
6 0.3136734257724699 0.42585433457788185 0.06524456677218975 0.04398237336031983
6 0.8162207304039587 0.09763424355688026 0.07084134890464319 0.0754780348257091
0 0.5167984257724699 0.41520900441101416 0.066897994985435 0.04718926051544958
7 0.39886076801319564 0.4471317910457455 0.07640938730530307 0.05236808344622812
1 0.6056325713910432 0.1234918159218319 0.07901756175762475 0.08838747060135783
10 0.23500548581423503 0.02728179500247439 0.11123902837152996 0.05456359000494878