9 0.8486525455902785 0.7957458859521056 0.05487064437666689 0.07592730032431164
9 0.8292102549370839 0.698570877023652 0.05152743882958362 0.06649775324641087
9 0.732787890195695 0.6156708279171564 0.04349673328249999 0.056986385551659066
9 0.720463196047778 0.28746400730030536 0.04974673328249999 0.05709547970746058
9 0.6215334271460765 0.1974917978853843 0.045059233282499986 0.057013659090609535
9 0.6678064022604515 0.07178841436232 0.05312630642076392 0.0680875267853612
3 0.3674446859797918 0.15166723457542922 0.042116071238402865 0.06477161201270887
3 0.4043108659756599 0.2592985024323367 0.0356478656913195 0.05528751785690744
3 0.4334736487450698 0.37148090259449246 0.037173998100139015 0.05375229139585782
3 0.5886547240675352 0.5295951858726754 0.03710126291777769 0.05062729139585791
3 0.560608991353716 0.8680303944768177 0.04066267401194459 0.06943183847375849
11 0.8140696853142018 0.38359075932890024 0.07045927678548622 0.07463753571381489
11 0.915494553474063 0.7820748981269703 0.07412979065319476 0.09812958279171564
5 0.3021469943004168 0.16458424593951496 0.058177482332569495 0.08379434740221221
5 0.4178343842117713 0.5719075965881381 0.05156380642076393 0.06806025324641088
8 0.5602413961796187 0.6509247150936687 0.05181837955902786 0.07899775324641087
2 0.48049346589940994 0.34496899553247784 0.051745644376666886 0.07587275324641088
6 0.6903191415268751 0.16667422036867444 0.07216724715020835 0.08091480925276531
6 0.5121045289696877 0.22681901338938532 0.050001306420763926 0.06803297970746058
0 0.675175411947188 0.6232554569759938 0.05167290919430556 0.07274775324641088
0 0.616127720267813 0.636281562495881 0.046912674011944586 0.06954093262956
7 0.7576878262723958 0.14207936931301418 0.09607752583555573 0.10163641233702041
1 0.3652873464083684 0.39449961688067753 0.05948540919430556 0.0728841209411625
4 0.6187845140551396 0.8510844021874554 0.06032186379145834 0.10882162094116268
10 0.7656205336224311 0.717765161926688 0.07743662860909736 0.1059966298696164