9 0.2633477148309352 0.9429493635250165 0.04674234882113639 0.07547518899896417
9 0.36665574003980617 0.8188333132773475 0.038484179847775656 0.06417381596343467
9 0.23245844806220228 0.6293620525239806 0.03953734387822054 0.05174659057054054
9 0.20020565806176477 0.4257854423087329 0.042726010874414924 0.05345463978475227
9 0.25979551676873297 0.3029258310600279 0.04135451186299814 0.0580693651776464
9 0.16930712102707676 0.20810994478993225 0.04798651384016441 0.06773546360606986
3 0.5657843067319893 0.8883152516571389 0.0404286818249421 0.07362159057054071
3 0.543575020191593 0.6678957437992562 0.036603344866803764 0.05628854135632881
3 0.47191753749179854 0.5893576749403373 0.03478617688202608 0.04996576674922295
3 0.3419846397729761 0.5057361538478882 0.0347225098858317 0.04840326674922295
3 0.3791503532325796 0.2825512109199827 0.0334146778706093 0.054580492142117173
3 0.3022615424718954 0.1793042404894873 0.03842051285158128 0.06261131596343476
11 0.19359363034425486 0.9516565835412273 0.06868101581733081 0.0780565334984459
11 0.09650629098902071 0.19590535132390757 0.07276102076024667 0.10163958271265772
5 0.5925947934232976 0.5556654174967393 0.052610346843970035 0.06639128742738745
8 0.31819438232142117 0.9364960022763116 0.06163251977166349 0.09644266046291676
8 0.2688429115218059 0.4062134968996281 0.05624468281352515 0.07903683664159918
2 0.35374319905078544 0.6190345204732767 0.044861513840164416 0.06758991439185813
2 0.18398243327063574 0.30723664950466195 0.06319501977166349 0.09651543507002262
6 0.5666967741831067 0.25354214537083275 0.05123884783255317 0.07100601282028159
6 0.18052192186474816 0.7557640407371563 0.06255834980971961 0.08089043507002262
0 0.21143763532435175 0.5328701962376743 0.05748884783255326 0.07129711124870504
7 0.15784310863260606 0.6616887090579558 0.07687551779449713 0.0877954065339754
1 0.5217503942216004 0.47630971133426747 0.052865014828747545 0.07264128742738744
10 0.6198178907243781 0.8826795277119869 0.06558519072219049 0.11690070967712848