9 0.9142123276037791 0.4150948077771722 0.07547484387822045 0.05384869629109836
9 0.8169407381741829 0.38115249773669246 0.06584517589344294 0.047107373360319824
9 0.7095075815581119 0.4230766468776098 0.05621550790866543 0.04036605042954129
9 0.40618496889681105 0.26841464382539215 0.053217841901054184 0.04332727611928178
9 0.2909074787826428 0.30914810719066066 0.056279174904859806 0.041928550429541286
9 0.19073904102620173 0.204112047150181 0.06747134288963737 0.048751760515449584
3 0.1563427722803025 0.5079054324962884 0.06584517589344294 0.047107373360319824
3 0.269574942736538 0.5317700576656306 0.054716674904859805 0.041846663274411534
3 0.37993678117755103 0.5617209085247132 0.054716674904859805 0.041846663274411534
3 0.5802285998469007 0.5028349886915808 0.04983817391627667 0.03691350180902227
3 0.8824317228883249 0.7065519674335391 0.07203150889724838 0.04587242198083885
11 0.924692229771226 0.3470408485957751 0.09329901384016459 0.07037445499752559
11 0.5264364604938541 0.23495809192551276 0.0680443458553869 0.06281426051544958
5 0.1442367031166613 0.5743150045225558 0.08379667984777565 0.06675813206674715
5 0.5601747209111585 0.6803082134768103 0.07423067885919252 0.06157930913596843
8 0.6821041176413978 0.5923688794647554 0.0784725098858317 0.05088747060135788
2 0.37383401980884456 0.5076099406368888 0.06609984387822054 0.05335737336031983
6 0.2781766685162502 0.41762234848423346 0.06747134288963733 0.048751760515449584
6 0.2870383794672148 0.2333259136130958 0.07735567885919252 0.06174308344622812
0 0.6867160217860109 0.5333623716628392 0.0737850098858317 0.05064180913596861
0 0.6953615099230127 0.4776855817487474 0.07391234387822046 0.05376680913596861
7 0.2849864481365644 0.16383560719066073 0.100122016805914 0.08476450361804462
1 0.3776195474891734 0.6387780534817591 0.07780134783255317 0.07268058344622812
4 0.8861032095424519 0.6435982660540581 0.11498301285158127 0.0668333751693421
10 0.8118340855124446 0.4471493119610438 0.10892401384016459 0.07119332654882307