9 0.4962283433450224 0.143968321043543 0.04338753571381489 0.07022321996293313
9 0.5620288469984704 0.27056059209493527 0.03532957386326174 0.055887901451278844
9 0.4100145592560606 0.4255060085223385 0.035165932629559825 0.04651290145127884
9 0.346680941968346 0.6054365559826005 0.03681025324641087 0.05125496515360979
9 0.37663940300812015 0.725305111880383 0.035193206168510204 0.048075401451278844
9 0.28075811283007834 0.7993477578893663 0.04166139448011297 0.06079365626060227
3 0.7611754590111792 0.23686518229095394 0.04796594155801355 0.0641369110699257
3 0.7006395592560606 0.4356548571558777 0.04316934740221221 0.05772321996293321
3 0.6198747544675222 0.49459085833700406 0.041525026785361165 0.05298115626060227
3 0.4844088129095086 0.5523983799365505 0.035165932629560005 0.04651290145127884
3 0.4775200645343617 0.7679142525318887 0.03845457386326192 0.05599702885594056
3 0.3917404772784191 0.8454365626060225 0.038509120941162586 0.059122028855940555
11 0.21433822606060313 0.797810050540305 0.06717959172016937 0.09135417549789597
11 0.4395516493513769 0.12166424590846678 0.0608750446422686 0.08801092068857255
5 0.7275412041432106 0.5515080356489985 0.062110262174864594 0.06931548439090332
8 0.40486558888409085 0.6309201948200076 0.05120003571381489 0.07049603847458741
8 0.5453516359586963 0.15115582766696498 0.05788641233702041 0.09571429328391083
2 0.518240116480231 0.450391935834333 0.046348894480112965 0.06095734736759475
2 0.3135627045502477 0.7113765319359835 0.05306254464226869 0.08773810217691817
6 0.39106178206366227 0.30211314854087196 0.049637535713814886 0.07044147477225655
6 0.6516336745184755 0.8248066371929447 0.0669341298696164 0.0772916754978958
0 0.37807303815274224 0.5088170163268868 0.04640344155801355 0.06408234736759474
7 0.35598162419086876 0.3860962789407586 0.06545345048646736 0.08192461179556512
1 0.6506690125851969 0.611361696085952 0.06846935633066593 0.07578373920022692
10 0.8148771574690518 0.25046638002136845 0.08480346834337489 0.1169543762235354