9 0.15826403541698245 0.48137324072842197 0.07211134933607007 0.04104315651766246
9 0.2537174359827165 0.5061465026322786 0.06271816861791084 0.03786361436318479
9 0.35500722521032796 0.4598623759724537 0.05489657825883114 0.03625566256778647
9 0.6557117280389984 0.5827014749157404 0.05020907825883114 0.036228391490547726
9 0.7663765172666098 0.5364718904103933 0.05177157825883114 0.036237481849627426
9 0.8661225080932275 0.627674128211949 0.06115566861791066 0.03785452400410509
3 0.8987067073545429 0.3200616161117006 0.06747839149054755 0.05039088544042354
3 0.786133984481906 0.3069071102579681 0.06281816256778683 0.0550511143631847
3 0.6766499001729507 0.2875207851223949 0.05809430113146803 0.048773843285945875
3 0.4747697584860111 0.3660310836215844 0.056495439695149585 0.04251475292686626
3 0.16824652683277547 0.1830039184215191 0.07216589149054772 0.05041815651766242
11 0.15081514978016716 0.5438277889330239 0.08466589149054773 0.05049087939029935
11 0.541871941836449 0.6203191287029283 0.06590680113146821 0.04881929508134384
5 0.9053243460164204 0.24900877272755886 0.07856133723582168 0.0754545179539809
5 0.4861698250373774 0.17704130649422128 0.07696247579950324 0.0691954275949013
8 0.368805583916172 0.2802612343837102 0.0831670240041051 0.06141928903121974
2 0.6824140868430382 0.33833385137917354 0.06914997579950324 0.06914997579950324
6 0.7782220114128775 0.42404461328303017 0.06749657220870695 0.05351588544042354
6 0.7738168334251927 0.6068252970262515 0.07372839149054773 0.05042724687674216
0 0.36840158381797605 0.34510043920417033 0.07216589149054772 0.05041815651766246
0 0.36249247228346176 0.40365782776785186 0.07216589149054772 0.05041815651766246
7 0.7772827218906783 0.6654372277444107 0.09095225292686618 0.05677724082661797
1 0.6745874304235716 0.20157419476331526 0.08331246974937905 0.08641928903121973
4 0.16704309601642037 0.24471357806243949 0.11606133723582164 0.07567268657189175
10 0.25488905054229294 0.4389680929913583 0.10032725292686617 0.05683178298109546