9 0.7845106392838602 0.8278672669049312 0.04244356426490725 0.06344555737069442
9 0.6952542595004044 0.7118045493900006 0.03592077962517113 0.053925087005972296
9 0.7578786284633076 0.610206988219584 0.040471887305303156 0.04934668977951393
9 0.6571977007122806 0.2893294841355214 0.039045779625171306 0.05399782218833345
9 0.7207624440483629 0.19321885676069503 0.04235263605166182 0.06032055737069451
9 0.7046169553311341 0.0944722322356603 0.04892088479802066 0.07140352773541672
3 0.4032446719450392 0.06715897093340312 0.034721992478152684 0.0663887194147917
3 0.5494426881758683 0.39612238516170184 0.03275031551854859 0.05228985182361114
3 0.45781879249078783 0.5743363445085073 0.032704851411925875 0.05072735182361114
3 0.4688137799543755 0.6838931824644101 0.032704851411925875 0.05072735182361114
3 0.46962978536465194 0.7924323810776392 0.03444920783841656 0.05701371941479181
11 0.8140938730530312 0.5029952066844452 0.058159492478152684 0.06693423328249999
11 0.7734578835443794 0.09919740624760483 0.0634834899708702 0.08891833605604171
5 0.37088577916295273 0.37713272976711837 0.050483384798020656 0.0714398953265973
5 0.4031780712580292 0.7893242584524656 0.05066524122451135 0.0776898953265972
8 0.4788908442857898 0.2789335787409379 0.04285274122451135 0.07750805737069451
2 0.5098132015037034 0.5903802250174657 0.04726745658477523 0.06824216014423605
6 0.5824587428073571 0.6990298328250004 0.04244356426490725 0.06344555737069442
6 0.7730981146732538 0.7307922451534381 0.05686977711788863 0.0762728656913195
0 0.5392744148189033 0.2881462310013893 0.04106292069139794 0.06965918977951394
0 0.598694878925526 0.2910906994662505 0.04423338479802066 0.07129442496187507
7 0.8430158095795466 0.7456918529609728 0.0793358105039836 0.0970945119678472
1 0.38165109758449506 0.5592912663362503 0.05990384890464338 0.07322060087368065
4 0.46592652837153 0.0748636745806254 0.050057487463587694 0.11046602773541672
10 0.6526118376218722 0.18538686654434083 0.065500631037097 0.10457970364722229