9 0.6999156983633867 0.18867195129395092 0.03812004809323426 0.06312729139585782
9 0.5942956701404183 0.2719326903369023 0.029925602176918177 0.052053423701106105
9 0.6825025421876024 0.47256966436232 0.03283234736759475 0.045857970779006864
9 0.6827729046161398 0.6591793202065187 0.03283234736759475 0.045857970779006864
9 0.6141990086071566 0.752455987414803 0.02970734736759475 0.04580342370110628
9 0.6789014040679856 0.8613321554338661 0.03477679328391083 0.05682274431795733
3 0.42942958357259664 0.15662351582501732 0.0317063569862416 0.05833069724005648
3 0.41769101932211167 0.35707748335761325 0.03137897477225664 0.04895569724005648
3 0.47074658665263963 0.44545023660402416 0.028090283665263983 0.04421365016215582
3 0.5721404502623033 0.5541860827884204 0.02965278366526398 0.044240923701106105
3 0.5084301582443368 0.7420212735356551 0.02658234736759475 0.04574887662320535
3 0.5599604311098275 0.8537906164736405 0.030034729581580065 0.05517842370110628
11 0.7633606394703792 0.19446402962143972 0.052837312521204535 0.08212275324641087
11 0.742383550709941 0.8905480969918799 0.05429068511654282 0.07902502678536116
5 0.3575199003549705 0.4450354050301245 0.0457688569862416 0.058576159090609536
8 0.6526860342982361 0.17769749512544075 0.045024812521204535 0.0819863855516592
8 0.620354750169636 0.6604321286485051 0.04124504809323426 0.0631818384737585
2 0.6803150819281342 0.7676639760507173 0.04658731252120454 0.08201365909060954
2 0.5771057140573014 0.45042983725264724 0.03801092068857255 0.06000229139585791
6 0.7454439970895932 0.3745100397677094 0.04431548439090349 0.06167388555165916
6 0.3374083301140357 0.718735957790068 0.04593254809323426 0.06326365909060953
0 0.686448486922792 0.5632083011317952 0.044151793283910834 0.05698638555165925
7 0.7509251599736173 0.4643947000761349 0.06037699400955034 0.07444662094116268
1 0.40828628138782924 0.5349297479681099 0.05062004809323426 0.06334547970746059
10 0.378348233209777 0.14714337580913125 0.05817957694917482 0.10095457386326193