9 0.35629654801877186 0.13621773848892677 0.030469297342454117 0.06736021682251274
9 0.35342663403086216 0.22530296438662584 0.028779528007635946 0.056413626463433085
9 0.4217231953771344 0.32022457894620227 0.02556362133990877 0.048582945745273956
9 0.3743327640833598 0.6119262656162898 0.028688621339908772 0.048601126463433175
9 0.44270205076381364 0.7130978801758663 0.028652258672817864 0.04547612646343317
9 0.37978497477717676 0.8119080848981305 0.03190452800763603 0.056431807181592575
3 0.6304880260184537 0.13227863047045388 0.03664657200827239 0.06114657825883123
3 0.5323799793920883 0.42974450381062895 0.025527258672817865 0.04545794574527377
3 0.648578786083678 0.6126746575978169 0.03333975867281787 0.0455033975406721
3 0.6544844354312227 0.7173348865205781 0.034956802673454135 0.05019998789975162
3 0.6674667881126312 0.825860458827481 0.03655566534054504 0.053334078258831144
11 0.2921613226845901 0.13034044321119112 0.04476815467854491 0.08775453005422928
11 0.31057825206872414 0.5044773799794745 0.04127952800763594 0.056486349336070066
5 0.7331372414464947 0.829384913746137 0.04931020401018138 0.07528180113146803
5 0.7050907733927245 0.43342751913233124 0.04912839067472703 0.05965680113146821
8 0.5843141020448616 0.327091681601922 0.03989884134309048 0.07210225897699037
2 0.6010498054184961 0.6238894135497453 0.04920111600890866 0.06590680113146821
6 0.5443100040976774 0.7164132568356911 0.03501134667409058 0.05488748789975162
6 0.37872136676476825 0.7205018348981306 0.041334072008272396 0.06117384933607006
0 0.5273101240451797 0.32976722970832806 0.03353975334181776 0.062690897540672
0 0.47414876137808887 0.32695130191703503 0.03357611600890866 0.06581589754067192
7 0.31788386409926817 0.7294501089022357 0.05559656667727229 0.07844316256778665
1 0.7242964014162689 0.6067650251824555 0.06482611600890867 0.06599770472226432
4 0.5711584793523172 0.13653031411547933 0.04802042401336308 0.09871021077238855
10 0.41512720269731673 0.22338139520298092 0.04167951734563573 0.09086134933607007