9 0.5843180795658816 0.9027690565176731 0.054017866604888456 0.07151263050895836
9 0.608442571128361 0.8099451236720133 0.04922123920022674 0.06827852773541672
9 0.6189857123280208 0.7088365653513884 0.05100199400955017 0.07456489532659738
9 0.635615162420688 0.6028950366660412 0.04560516587924912 0.05414329255305557
9 0.6541617765785059 0.5070733903895134 0.0395188569862416 0.058685322188333444
9 0.6729985674153459 0.3971710603173953 0.05078373920022674 0.06831489532659729
9 0.6868303997219983 0.3006772668144092 0.04560516587924912 0.05414329255305557
9 0.7165501268565075 0.18895786360402717 0.055689494009550346 0.07467399810013893
3 0.4141766058051154 0.12797169111069412 0.04431548439090349 0.06191942496187504
3 0.4040699742241024 0.24158024943131912 0.04086310217691817 0.05247168977951393
3 0.38606899708959314 0.35302689570784695 0.0426438569862416 0.058758057370694415
3 0.3638889514434296 0.4567519609623261 0.03751984736759475 0.04614895459715278
3 0.35862358728561183 0.5522644827138192 0.04258929328391083 0.057195557370694414
3 0.3360070320208014 0.6434895479682983 0.04086310217691817 0.05247168977951393
3 0.3168974226723071 0.7455793780404164 0.041135920688572546 0.06028418977951393
3 0.3025844407284744 0.850685105338993 0.04140873920022674 0.06809668977951375
11 0.6506796895473481 0.9223353676880898 0.06097719473518968 0.09197060087368066
11 0.785327408707673 0.18813893959208267 0.06561013103285873 0.0905172036472223
5 0.23544158074700788 0.8311369779641666 0.06248513103285873 0.09044446846486096
5 0.345553091377145 0.11080368132704832 0.06404763103285874 0.09048083605604171
8 0.7740302993591787 0.290046931708298 0.06646330290255768 0.07024107123840277
8 0.6760938625981734 0.8216625672512496 0.07336806733052796 0.0891365416031249
2 0.25175357230948736 0.7384948830744096 0.06846231252120454 0.08277743882958344
2 0.3261533053496284 0.22697419519475667 0.07136905771188111 0.0766001740119445
6 0.685320040458322 0.727621626521805 0.058978185116542826 0.07943423328249999
6 0.7523958907363236 0.40939699696277715 0.05714286660488845 0.0715853656913195
0 0.27417915461613973 0.6418010678199304 0.05552580290255769 0.06998649810013902
0 0.3180357597034648 0.33037195212861087 0.06015873920022674 0.06853310087368066
7 0.7066369905509892 0.621570995062916 0.07035219473518968 0.09218880642076392
10 0.7348487813878293 0.5114504594437147 0.06980655771188111 0.07656380642076392
4 0.2997619640573014 0.43400609840513865 0.07147818511654283 0.0797251740119446
1 0.28502239617861924 0.5492862594993053 0.07336806733052796 0.08913654160312508