9 0.660010283373879 0.13629455391404796 0.03945338544042354 0.06855159255827141
9 0.6438534973677214 0.22824644093735652 0.03785452400410509 0.06224702885594056
9 0.6167546661820239 0.3213615238769811 0.03785452400410509 0.06224702885594056
9 0.591154702482769 0.4253595431142748 0.03153180113146803 0.04952877404661713
9 0.5710962116561513 0.5166665893934106 0.036237481849627426 0.052817465153609786
9 0.5486394286750558 0.6174304812260425 0.036228391490547907 0.05125496515360979
9 0.5254559378484379 0.7088466549098399 0.037809072208706954 0.05443452885594056
9 0.5029309771742453 0.8213292967424719 0.03783634328594587 0.059122028855940555
3 0.21182016384433283 0.7807241772271765 0.048801114363184704 0.06419147477225665
3 0.2475991034412867 0.6724652439247322 0.04248748184962743 0.053035719962933214
3 0.2747933833973201 0.5629439109851078 0.04249657220870695 0.054598219962933216
3 0.29412062119887583 0.46307039655713744 0.042460210772388506 0.04834821996293322
3 0.3266609313073344 0.37445184065935483 0.045621572208706954 0.05470734736759475
3 0.3428131721339523 0.28328120363604625 0.045621572208706954 0.05470734736759475
3 0.36525177439688855 0.1856423118034143 0.0472386143631847 0.06413691106992565
3 0.3924051477370637 0.08315222886378976 0.044122704722264317 0.06559028366526395
11 0.7224466508603217 0.14504950582081375 0.05519656010845857 0.08940972958157997
11 0.5605889410698918 0.8458729397562301 0.05831246974937905 0.08795635698624196
5 0.32289662363476274 0.08167406361751285 0.06457156010845858 0.0897371117955651
5 0.1447099318965096 0.7697891664274032 0.06767837939029935 0.08672123920022674
8 0.5900451577942086 0.7503322612631094 0.05664997579950324 0.07071429328391084
8 0.7070483889564649 0.2408803609929569 0.06458065046753828 0.09129961179556512
2 0.30285631352630416 0.16985610989664854 0.07233860831306042 0.0821974303072194
2 0.16956500703208283 0.659568429041275 0.07542724687674207 0.0760565577118811
6 0.6784052384889268 0.3309250076349123 0.05043633723582168 0.07674603847458741
6 0.6157087540070207 0.6353967420258156 0.05198974687674216 0.07523810217691818
0 0.2851233919815271 0.26420631062228794 0.059774975799503235 0.07082342068857254
0 0.20527576893593955 0.5630282457388308 0.059756795081343926 0.06769842068857237
7 0.6551672055078313 0.4317161813187097 0.06141019867214013 0.08337798439090349
10 0.6389240610904172 0.5385118183420182 0.06136474687674216 0.07556548439090331
4 0.22538425673749524 0.46312744945969503 0.0738920179539809 0.08068949400955017
1 0.2580654674116879 0.3502901435619125 0.07550906010845856 0.09011905771188111