9 0.8084992032714968 0.8929620580415399 0.04815070967712849 0.06172843262955965
9 0.7342697988044362 0.7771655085280071 0.044734611248705036 0.05542388555165907
9 0.8125468101769757 0.6719774021973413 0.049349336641599 0.053943206168510116
9 0.8098349948327135 0.4620393405089439 0.049349336641599 0.053943206168510116
9 0.702345788255957 0.23909849269969463 0.038630160462916764 0.058439791395857824
9 0.8230457400752025 0.1448791140478943 0.05000430810555194 0.0680057061685102
3 0.5132362464853433 0.12608779829901196 0.029691808105551942 0.06765115016215577
3 0.5007404387940763 0.34409745860743746 0.029109611248705036 0.05515115016215581
3 0.5596188250641718 0.4375241302799487 0.030235463606069858 0.04580342370110611
3 0.680504905709915 0.5571899736249712 0.035141287427387445 0.050572744317956976
3 0.6083622702683888 0.7653121651829847 0.03528683664159917 0.05369774431795715
3 0.672998350914132 0.8859598559302194 0.037140435070022626 0.05997501785690744
11 0.8931763035574379 0.147558054795129 0.0680651033908223 0.08705571509696393
11 0.8805539857364856 0.921367701710874 0.0699187018192454 0.09333298863591395
5 0.4414681385464072 0.4434895324706994 0.035577935070022625 0.05994774431795715
8 0.7407809720876344 0.6708882349890569 0.05781680810555194 0.06814207386326192
8 0.7706120988427082 0.13096266437220588 0.0669392510334573 0.09640344155801359
2 0.6859993885464072 0.4392212236249712 0.04807793507002263 0.06016593262956001
2 0.8108858027333776 0.7914404683499654 0.06486732878371626 0.08543866801906326
6 0.8806997665443351 0.3483938518730297 0.06733735731976367 0.07143071509696393
6 0.42540637510695306 0.7380616927791249 0.0374315334984459 0.06622501785690744
0 0.8184222826743858 0.5625887654278661 0.06392125889134022 0.06512616801906326
1 0.4988204121200558 0.5361622276821609 0.04070208271265781 0.06940456493480802
10 0.46370928143153145 0.11680430154542283 0.04281254631872748 0.11471706493480816
7 0.8908131670824545 0.4496972532530014 0.08801373035529281 0.07959777110331849