9 0.800957042568459 0.7375651931762761 0.06609771467218159 0.0417704886359143
9 0.7080882899029589 0.7273486676087308 0.061392033338636055 0.040126168019063255
9 0.6161371472390498 0.7054270288106608 0.0582852146721816 0.04163412094116268
9 0.5139752105745042 0.6880156120094136 0.05045453333863605 0.039935253246410875
9 0.42194225190964046 0.6731252232113436 0.052017033338636054 0.03996252678536116
9 0.31898997457832223 0.656481419640621 0.052017033338636054 0.03996252678536116
9 0.22698428791377667 0.639247280842551 0.056759077339272504 0.04473184740221221
9 0.11461155724859481 0.6263460860381265 0.061428396005727005 0.04325116801906326
3 0.14692680728836569 0.3338818965087078 0.061392033338636146 0.040126168019063255
3 0.25365806528486584 0.36153138392680606 0.05512385200509069 0.03845457386326192
3 0.3604984112826387 0.3798058713449044 0.051944308004454334 0.033712526785361165
3 0.4626967106142751 0.39409228814615166 0.048837489337999786 0.03522047970746058
3 0.5491336499443207 0.4198247195578955 0.05196248933799978 0.035275026785361166
3 0.6342080839433663 0.42834237743068904 0.05196248933799978 0.035275026785361166
3 0.7332450206079117 0.44569924715403564 0.05510567067154515 0.03689207386326192
3 0.8338171852721391 0.46542714041633265 0.06449885200509087 0.03861821509696384
11 0.7962871765595503 0.8031220093289002 0.08817270934118149 0.05933981818121907
11 0.09122805390677702 0.6884506197233466 0.08826361600890867 0.06715231818121907
5 0.15083360463081982 0.2667489435866085 0.08501134667409058 0.05616027110331832
5 0.834580801281048 0.39980214041633255 0.08188634667409075 0.05610572402541773
8 0.18783033390359533 0.7135790791382677 0.06954997867599957 0.06995003571381489
8 0.7010655832272776 0.7936458234529296 0.08357611600890866 0.06707049756436803
2 0.2631063379615018 0.28824388839103293 0.07102157200827239 0.06216480925276535
2 0.7417756832829568 0.3841168648487873 0.0709852093411815 0.059039809252765266
6 0.6106860312301411 0.7709702081938098 0.0725113466740904 0.05594208279171564
6 0.30484511123491365 0.7304683445595431 0.06942270934118148 0.05901253571381489
0 0.6528131806174569 0.37396852312861795 0.05992044000636341 0.047911394480112966
0 0.3589091866247746 0.31492121103647885 0.0630454400063634 0.04796594155801363
1 0.5655131752864567 0.35525370494739894 0.0772715720082724 0.062273903408566686
4 0.45874555462286565 0.3307292175293006 0.0709852093411815 0.05903980925276535
10 0.4007479572326865 0.748551917204989 0.07425566000954512 0.07159435633066594
7 0.5092689818985047 0.7566974281620377 0.08361247867599957 0.07019549756436802