9 0.2779849445105814 0.13413962621946363 0.034721992478152684 0.06619774431795715
9 0.38302413400659785 0.22757025203189016 0.028153743731793846 0.05515115016215581
9 0.2747927821989606 0.4317004188331374 0.032522994985435004 0.04429547077900686
9 0.2613427329777481 0.6255867865278891 0.034085494985435005 0.04432274431795715
9 0.32709210194065125 0.7275117508140742 0.031142351411925874 0.05051819724005639
9 0.25136702474362027 0.8342487203752651 0.039136707838416565 0.056904564934808374
3 0.5617832829903835 0.12215822889997692 0.029989028371529967 0.0645534237011061
3 0.5580348427029442 0.3314923185915514 0.02792642319868044 0.04733865016215581
3 0.49848033478538534 0.41920655276323887 0.02622753087881229 0.042623876623205346
3 0.3861274358015997 0.5234594504897625 0.02618206677218975 0.041061376623205345
3 0.4389017801538966 0.7224366927791249 0.02792642319868044 0.04733865016215581
3 0.3763215606369975 0.8336293372592379 0.029670779625171128 0.05361592370110628
11 0.21166962272382675 0.13217375162485306 0.05548913354437941 0.08217730032431154
11 0.184210616984346 0.8611890957806544 0.0572334899708701 0.08845457386326175
5 0.613096764252272 0.42501444765038887 0.04382420783841656 0.05698638555165925
8 0.32818953299038345 0.12623562297305274 0.04785848997087019 0.08829093262955987
8 0.3260273586045688 0.62992368466145 0.044142456584775315 0.06792388555165907
2 0.38694344121187607 0.41490661079818814 0.03601170783841647 0.056850017856907444
2 0.25568010319429246 0.7396901968363147 0.047722097651002125 0.08360343262955983
6 0.6141518327403214 0.7107883064166869 0.04079013605166182 0.06005683847375849
6 0.21621105555592565 0.3249652236216759 0.052000420691397944 0.06962275324641087
0 0.26349391785491105 0.5248191732973643 0.04699467194503928 0.058603432629559825
7 0.20263663737181012 0.4157811383943283 0.064636813011266 0.07452844155801372
1 0.5543007742814019 0.5134962950526011 0.04088106426490725 0.0631818384737585
10 0.6119424073635628 0.11581672565356604 0.049784702823851744 0.1008182061685102