9 0.10806977538190685 0.35236700418387146 0.06607953333863614 0.042501760515449585
9 0.19926694004613427 0.32960785560878103 0.059793170671545236 0.03904921189493056
9 0.29449762404517976 0.31758148914586615 0.05666817067154515 0.03888543758467104
9 0.39825842337681616 0.2996359933297376 0.04729317067154524 0.03839411465389251
9 0.49106354137490715 0.2807012075995174 0.047274989337999784 0.03683161465389251
9 0.5924533187062255 0.2605347925160835 0.047274989337999784 0.03683161465389251
9 0.6845135493714073 0.24476595036342816 0.05043635200509069 0.04012038896415202
9 0.7967862827020893 0.21933882519408607 0.058230670671545325 0.0389673247398008
3 0.14404582741881425 0.6225223739261467 0.06600680800445433 0.03625176051544958
3 0.24548105808399612 0.6062622088427128 0.05975680800445442 0.03592421189493074
3 0.34220151674885985 0.5879039552246683 0.05196248933799978 0.03707727611928178
3 0.42793902207986 0.5662126616925318 0.04722044533736351 0.03214411465389251
3 0.5208895907463145 0.5597778759623117 0.047238626670909056 0.033706614653892505
3 0.6183549367440874 0.5382536787667022 0.04725680800445442 0.03526911465389251
3 0.7252316454089511 0.5193631586403141 0.051980670671545326 0.03863977611928178
3 0.8353242607415421 0.5081213642036666 0.06289998933799978 0.03765048620519007
11 0.09715900003977089 0.2880555206922149 0.08655566534054512 0.057628793532136326
11 0.8030266446928624 0.15100158299600216 0.08506589067472703 0.06379690637700657
5 0.16039808076063206 0.6842035023748492 0.08023294000636332 0.05105124491161739
5 0.8439003767504506 0.5733369284280179 0.0771261213399086 0.05244997060135788
8 0.19146298337045284 0.2635700978068649 0.0835397533418178 0.0668400192218769
8 0.7077959606938169 0.16302794945891702 0.07260225334181776 0.06626680913596861
2 0.2500963800922685 0.6669949909548885 0.07403748400699968 0.055411196291098364
2 0.7346890087523598 0.5931315292871006 0.06626134667409041 0.058126760515449585
6 0.2835686673694983 0.2517075056542096 0.06778748400699967 0.05508364767057934
6 0.5915806146960441 0.18553479251608357 0.06780566534054504 0.056646147670579336
0 0.3420838854232686 0.6449761488022331 0.0676965773392725 0.04727114767057934
0 0.6362787807526779 0.6006341700602749 0.0598840773392725 0.04686171189493056
1 0.427158319422314 0.6334820488476616 0.07719884667409058 0.05869997060135788
4 0.5380049127545868 0.6198555608334493 0.06780566534054504 0.056646147670579336
10 0.4917078840308623 0.20171307044438763 0.07265679734245403 0.0709543091359686
7 0.3857215133672712 0.2299376469932108 0.07887043467536321 0.06815685775648754