9 0.6843154910143253 0.12203387621287305 0.04905754809323426 0.06331820616851021
9 0.6408333642426358 0.2407332832748877 0.040917665879249124 0.053806838473758486
9 0.7311979586150057 0.32429185145610673 0.04549603847458741 0.050763659090609536
9 0.7721751665970393 0.5139543693130142 0.04555060217691818 0.05232615909060954
9 0.7220015849233591 0.7316952483718516 0.041135920688572546 0.06005683847375849
9 0.8509376059747513 0.8018731550268292 0.050892866604888454 0.07115797970746059
3 0.5641766058051153 0.1472639269442217 0.041135920688572546 0.06005683847375849
3 0.5332490427357566 0.26774402231783906 0.03294147477225664 0.048982970779006776
3 0.6378522410991433 0.4460247552717105 0.03606647477225664 0.049037517856907444
3 0.5587054328391081 0.5719093709378672 0.031215283665263983 0.044268197240056394
3 0.5268775686812903 0.6666082163114846 0.03299603847458741 0.05054547077900686
3 0.5806548770261436 0.8650826724799948 0.03655754809323426 0.06310001785690744
11 0.9145363145049391 0.789710120123793 0.06550100362819719 0.08702844155801373
11 0.7414633029025577 0.0816503839235108 0.07353175843752062 0.09341480925276531
5 0.4490948198624166 0.5856115864418683 0.04582342068857255 0.06013865909060954
8 0.667599250084818 0.3364548863591428 0.05558036660488845 0.07123980032431154
8 0.8054167748492252 0.8174748356277941 0.06593751324684405 0.09952844155801373
2 0.6657813228576416 0.5526974951254408 0.054017866604888456 0.07121252678536116
2 0.704667685749515 0.2129588851413268 0.07224207694917481 0.10120003571381497
6 0.8590154568857251 0.6083822536468574 0.061884930307219574 0.07291139448011297
6 0.3717411130615095 0.31567518749752854 0.049166675497895974 0.06644320616851021
0 0.7572644400106843 0.4223435677708867 0.0603224303072194 0.07288412094116267
7 0.8464484802993703 0.5168123624131553 0.08085318511654264 0.07948867694751698
1 0.4817857795737307 0.49327012783772606 0.049166675497895974 0.06644320616851011
10 0.5359971414541139 0.8830417398504349 0.06308533175849824 0.10728639448011279