9 0.1346030735691213 0.7884647185711432 0.06060253087881238 0.04564569994353018
9 0.2476091904204533 0.710909594992442 0.05265363855894432 0.040503173635170954
9 0.34926496714263056 0.782201495091264 0.05122753087881247 0.04509966837349921
9 0.6703419967678018 0.7104659190793708 0.055733174452321774 0.03912268415851479
9 0.764966523489979 0.7821673428557163 0.06368206677218975 0.04426521046687402
9 0.864253469649913 0.7740447587395538 0.07310253087881265 0.04637374203690499
3 0.15536918078703482 0.4768446791086044 0.058676318025830954 0.03305469468185844
3 0.2690452358807421 0.4834825450065594 0.04930131802583091 0.0325086631118273
3 0.37901962945425133 0.48331667405869394 0.04769335391920828 0.030855157850155378
3 0.5606978752976162 0.5920638005505798 0.046130853919208195 0.03076415258848364
3 0.8798774358015997 0.47832273506203044 0.061755853919208195 0.0316742052052021
11 0.46040940413136455 0.849041113620055 0.06592652837152997 0.06779371572854594
11 0.8613808707452698 0.8459652613703899 0.09092652837152997 0.06924979991529553
5 0.5704546231860451 0.41757203476556437 0.06051160266556703 0.04252069994353018
5 0.15649742326518742 0.4112651817394403 0.07930706677218971 0.04517526308359247
8 0.6707919408161647 0.5341764348643865 0.06984113855894432 0.04150423151356133
2 0.36423806393570285 0.5356527187829048 0.057341138558944314 0.04077618942018653
6 0.2555928381505977 0.5973553292074264 0.0604206744523216 0.03939569994353036
6 0.22977918124925326 0.7876008976091604 0.07819920783841647 0.06070925782192056
0 0.6667660188711254 0.5921254427568942 0.06667067445232178 0.03975972099021767
0 0.6649929187128409 0.6530629427568941 0.06680706677218957 0.044447220990217674
7 0.21842649261116662 0.8561156791791916 0.08825616943775669 0.08469278939195171
1 0.3896819963055833 0.4117223951194989 0.07020485141192587 0.05400423151356133
4 0.8741753535900039 0.5402689982162101 0.10435253087881229 0.04819384727034191
10 0.7707822659681316 0.7163148297015367 0.09699467194503911 0.06336382096198286