9 0.7828125 0.821875 0.034375 0.05234375
9 0.70703125 0.725 0.03046875 0.04609375
9 0.77109375 0.6203125 0.03515625 0.04375
9 0.6953125 0.32734375 0.0296875 0.0484375
9 0.75859375 0.2296875 0.03359375 0.0546875
9 0.74921875 0.13828125 0.034375 0.06328125
3 0.49140625 0.8359375 0.0234375 0.05234375
3 0.49453125 0.72890625 0.0234375 0.04375
3 0.49140625 0.62578125 0.0234375 0.04296875
3 0.5875 0.44296875 0.0234375 0.040625
3 0.47265625 0.15546875 0.021875 0.05703125
11 0.8296875 0.50859375 0.05625 0.05625
11 0.81640625 0.1328125 0.0515625 0.07890625
5 0.42421875 0.453125 0.03203125 0.05234375
5 0.4296875 0.84296875 0.03203125 0.0703125
8 0.53046875 0.34609375 0.0296875 0.0625
2 0.540625 0.63359375 0.03046875 0.05
6 0.60078125 0.72890625 0.0296875 0.053125
6 0.77890625 0.73203125 0.04765625 0.06640625
0 0.58515625 0.34296875 0.02890625 0.059375
0 0.64140625 0.3375 0.03359375 0.059375
7 0.84375 0.73515625 0.06875 0.075
1 0.4234375 0.6234375 0.03984375 0.0609375
4 0.53125 0.1546875 0.0328125 0.09375
10 0.69765625 0.23203125 0.04765625 0.08515625