9 0.5721455555993173 0.1680412930134679 0.04004434740221221 0.05806936517764645
9 0.4782649163942102 0.2545117940469252 0.03998980032431163 0.054944365177646406
9 0.5171791862797125 0.3785828407799376 0.03683752678536116 0.05323631596343468
9 0.46188553449270364 0.5703743885464072 0.035275026785361166 0.053163541356328815
9 0.3071549443940921 0.7542871238640988 0.04166139448011288 0.06126713978475244
9 0.3866396672016938 0.8733410308123588 0.041852309252765355 0.07220463978475208
3 0.09707656087102781 0.8133304458233896 0.055914809252765305 0.07285961124870503
3 0.1480412228043064 0.5975020845746846 0.05421594155801359 0.06497433664159917
3 0.23197016355154113 0.5232233684874152 0.04777502678536116 0.05374573821317572
3 0.3760417175293006 0.44536158002657056 0.04306025324641087 0.05196491439185813
3 0.36506944115097656 0.21990781575854693 0.047911394480112966 0.06155823821317572
3 0.4548665523529065 0.12346300124285428 0.05120003571381489 0.07107878742738745
11 0.44562888351647373 0.8932682330458892 0.05311709172016936 0.09146406203449331
11 0.6384563482129911 0.15947962221146897 0.057777318181219076 0.09011988585581085
5 0.11001729707460539 0.4796446505381192 0.07789890340856664 0.08012845574818712
8 0.45344792288703195 0.3557489623677248 0.05591480925276535 0.07285961124870503
8 0.3326788701237931 0.872726754757511 0.06101141233702041 0.09651543507002244
2 0.3435485917168741 0.5547751213828994 0.06219208279171564 0.0747132096771285
2 0.5448893547058129 0.2639188732449263 0.05470686525911965 0.09309933664159917
6 0.17668305113509045 0.17785951861124982 0.08107845048646736 0.08339900496239872
6 0.4875321911476812 0.6958452694398194 0.04810230925276535 0.07249573821317572
0 0.4908133295420095 0.48067403370784295 0.04799321509696384 0.06624573821317573
7 0.5164327126580367 0.6045824146012551 0.05613299756436803 0.08535961124870503
1 0.18840930397446423 0.4017143955757206 0.09056254464226869 0.09008565260503384
10 0.04920212255942509 0.8030500713401182 0.07243983603812651 0.12514985731976366