9 0.1472405551384889 0.6094709696511831 0.07056703005422929 0.04415906615858276
9 0.270223537184508 0.6883141080184729 0.06118293969514967 0.042542024004105096
9 0.44532859719477075 0.5369839330558503 0.05020907825883114 0.036228391490547726
9 0.6323700549420972 0.48260148096586464 0.04863748789975162 0.03465680113146803
9 0.7563615459651067 0.5223866645126942 0.05336134933607006 0.04093407220870695
9 0.8365808319712643 0.4314440228257547 0.05803975897699054 0.039398843285945874
3 0.21823781460645866 0.8950499213483851 0.06750566256778665 0.05507838544042372
3 0.42868950127654626 0.8454913246445941 0.06595225292686635 0.056631795081344194
3 0.4986934499486864 0.7646458456236369 0.05183521077238851 0.04717498184962743
3 0.5721769226249316 0.622881047320839 0.05338862041330898 0.045621572208706954
3 0.7963411304704539 0.6335605138487643 0.06121930113146821 0.048792024004105095
3 0.8851223502198329 0.5481366191367627 0.06903180113146803 0.04883747579950324
11 0.8416364915139889 0.3681900439029936 0.08469316256778647 0.05517837939029935
11 0.13117064842443477 0.5515630208808471 0.09247839149054778 0.05053633118569749
5 0.5472349681972549 0.8813384419346448 0.07229315651766229 0.07229315651766229
8 0.15239114257070227 0.6641902859079618 0.09408634328594587 0.058357921544777015
8 0.6577786002198328 0.5468139718906783 0.07375566256778665 0.055114746876741984
2 0.7465870910464506 0.4567025771786767 0.08622839149054791 0.05049996974937905
2 0.4626155702637994 0.6542759721852659 0.0706670240041051 0.06134656615858276
6 0.32047858811958446 0.5104754543294809 0.06745112041330899 0.04570338544042354
6 0.8405718777399794 0.8197616342620732 0.07388292759490156 0.07698974687674216
0 0.5337825640172834 0.5078100383438487 0.06746021077238851 0.04726588544042372
7 0.41048596458301756 0.48287314997655884 0.07843407220870695 0.05357951795398073
1 0.6211042602535366 0.8075469388113868 0.08176815046753809 0.08953519867214013
10 0.23117817614097297 0.953257070647078 0.11460792154477702 0.09348585870584394