9 0.11647347037856029 0.752502462706539 0.06485343262955987 0.04754961179556503
9 0.21742409010190689 0.6498189176085296 0.058439791395857824 0.0379563569862416
9 0.40586720698587964 0.7681621459241652 0.05073638555165925 0.043933538474587405
9 0.5967552597458232 0.7911655923886354 0.05229888555165907 0.043988102176918176
9 0.7016569939175106 0.7305058561836335 0.0506545649348082 0.03924603847458741
9 0.7994166095836673 0.8106348110856242 0.06170115909060954 0.045877984390903494
3 0.13236111769804698 0.4685267667902229 0.061455697240056485 0.031815484390903495
3 0.3328559955390684 0.4779215810407081 0.0489284237011061 0.02981647477225664
3 0.41219289367262935 0.539955300370669 0.042651150162155815 0.028035719962933036
3 0.5068996473260773 0.6607911008261558 0.047447744317957154 0.034449411069925516
3 0.7044564857998358 0.6148535743324681 0.0489556972400564 0.03137897477225664
3 0.8086297426996947 0.6853892744251352 0.058412517856907445 0.036393856986241604
11 0.8185290738698525 0.8786754829553229 0.0917704886359143 0.0687896947351895
11 0.11144900528159633 0.8167013719623661 0.0854659415580136 0.06544643992586607
5 0.4288912443212524 0.43318694519852574 0.0631545649348082 0.03968254809323426
8 0.11187747362497116 0.702693435664697 0.08543866801906326 0.06388393992586625
8 0.6064672248427871 0.7268029920258157 0.06959547970746058 0.05083830290255768
2 0.40082692532925446 0.654345182584654 0.06482615909060954 0.04598711179556503
2 0.7074200243563198 0.8029165695231446 0.08853639448011297 0.062430567330527965
6 0.7019469147759476 0.44551329729062605 0.06797843262955983 0.047658739200226743
6 0.2963461566615681 0.8250793232361596 0.06981366801906326 0.06333830290255768
0 0.4992353774405749 0.7867633237843139 0.06657957386326192 0.056979175497895794
7 0.38897398742468886 0.8413640329474739 0.0794614034085667 0.07929068511654265
1 0.5074605292242885 0.4944666963796521 0.06630683847375848 0.041354175497895974
10 0.12850546063603235 0.4210342078972156 0.10545115909060954 0.047405768056167294