9 0.8360591396400153 0.8688380845701754 0.0444791754978958 0.06758991439185849
9 0.7138542682258034 0.7867083271265772 0.0332688569862416 0.05926799214211709
9 0.7873562224948218 0.5686176066960819 0.03757441106992569 0.048548815963434674
9 0.7656920097034648 0.37261374792857616 0.04237103847458741 0.05189213978475227
9 0.6828670968194406 0.2790584929661775 0.03779266587924912 0.05479881596343468
9 0.7396031917399648 0.16158420264330592 0.04275298439090332 0.06282963978475227
3 0.5552109329239261 0.9119158806840151 0.02874504809323426 0.0637371683207995
3 0.5206920560674186 0.7051735750596626 0.028363102176918176 0.0527996683207995
3 0.5642386702252363 0.6120443132728385 0.028035719962933213 0.0434246683207995
3 0.6567212921876024 0.49077508891340155 0.03283234736759475 0.04676799214211709
3 0.5712946797590652 0.3003812212545557 0.03137897477225664 0.04982021753501122
3 0.6147222428284239 0.18150709677128438 0.03315972958158007 0.05614299214211713
11 0.9020288800213685 0.8594310053721742 0.059141876223535304 0.08543238585581107
11 0.8015476310328588 0.12625032423109311 0.06404763103285874 0.09190070967712845
5 0.45298371169504864 0.6201221788647696 0.039573420688572544 0.06112159057054054
8 0.7003671100662846 0.3781509644301302 0.04754961179556503 0.06617296360606986
8 0.7889758085144892 0.8830247090534467 0.06259425843752062 0.09495293507002245
2 0.7522792957309815 0.25655210028594105 0.05607143992586625 0.08684933664159918
2 0.676919719499597 0.600132972288013 0.04258929328391083 0.058142139784752266
6 0.8650124857416657 0.6705119005336101 0.057033739200226564 0.06973461124870503
6 0.4049901226801563 0.340214200990676 0.04124504809323426 0.0643193651776464
0 0.7833011503549704 0.4748312193925289 0.05218254809323426 0.06482878742738744
7 0.8632465998994835 0.5752721751407159 0.07616568511654265 0.08154540653397539
1 0.4956399484482047 0.5238315297743924 0.044588302902557685 0.07071491439185813
10 0.5082367292030618 0.9292275051672864 0.05058533175849824 0.10843323821317555