9 0.22025160204486158 0.3367655287672413 0.059829533338636144 0.04079013605166182
9 0.2963970260582246 0.43738530588513 0.05356135200509069 0.039045779625171126
9 0.42495783072086113 0.41144859468150125 0.05199885200509069 0.03900031551854841
9 0.612467468730088 0.48485030542291163 0.048837489337999786 0.03578438730530316
9 0.7705537834181779 0.6472092160851798 0.06451703333863605 0.04092652837152997
9 0.9080714174092691 0.585607789521287 0.07236589600572714 0.04427884890464338
3 0.8003065601129494 0.8550360879510766 0.07091248400699968 0.05360838479802084
3 0.5933202161043589 0.7857535758768828 0.05835794000636341 0.0485571719450391
3 0.5321549020925866 0.6972844577719096 0.05049089600572696 0.04364235141192587
3 0.4734600600731785 0.5526562678801816 0.04885567067154532 0.03734688730530315
3 0.24839642540576942 0.5406406865265156 0.0582852146721816 0.0423071719450391
3 0.16687315806013361 0.4476742850354475 0.06295453333863614 0.04088106426490725
11 0.934733367401315 0.5278096613871839 0.09126134667409076 0.05732441818411545
11 0.2249476453691802 0.27051840314042075 0.08662839067472686 0.06187552586424747
5 0.4702008894414041 0.8095056614536909 0.06951361600890885 0.06762542069139812
8 0.8976884480824054 0.6329457907749283 0.09594884667409076 0.05746081050398359
8 0.3951981527291335 0.471499544602359 0.06618862133990877 0.050346992478152684
2 0.5824992527450419 0.594097273290458 0.0630454400063634 0.04869356426490725
2 0.31203966004931594 0.3722376790046682 0.09126134667409058 0.05732441818411545
6 0.1785940974299501 0.7166743376218723 0.08206816000954502 0.0726766335443795
6 0.7442896333943153 0.4707232724325282 0.07242044000636341 0.048966348904643374
0 0.5245492980585428 0.44636681545204143 0.06460794000636341 0.04873902837152997
7 0.6563805533895428 0.433021032461658 0.08666475334181775 0.06500052586424747
1 0.40597421009704104 0.7264143651354724 0.07741702267663583 0.07566524122451135
10 0.7861173381205854 0.9108541789381611 0.11666133601209054 0.0924268438900782