9 0.1982559085188753 0.8356576698334681 0.04336268083635888 0.06836956677218993
9 0.21229584528673318 0.7406406865265156 0.04317167984777566 0.06368206677218957
9 0.23564711505839667 0.647458987859299 0.04467051285158128 0.06216503087881229
9 0.2563508873015181 0.5424676109788372 0.04116351087441492 0.05269910266556703
9 0.27429707406937603 0.4475642879384414 0.04285334486680377 0.05586956677218975
9 0.29343834631249743 0.34252744695135684 0.0427896778706093 0.05430706677218975
9 0.3129470330803553 0.24766958801758365 0.04610567885919252 0.0590854949854351
9 0.33015839079874026 0.1324083008705651 0.044734179847775654 0.06372753087881237
3 0.6296981343729496 0.1716288913954312 0.043235346843970034 0.0652445667721897
3 0.598647111141245 0.2810122515828456 0.03979201186299797 0.057341138558944314
3 0.5769710879095404 0.3906683964099961 0.03647601087441501 0.05256271034569897
3 0.5594241491645162 0.4949694515037034 0.036348676882026074 0.04943771034569906
3 0.531576380381436 0.5833272578510519 0.03803851087441501 0.05260817445232178
3 0.5201985285945498 0.6705999373179383 0.039728344866803766 0.05577863855894431
3 0.5011845903438173 0.7725117783050229 0.03985567885919252 0.058903638558944316
3 0.47745131859498746 0.8750684769722394 0.04023768083635879 0.06827863855894449
11 0.1320088260093613 0.8298191953020042 0.06463018577927473 0.09239810015828454
11 0.2662378122435589 0.10786529044572384 0.07088018577927464 0.09257995658477527
5 0.6983526338786581 0.1759730620868292 0.059815351786885886 0.08913670783841651
5 0.5454200685949875 0.8770461656103261 0.061250517794497125 0.0860571719450391
8 0.2379762079852151 0.20637934679307227 0.07324118182494192 0.07392088479802066
8 0.14376867977341357 0.7331715158351176 0.07068918479069156 0.0878924565847754
2 0.674078192662176 0.2918110107540457 0.06380251482874755 0.07208560015828454
2 0.5641793388609425 0.7813843246232416 0.06392984882113631 0.07521060015828454
6 0.16868244954507705 0.6400352812745238 0.059242348821136395 0.07507420783841656
6 0.21823009927824694 0.32625993778015683 0.062240014828747636 0.0720401360516619
0 0.5757163581383145 0.6902053951563549 0.04942167984777566 0.06386392319868044
0 0.6435046719019292 0.3894756209414601 0.052610346843970035 0.06551735141192579
1 0.5965328769213947 0.6016430003292044 0.06568334980971961 0.07994356426490726
4 0.6260532336511966 0.4914329260351673 0.06392984882113631 0.07521060015828454
10 0.1970315785180003 0.4241973326073073 0.07336851581733081 0.07704588479802066
7 0.18619755479200412 0.5365154761808165 0.07531301779449713 0.08646634890464319