5 0.44822422359113023 0.11262890853803693 0.046751003628197195 0.08746528366526399
2 0.46464288647515434 0.20200886706822466 0.04965774881887377 0.08132441106992569
0 0.480307581210344 0.29219735744957787 0.044642866604888455 0.07178571996293304
1 0.49737108483854103 0.3776437841286001 0.04809524881887377 0.08126984736759475
4 0.5261086984482046 0.4838020148913064 0.04922123920022692 0.06882441106992569
0 0.5459524616950486 0.5816665960168323 0.04269842068857255 0.06079365626060209
2 0.5710194382814037 0.6723089541842004 0.04598711179556503 0.06559028366526398
5 0.5935343337422327 0.7794666897562301 0.04475199400955034 0.07491071996293322
3 0.3874504146981227 0.11944439292894034 0.035104175497895976 0.06677083774894799
3 0.4112549916472975 0.2187350647986392 0.03488592068857255 0.06052083774894799
3 0.43098962748947967 0.3134746459241652 0.03305060217691817 0.05265377404661713
3 0.4426935085223385 0.4022370455613455 0.03450397477225646 0.049583337748947895
3 0.46999510770403186 0.48967255817521715 0.03126984736759475 0.046349210344286365
3 0.48590533909971034 0.5868922985565704 0.032886911069925695 0.04796627404661713
3 0.5051042616023814 0.6886904115332617 0.03455853847458741 0.051145837748947896
3 0.5338145933608797 0.7940673922959681 0.036393856986241604 0.05901290145127884
9 0.10953623502387555 0.17999254564616352 0.052455366604888545 0.0720585384745874
9 0.12137652531256146 0.2726611952833438 0.05218254809323426 0.0642460384745874
9 0.14490828375008197 0.3641393671530427 0.05051092068857255 0.06106647477225646
9 0.1641890518062493 0.4682812301297341 0.04549603847458741 0.05152778366526398
9 0.18311515579726606 0.5622668431064255 0.04862103847458741 0.0516369110699257
9 0.201587392002268 0.6656547379342824 0.04862103847458741 0.0516369110699257
9 0.22124018229095394 0.7580505690598084 0.053526793283910835 0.058050602176918174
9 0.237696050709941 0.8708953094411616 0.05218254809323426 0.0642460384745874
11 0.04432046279135698 0.19400297114405946 0.0719692584375205 0.09458830290255768
11 0.17604178809606924 0.8972966075343958 0.07794643992586625 0.08699405771188111
8 0.054734662335870043 0.2906324344835706 0.07794643992586622 0.08699405771188111
8 0.1485492159562179 0.8043923449205241 0.08068949400955025 0.07616568511654265
6 0.07581354336872882 0.3790674519067657 0.07449405771188108 0.0775099303072194
6 0.12573422013256913 0.6886408593484944 0.07120536660488849 0.07271330290255769
7 0.09196931142489617 0.4833184422881189 0.09066469473518964 0.09368056733052796
10 0.10282002058805606 0.5924479056276301 0.09011905771188111 0.07805556733052796