9 0.8862783285923623 0.35745125203518546 0.06358233893530496 0.027653441558013546
9 0.795430494105682 0.3535643672943052 0.054207338935304605 0.02748980032431154
9 0.7026845785923623 0.3606558928618504 0.05576983893530461 0.02751707386326192
9 0.6019351620904596 0.36319628612414734 0.04164367193911023 0.025709112012708868
9 0.5104970785923624 0.3640105381527422 0.04476867193911023 0.025763659090609535
9 0.4104652450942652 0.364974794645564 0.04476867193911023 0.025763659090609535
9 0.32071699558855676 0.3688867731352085 0.04808467292769345 0.030505706168510206
9 0.2104015780980708 0.3669033076312075 0.052644838935304604 0.027462526785361163
3 0.21495772140545003 0.651401038556484 0.0575870069200823 0.03379434740221221
3 0.3216069694282837 0.6401578011383857 0.04502333992388783 0.032013659090609534
3 0.4246364689339921 0.6360139975676633 0.0482120069200823 0.03363070616851012
3 0.5255768864244781 0.6381611043053663 0.04183467292769336 0.030396612012708955
3 0.6149749674511173 0.6256553758157218 0.04177100593149916 0.02883411201270878
3 0.7018847184397006 0.6288291944039779 0.048148339923887916 0.03206820616851012
3 0.7987915519377977 0.6279194849890569 0.0560245069200823 0.03376707386326192
3 0.8978511344473118 0.6222813652657103 0.05745967292769336 0.03066934740221221
11 0.8868566487445868 0.29489670495728476 0.07971667490485998 0.040426176947516976
11 0.19535489825029512 0.30462149594281024 0.07684634288963736 0.04662162986961631
5 0.8966188982874762 0.6879745491130862 0.0768463428896375 0.0466216298696164
5 0.21372548524561447 0.7170942224038599 0.07066000988583179 0.048075035713814884
8 0.7943826472617119 0.28947459375535484 0.08009867688202607 0.04980117694751698
8 0.28813264726171195 0.29831122037526503 0.06603617688202608 0.04955571509696392
2 0.3214743182494201 0.7136498482162864 0.06941584486680377 0.05586026217486477
2 0.8068069817855733 0.6903240276027307 0.07247717787060921 0.05435230925276535
6 0.7024816487445867 0.29811498255342495 0.06715300790866544 0.038645488635914306
6 0.40291273026551755 0.294744115262415 0.0625291749048598 0.040126168019063255
0 0.712052897298893 0.6865053267092263 0.061094008897248565 0.04322389448011297
0 0.41874856627225376 0.7025702520318902 0.05497134288963732 0.04623980032431163
7 0.6032310652464895 0.29906560227677154 0.07534750988583169 0.04815685633066593
10 0.49741214676742035 0.2923128161559194 0.06291117688202608 0.049501168019063256
4 0.518780399770351 0.7016059955390684 0.06629084486680377 0.05580571509696401
1 0.6279007317855734 0.6934468478125446 0.07572951186299814 0.05753185633066593