9 0.13191958664610834 0.8883788871765124 0.041973484284234266 0.0631818384737585
9 0.12538495037601272 0.7940385519491647 0.0448073858558109 0.056986385551659066
9 0.19719363792723468 0.6936470397743 0.03826628742738745 0.05062729139585773
9 0.13049855934840615 0.38256526379971767 0.04466183664159917 0.053861385551659244
9 0.20259834532805154 0.27592375162485305 0.039756012820281586 0.0490920649348082
9 0.12856799400414398 0.17261356534184524 0.0448073858558109 0.056986385551659156
3 0.4268147096816376 0.8754253250843732 0.029473484284234176 0.06296365016215581
3 0.3183131207637269 0.5736600478919749 0.03030823821317572 0.04736592370110611
3 0.4294262109199828 0.3835923810907276 0.028818512820281583 0.048901150162155814
3 0.428124884203181 0.27745147524652897 0.025475188998963994 0.04415910308425506
3 0.43805215591480273 0.16486965462967795 0.030817660462916764 0.058303423701106104
11 0.06376890012834371 0.8934715361208522 0.06159677956950458 0.08225912094116268
11 0.06406657651191391 0.501597681818781 0.062067660462916716 0.05884889448011279
5 0.48888033188859736 0.5652184821463878 0.0323073858558109 0.0567681972400564
5 0.5005157686112499 0.16455996307166432 0.036305681141081084 0.07557274431795716
8 0.37590083478408154 0.6780378563339613 0.036014582712657714 0.06932274431795715
2 0.3751389712590649 0.3759532049539895 0.04353598428423435 0.06320911201270878
6 0.12807138027423962 0.26707663149446936 0.06264985731976358 0.07134889448011297
6 0.3166972326316045 0.2731515332814783 0.0401198858558109 0.0569045649348082
0 0.25537001096276396 0.6848254188331374 0.04524403349844599 0.06636138555165907
0 0.3157445847840815 0.6790878875835494 0.038848484284234354 0.0631272913958579
7 0.05883122870266302 0.2620403039777595 0.08354455417661044 0.08420345048646727
1 0.4962862251880063 0.389450868915863 0.0421190334984459 0.06630683847375848
4 0.36427832237808466 0.8772975166423868 0.043720074854774894 0.10068183847375849
10 0.18859342576890686 0.794496473621676 0.0653767510334573 0.09637616801906326