9 0.6473573526814084 0.10483488652057807 0.04763861600890866 0.06589771077238851
9 0.5972857220321349 0.23325986837020546 0.04286020934118149 0.05805793969514968
9 0.6928442173774525 0.3209911516458886 0.045985209341181485 0.058076120413308896
9 0.7311452907383604 0.5239070733870574 0.041261346674090406 0.054923849336070064
9 0.6721264687698589 0.7562973925707024 0.039771572008272214 0.061164758976990544
9 0.8065838321132676 0.829738916869395 0.049292022676635835 0.07371930113146803
3 0.5175673327895852 0.9025189284786641 0.039844297342454024 0.06741475897699019
3 0.46430433076063204 0.6895331151487516 0.03657384667409058 0.05489657825883114
3 0.5029572034134053 0.5869575609922213 0.03493862133990877 0.04863748789975162
3 0.5912464493952699 0.4528411153451433 0.038099984006999675 0.05178066861791066
3 0.48274196403563463 0.2597092597625574 0.03655566534054522 0.053334078258831144
3 0.5195596166852263 0.13370529596510672 0.041334072008272216 0.06117384933607006
11 0.7109289566756815 0.06227468179831375 0.07456474267981754 0.09730224687674202
11 0.8751611094445858 0.8144951910698918 0.06833292401336308 0.09882838544042372
5 0.3820270854153144 0.6017245638208918 0.05390679734245411 0.06749657220870695
8 0.7584190521164491 0.8534582180008631 0.06835110534690844 0.10039088544042371
8 0.624239668045816 0.3338911274453918 0.05394316000954511 0.07062157220870695
2 0.6190907334102238 0.5628428292407899 0.052398841343090474 0.07217498184962742
2 0.6681340240292715 0.21175250703208287 0.07156701201463563 0.10822156615858276
6 0.30521694804263444 0.3123080606976337 0.05390679734245411 0.06749657220870695
6 0.8198179867520414 0.6241792632785987 0.06181020401018138 0.07535452400410492
0 0.7175180480585428 0.4271047962596943 0.05550566000954511 0.07063066256778665
7 0.8085163127386785 0.5258008506126164 0.080705654678545 0.0879636083130606
1 0.41991688940163324 0.5007160548439014 0.05866702267663584 0.07377384328594587
10 0.46701334945890327 0.9223456151487517 0.07167610001590852 0.11759656615858276