9 0.9062478106301836 0.2952101100544004 0.06613407733927232 0.0456594924781526
9 0.7681296452896385 0.34433426867160444 0.05668635200509069 0.039136707838416565
9 0.686408025302365 0.2481746710206024 0.0520352146721816 0.04212531551854841
9 0.3442296159691378 0.23743678167023524 0.05517839600572696 0.04377874373179384
9 0.26874890531509177 0.14224029044572384 0.06302725867281786 0.04713106426490725
9 0.16735003731700077 0.12522262351524954 0.07401930267345422 0.052136813011266006
3 0.05849955927754802 0.4127787963182186 0.06758748933799978 0.036329956584775225
3 0.41993704595004766 0.3803122549480579 0.053506808004454245 0.03435827962517113
3 0.569009250596776 0.5315745412371466 0.053506808004454245 0.03435827962517113
3 0.6780933492600488 0.5597570287007343 0.05196248933799978 0.03587531551854841
3 0.7847518819223672 0.594902570004388 0.05666817067154515 0.03757420783841638
11 0.5960562926480009 0.15489002078317554 0.06947725334181776 0.06450042069139798
11 0.1900250159930003 0.0571091210079671 0.09295111600890867 0.06830738229073818
5 0.35230300859327607 0.5510590124699053 0.07561816534054504 0.05530727711788863
5 0.7644479252466858 0.6607405186716045 0.0803238466740904 0.057006169437756785
8 0.285943306612048 0.41080007383181866 0.0801965773392725 0.04606866943775678
2 0.5984609406031393 0.4855406272096663 0.07087612133990895 0.050483384798020656
6 0.7254597926082299 0.4517232198461034 0.06769657733927233 0.045704956584775226
6 0.808028486632729 0.2735958713371715 0.07883407200827222 0.06321070533113407
0 0.31083476595322945 0.35369226748447025 0.0723477146721816 0.042716348904643375
0 0.33025747529441085 0.2964253367639424 0.07396475867281786 0.047449313011266
7 0.8408142619748649 0.20968413552293647 0.09938292934436319 0.08411423871722894
1 0.5337888185869127 0.6032305808914475 0.07414657200827239 0.06307431301126591
4 0.08340919995227493 0.35410848997087013 0.11469884667409055 0.058006379783455755
10 0.24142278930618305 0.20709240063313827 0.10861247867599957 0.07188702335696498