9 0.1729524164125002 0.2899709820213186 0.07140352773541672 0.05055992198083885
9 0.26137913677722246 0.30084760628614954 0.06021145459715278 0.03904921189493056
9 0.3508234964846183 0.3219214241285454 0.05708645459715278 0.03888543758467104
9 0.4534763710096531 0.34056628278954415 0.046112587005972115 0.03674972749876275
9 0.5427752603523267 0.35539010063194 0.04771145459715278 0.03839411465389251
9 0.6438292672861808 0.372390572137809 0.0476750870059723 0.03683161465389251
9 0.7331827080156254 0.3895581399802049 0.05399782218833345 0.04028416327441162
9 0.8427940973582988 0.4054464908392875 0.05548758700597247 0.03724105042954129
3 0.14081728932201434 0.5520272467206396 0.06017508700597225 0.03748671189493056
3 0.24036334764263936 0.571289581071379 0.05708645459715278 0.03888543758467104
3 0.3359667883720838 0.5887846975342937 0.05072735182361114 0.03387038896415202
3 0.42125032494121584 0.5987162974888653 0.04763871941479181 0.03526911465389269
3 0.508441853626563 0.6235735345985665 0.04444098423243048 0.03198034034363317
3 0.6039543753780561 0.6371624010614813 0.047602351823611146 0.033706614653892686
3 0.7105498674942714 0.6575744776103045 0.04767508700597212 0.03683161465389269
3 0.8141476461796187 0.6832915298488681 0.05552395459715278 0.03880355042954129
11 0.1738232789696877 0.22681256275401324 0.0872103656913195 0.05919129353213641
11 0.8624513275066669 0.3448332174335391 0.08255923328250034 0.06050813206674714
5 0.8101699674180214 0.7470674248059139 0.07460126291777769 0.05384869629109836
5 0.14152711056041717 0.6160488031430748 0.08088763050895835 0.055738744911617386
8 0.2669011317432294 0.23637234848423344 0.08586607123840287 0.06848440637700666
8 0.7698274164125003 0.3212518752808838 0.06391833605604162 0.06421298620519007
2 0.7020483428929867 0.7281359611019611 0.0637728656913195 0.05796298620519007
2 0.2300265661075005 0.6300504274079057 0.07630923328249999 0.06018058344622812
6 0.3571631090418058 0.2590496099041942 0.06991376291777787 0.05360303482570909
6 0.6554557918874655 0.3019928629564119 0.06366376291777769 0.05327548620519007
0 0.6093516966164589 0.7014296189493058 0.058867160144236055 0.0483423247398008
0 0.32083340406340327 0.6426123824054313 0.06667966014423624 0.048751760515449584
7 0.45503756458888905 0.2735425570998037 0.0827047036472223 0.06675813206674715
10 0.5613966673624308 0.2837983836486268 0.06867857123840296 0.06758364767057934
4 0.511440873478195 0.6853741717536963 0.0700228656913195 0.058290534825708916
1 0.4055357123840283 0.6610967887824379 0.0778717332825 0.06026247060135788