9 0.5550787722431214 0.09264917410885369 0.03392401384016441 0.06635235182361114
9 0.5557101250185905 0.18490940929121483 0.033669345855386903 0.06010235182361114
9 0.4867783942959624 0.2780067522811107 0.03341467787060921 0.053852351823611144
9 0.5263462075652855 0.5773703194354509 0.036412343878220454 0.05080008700597229
9 0.4553253948274351 0.6767722138121177 0.03328734387822045 0.05072735182361114
9 0.5151235005686537 0.781731164325208 0.03354201186299797 0.05697735182361115
3 0.27105659931542797 0.06954420811253449 0.046360346843970036 0.06508079255305559
3 0.3674792490485979 0.38244229198437474 0.03953734387822046 0.050872822188333264
3 0.24186111961856413 0.562096037234722 0.044224843878220454 0.05098192496187508
3 0.23459905935217149 0.6717437941685762 0.04266234387822045 0.050945557370694415
3 0.21639949908577893 0.7816461242406942 0.04935801285158128 0.062028527735416714
11 0.614549272737413 0.09361095564399255 0.044126684790691685 0.08688305737069449
11 0.5885186023183586 0.4719184468102773 0.039728344866803766 0.05556032218833344
5 0.18643749608284838 0.37258024876572904 0.061921679847775656 0.06388196846486113
5 0.14902099809719577 0.7785224306614583 0.06893568380210838 0.08277743882958344
8 0.3129270588206989 0.2718873049021525 0.054682182813525236 0.07776263050895835
2 0.28784212307860524 0.5774476270904859 0.061921679847775656 0.06388196846486131
6 0.346731644827435 0.6792997613991665 0.047795512851581276 0.06199216014423605
6 0.5183983977931846 0.6893800101648955 0.04004667984777566 0.06337282218833344
0 0.3733698103035737 0.2775184026417011 0.04798651384016441 0.06667966014423614
0 0.4313096442959624 0.27929780176802044 0.04492518083635879 0.06816942496187509
7 0.573499733268448 0.698263394473576 0.05012201680591381 0.08077852773541672
1 0.16169611714710616 0.5522320343849304 0.0826798488211364 0.07529224715020835
4 0.32918743429639996 0.07601110723885389 0.0715168557412186 0.10781380642076392
10 0.492174207033813 0.1801322967340274 0.0491325197716634 0.09480466014423614