9 0.1513286174037493 0.8116609325613193 0.048438806420763925 0.06827852773541672
9 0.1612686214878119 0.7200728446054165 0.04509560087368061 0.058830792553055566
9 0.18212794177628416 0.6290114335112499 0.0434603656913195 0.05566942496187508
9 0.20015320279420096 0.5255227575994443 0.041679660144236144 0.04625805737069442
9 0.2140176406738538 0.4330625006655901 0.04331489532659729 0.04941942496187508
9 0.22966278410058996 0.33119087614055537 0.044913762917777864 0.051018292553055566
9 0.24661585438906228 0.24022038402434007 0.046585365691319505 0.05574216014423614
9 0.2601718209540624 0.12746581088607617 0.04665810087368065 0.05886716014423614
3 0.4247472803977771 0.8396534203091317 0.034267203647222286 0.06326371941479181
3 0.4434265048465619 0.7416153106017357 0.03568423328249999 0.05705008700597229
3 0.46050686170416616 0.6451760684855203 0.030851262917777688 0.05069098423243048
3 0.4695383292190968 0.559074914325208 0.032268292553055744 0.04447735182361114
3 0.49419479673402733 0.4726100842530899 0.033903527735416716 0.04763871941479181
3 0.5059336901607636 0.3708293787060065 0.030851262917777865 0.05069098423243057
3 0.5237952970183677 0.27437195279420096 0.03248649810013902 0.053852351823611144
3 0.550577962196597 0.16365200513090233 0.03568423328249999 0.05705008700597229
11 0.08746613915524237 0.8045582537997221 0.06613545269729175 0.09055357123840295
11 0.19736334963940966 0.10862619832888872 0.07071384992375007 0.0859751740119445
5 0.48650239798895767 0.8366544004574996 0.04560474715020853 0.08070579255305574
5 0.6105523742406943 0.17006435287045088 0.04389677678548622 0.07441942496187504
8 0.1748869779641665 0.20206772701423598 0.07343880642076392 0.06886040919430565
8 0.09508057703489523 0.7122434672305902 0.07696384992375008 0.08612064437666671
2 0.5916367604492359 0.27825871257784673 0.05457970364722229 0.06373649810013893
2 0.49867704929947854 0.749699261114826 0.053271776785486225 0.07463763050895836
6 0.11510409593659669 0.6235439899320138 0.06577177678548618 0.07492857123840277
6 0.1558622613991664 0.3149495867216318 0.06573540919430565 0.07336607123840277
0 0.5667984549784025 0.37253604264996476 0.03884560087368065 0.058685322188333354
0 0.5109608033835411 0.6580566217721524 0.03899107123840295 0.06493532218833345
7 0.12844185695451343 0.5201644167937498 0.08172408510611118 0.08935474715020852
1 0.5269326019205204 0.5756980634515273 0.051782011967847194 0.07772626291777769
4 0.5504993481207983 0.46895710097058985 0.04524107123840295 0.06508079255305557
10 0.13640178695038158 0.413005880224618 0.08139677678548618 0.07529224715020835