9 0.8935061749358282 0.48830086806862133 0.06595463978475244 0.043608758891340214
9 0.7689449766312393 0.5253748748930469 0.05479881596343468 0.038411836641598994
9 0.6818387748119936 0.42933032071643645 0.053163541356328815 0.03677656203449331
9 0.355366166044488 0.3993130651348652 0.05948631596343468 0.038630160462916764
9 0.2730566261359012 0.3058305847795723 0.06580909057054055 0.04048375889134013
9 0.17300096815418384 0.28324064722835035 0.07227741439185813 0.04546235731976367
3 0.09235039743323817 0.5601241708019989 0.07242296360606985 0.04858735731976367
3 0.4406401941662505 0.5397069327937111 0.053163541356328815 0.03677656203449331
3 0.601933066787495 0.7054689815936379 0.05672518899896399 0.04629711124870504
3 0.7134356470189533 0.7395058413946008 0.055162688998963996 0.046224336641599174
3 0.8237396002859411 0.781282426588458 0.06788101282028158 0.05149403349844608
11 0.5862843722069597 0.3360105062007438 0.07144266046291677 0.061014582712657715
11 0.18716832195929076 0.2191974179065148 0.0982234842842343 0.0669392510334573
5 0.8097541829985987 0.8492319059102936 0.08267125889134022 0.06777400496239849
5 0.39350413667987116 0.716029684241453 0.07322348428423427 0.06577485731976367
8 0.31638721091547356 0.5666610769216895 0.08372433664159917 0.056909279569504534
2 0.6263851031814252 0.6613936499144375 0.07151543507002245 0.06257708271265763
6 0.7457322626108847 0.6295336819651414 0.067662688998964 0.0468065334984459
6 0.8003726050434519 0.4636946662493758 0.07256851282028158 0.05171235731976367
0 0.33471552584545095 0.5082685341176185 0.07242296360606985 0.04858735731976367
0 0.345413277293193 0.4534183682780183 0.07413101282028159 0.05178513192686936
7 0.8225707826698765 0.4047028099630695 0.09687930810555194 0.07155397642635145
1 0.5758115225356821 0.7806487640586267 0.08169095574818712 0.08020123035529281
4 0.11067871236321558 0.501731627997928 0.11719180810555185 0.07250004631872749
10 0.25178524772368843 0.36798382836943155 0.10425516046291668 0.06254284946188075