9 0.6704198552483398 0.7947814214256808 0.03245293507002263 0.060757717535011226
9 0.5675067169113295 0.7032724716733497 0.025911836641599174 0.054216619106587774
9 0.6584826656302033 0.5048648968185748 0.02547518899896417 0.04484161910658777
9 0.6614684627775003 0.31681908726528085 0.028600188998963993 0.0449871683207995
9 0.5942745006191725 0.21894882154951517 0.02874573821317572 0.048112168320799585
9 0.66127360194308 0.11091368962264574 0.0323073858558109 0.05763271753501131
3 0.3971279044625515 0.8106419776692058 0.0323073858558109 0.05763271753501122
3 0.3891933182352371 0.6066629530620998 0.03179796360606986 0.04669521753501123
3 0.44471126405862665 0.5210850179920772 0.026892139784752266 0.04178939371369381
3 0.5494650765074047 0.41677204549466734 0.026892139784752446 0.04178939371369381
3 0.4894778387085138 0.22148097022560762 0.02562073821317572 0.04796661910658786
3 0.5431229154253154 0.11250192245913797 0.029036836641599173 0.054362168320799584
11 0.7322841544625515 0.7950318244449993 0.047388730355292806 0.08016268899896399
11 0.7234996201400452 0.08531006803485852 0.055856201819245575 0.09458906203449331
5 0.33006656720177985 0.5138975643108049 0.0494948858558109 0.05843323821317572
8 0.6230183163732103 0.8024697969424093 0.041284279569504534 0.08299659057054072
8 0.600239864349077 0.3134072969424094 0.035796258891340214 0.06559076674922296
2 0.5527420878799443 0.5207510701017732 0.032161836641599176 0.05450771753501123
2 0.6593900783694315 0.20495478805106915 0.03972177956950453 0.08292381596343468
6 0.3146597752262784 0.2335379762214637 0.04807793507002263 0.06148546360606986
6 0.7181552262169545 0.6093490355698699 0.04182793507002262 0.061194365177646405
0 0.6637095130251693 0.41536574917593966 0.03848461124870504 0.056361315963434674
7 0.7257258236119206 0.519740726016576 0.05483735731976367 0.07271406203449331
1 0.38156910111451053 0.42615781575854694 0.05283820967712849 0.06326628742738745
10 0.3457473409803161 0.816949789703699 0.056074525640563165 0.09927656203449331