9 0.8596538185944697 0.5006976360270092 0.06430793969514959 0.04591871572854593
9 0.7367930355151783 0.45839747298576905 0.04863748789975162 0.037196163111827475
9 0.6560793667008757 0.5458526993788329 0.05020907825883114 0.038849668373499215
9 0.46729412265280407 0.5824973127165392 0.048628397540672094 0.03563366311182729
9 0.23190152331673403 0.5281760208349259 0.06117384933607006 0.0441742052052021
9 0.17560204722264325 0.6506355787839034 0.07054884933607006 0.04472023677523325
3 0.0630919151018694 0.3738617052052021 0.07217498184962738 0.05574874203690507
3 0.2705453459182245 0.32424665500755806 0.06121930113146812 0.0519867052052021
3 0.37620499345889646 0.3632020101704079 0.05338862041330898 0.04840667889684287
3 0.5219947373105764 0.4536967495058898 0.05803975897699054 0.04242969468185827
3 0.7009959152000652 0.3461936045981525 0.06275453005422929 0.047390210466874014
3 0.8269362464839585 0.3808632781627363 0.06431703005422947 0.04748121572854576
11 0.9052663004440971 0.5548992886154929 0.08624657220870695 0.05813028939195171
11 0.19546964050858912 0.7095856445548016 0.08779998184962734 0.056658794653623445
5 0.3458039002711465 0.2388166601986427 0.07540906615858275 0.07468075256024882
8 0.14642763162979455 0.6028582314429742 0.0940681625677866 0.060147815700310935
8 0.639309502337691 0.4823971441312785 0.07375566256778647 0.058964747298576904
2 0.4151180234149299 0.47402538908136815 0.06438066256778666 0.058418715728545755
2 0.7676072191602038 0.5195470755883701 0.08466589149054773 0.05491428413027997
6 0.3779321616840238 0.6600770101704079 0.0658886204133089 0.04913472099021767
6 0.6288658642649889 0.1639278651920833 0.07073065651766228 0.07597023677523321
0 0.557800947984769 0.5674631178935063 0.06588862041330898 0.04913472099021767
7 0.469996941836449 0.6443525706090469 0.08000566256778666 0.05932876834526439
1 0.4530078670936592 0.2747380206231644 0.08016019867214012 0.08589126834526431
10 0.049492502534082786 0.3184006604809914 0.09582156010845859 0.09305132096198285