9 0.9141738128122127 0.7239063692215952 0.07027800790866542 0.03990080290255769
9 0.816277482279865 0.7337501059747513 0.06246550790866543 0.039627984390903495
9 0.7179354827741566 0.7326563427279075 0.06090300790866543 0.03957342068857237
9 0.6057856512532257 0.7373215061600857 0.05152800790866543 0.03924603847458741
9 0.506167653230392 0.743204429210911 0.05159167490485981 0.04080853847458741
9 0.3980195722037528 0.7503497518989166 0.04996550790866543 0.03919147477225664
9 0.29986857368662756 0.7539434886520726 0.054780341901054186 0.04248016587924912
9 0.17784899364857146 0.7652852380191005 0.06252917490485976 0.04119048439090349
3 0.8694555845238614 0.4305730314726473 0.06520850593149916 0.030362111795565028
3 0.7610846690105418 0.43224960416065283 0.06364600593149916 0.03030754809323426
3 0.659091087489611 0.43726943165798177 0.054398339923887915 0.033105165879249124
3 0.5667271739534577 0.44886664136929577 0.046394838935304605 0.02814484736759475
3 0.4704742564629717 0.4416047236759482 0.04964717292769336 0.03137897477225664
3 0.365546675930624 0.45120292376861537 0.04964717292769345 0.03137897477225664
3 0.25105309440969314 0.45578624164729753 0.052708505931498985 0.029925602176918177
3 0.13467867790779037 0.45250249582364876 0.06221083992388783 0.033377984390903316
11 0.9255370771466687 0.792175219584415 0.08966467787060921 0.05618056733052797
11 0.17371459197541625 0.8361334513586115 0.08685801285158128 0.06388393992586643
5 0.12084432958094556 0.3810267999073328 0.08172484387822054 0.05278274881887359
5 0.8526554036875027 0.3628944581516696 0.0815338428896375 0.048095248818873594
8 0.8262055806067098 0.8050893926352402 0.08379667984777583 0.06533731252120453
8 0.2783384249792219 0.838226719414779 0.07142401384016442 0.06802580290255769
2 0.7577249056646689 0.36894107230948736 0.07534750988583169 0.04943949400955026
2 0.2447765780980708 0.3783333642426358 0.07078734387822046 0.052400802902557685
6 0.7294260811010014 0.8040501930907272 0.07410334486680377 0.05719743030721958
6 0.40129842250776393 0.8308185018989164 0.06791701186299814 0.058541675497895795
0 0.6597649081361269 0.3772223090626435 0.06571784190105419 0.042862111795565025
0 0.34487207859236235 0.3841691911918106 0.0625291749048598 0.041190484390903406
7 0.6198110005686537 0.8134847020764017 0.08255251482874755 0.07309524881887342
1 0.56698715912471 0.37866326877395756 0.08016234387822045 0.05272818511654283
4 0.451521326615196 0.3785318048014742 0.0659725098858317 0.049112111795565114
10 0.5065125045229865 0.8282515518062492 0.07474001482874755 0.07282243030721958