9 0.71328125 0.1357797662372603 0.0421875 0.07203150889724856
9 0.7015625 0.2331322687087182 0.040625 0.06571784190105419
9 0.67890625 0.3293679401535369 0.040625 0.06259284190105419
9 0.65859375 0.43957061110406404 0.0359375 0.053026840912470875
9 0.6421875 0.5339891145641051 0.0359375 0.05302684091247105
9 0.62265625 0.644159952016535 0.0375 0.05309050790866543
9 0.6046875 0.7402046224727705 0.040625 0.05946784190105418
9 0.58828125 0.8580606259328116 0.040625 0.06259284190105419
3 0.43359375 0.09483240855605637 0.0375 0.06559050790866539
3 0.4109375 0.19966183000087506 0.040625 0.06259284190105419
3 0.39296875 0.30273775045711054 0.0375 0.05621550790866543
3 0.38203125 0.39458966943047125 0.0359375 0.05302684091247105
3 0.35390625 0.48636067536197036 0.0359375 0.051464340912471054
3 0.33828125 0.5924660953239143 0.0375 0.05309050790866543
3 0.3171875 0.7042630997725385 0.040625 0.05634284190105419
3 0.2875 0.8164102727002319 0.0421875 0.06578150889724874
11 0.78046875 0.14241708540090142 0.059375 0.0914818458553869
11 0.6515625 0.8836071125869388 0.0609375 0.09154551285158127
5 0.36484375 0.09060250638860959 0.0578125 0.08985567885919248
5 0.21796875 0.8090872040308824 0.059375 0.08210684585538672
8 0.76875 0.2460195878723594 0.0640625 0.08854784684397003
8 0.6765625 0.7849321906478284 0.0640625 0.07761034684397003
2 0.3484375 0.1842397598486507 0.0640625 0.08386034684397004
2 0.240625 0.6933202825860637 0.0671875 0.07148768083635879
6 0.74609375 0.33834900931717804 0.05625 0.07885451186299815
6 0.696875 0.6591045196973013 0.0546875 0.07410334486680377
0 0.3359375 0.2831865958182058 0.053125 0.0740396778706093
0 0.26953125 0.5944861931564674 0.05 0.06297484387822046
1 0.3140625 0.37314043376492734 0.0671875 0.0886751808363588
4 0.28671875 0.48753585619832923 0.0671875 0.0839876808363588
7 0.72890625 0.4452993462753163 0.0703125 0.09036501482874755
10 0.7171875 0.5590580987467743 0.0703125 0.07942751482874755