9 0.5775533826782266 0.08851059250037893 0.04144316000954511 0.07054884933607006
9 0.567688581357408 0.18063445998682162 0.03978975334181776 0.06272725897699045
9 0.4859305987030438 0.2707776709556019 0.03657384667409058 0.05489657825883123
9 0.4940907334102237 0.5692424420328408 0.03655566534054522 0.053334078258831144
9 0.410070816756814 0.6664032674630016 0.036519302673454136 0.05020907825883114
9 0.46123442210372245 0.7666941589535494 0.03815452800763595 0.056468168617910666
3 0.154284988104677 0.7719391533944044 0.057068160009545024 0.07063975292686635
3 0.18112820408972313 0.6619465298578376 0.049110209341181446 0.05809430113146803
3 0.202511760741542 0.5527033400644921 0.049092028007636034 0.056531801131468204
3 0.35354590738381586 0.37390669525429454 0.03968066534054513 0.05335225897699045
3 0.286692025342136 0.06650728571157004 0.052326116008908664 0.06592498184962739
11 0.639263042011454 0.08808841168402384 0.049473836012090364 0.08934430113146816
11 0.5701890620623609 0.4626611648072818 0.04603975334181776 0.06276362041330899
5 0.08161964743790429 0.7707352016972022 0.07287497334499946 0.08635565651766228
5 0.16518284138286138 0.36578005698520066 0.06638861600890866 0.06600679508134402
8 0.3069879860359529 0.26661182484098567 0.06342724801081764 0.08005111436318471
6 0.29836115742358676 0.6665345567888089 0.05234429734245412 0.06748748184962743
6 0.4742424047580867 0.676150972185266 0.04603975334181776 0.06276362041330899
0 0.36877037070336194 0.27243964402463056 0.05554202267663584 0.07375566256778665
0 0.4281544613701347 0.27356632766965605 0.05083634134309047 0.07216589149054772
7 0.530546948758723 0.6811657251121321 0.05557838534372692 0.07688066256778665
1 0.1203532414067239 0.541288596212812 0.0868829293443631 0.08174996974937905
4 0.3460942973424541 0.06919646935659551 0.08094201201463572 0.10827610831306052
10 0.5035442653564535 0.1732305052645573 0.06057496801399935 0.10347043364502548
2 0.2511038020766783 0.5662663911959601 0.061701116008908666 0.06597952400410509