9 0.485606194048363 0.19334083846673816 0.037528743731793844 0.0559424651536097
9 0.5347460391920826 0.29963796768549844 0.03578438730530316 0.049637901451278846
9 0.4568914753228867 0.3866716870154593 0.03578438730530316 0.049637901451278846
9 0.43323632963780645 0.5661310085223386 0.032568459092057724 0.04640377404661713
9 0.49519207501895296 0.7641890518062493 0.03601170783841638 0.057450401451278846
9 0.3835164406166437 0.8422371515360968 0.04101745658477531 0.06855159255827133
3 0.6531984548024086 0.8836533583370041 0.04717652837152997 0.0656448473675951
3 0.6889671555811961 0.6913492964487717 0.04529577962517113 0.05465278366526398
3 0.644233665610326 0.6023760764858386 0.03886392319868044 0.04818452885594056
3 0.5504261781467383 0.489836381750649 0.032568459092057724 0.04640377404661713
3 0.6411778956185733 0.30959829944399664 0.03743781551854841 0.0528174651536097
3 0.6014357825281651 0.2044098024392215 0.03601170783841656 0.057450401451278846
11 0.32405051240339827 0.8370387308475242 0.05240959765100204 0.08455853847458741
11 0.42941001834240006 0.16640382703399278 0.055398205331134064 0.07998016587924912
5 0.7630063976636373 0.6073041678629837 0.06275606426490725 0.06462798439090331
8 0.4276301534696252 0.8562649352013608 0.05259145407749273 0.0908085384745874
8 0.5187011535361321 0.3919519532575281 0.045523100158284535 0.06246528366526398
2 0.536284773290458 0.5939236810250096 0.04382420783841656 0.05772321996293304
2 0.47489366607254446 0.2811582969969259 0.05240959765100204 0.08455853847458741
6 0.8168371251646022 0.33836568410505247 0.06624477711788863 0.07723711179556503
6 0.36266306835503537 0.6620040145127882 0.044051528371529966 0.06553571996293321
0 0.44089205377355895 0.4805481725874891 0.045477636051661816 0.060902783665263985
7 0.3703187924907879 0.5764211785779388 0.058523205331134066 0.08008929328391083
1 0.7237643897460786 0.5193031708582085 0.07084134890464337 0.07427580290255768
10 0.7059513817620127 0.8995437423650877 0.08434155925034226 0.10908731252120454