9 0.8651680203898678 0.503795459631623 0.05950226502711473 0.02498671189493056
9 0.776146427005726 0.5061591417892272 0.053261355386194253 0.026221663274411534
9 0.6828367885402404 0.44269310605900697 0.048582945745273776 0.027538501809022266
9 0.4058475625443455 0.48909563602347605 0.04545794574527395 0.02737472749876275
9 0.3023680385402404 0.4227535837849123 0.04390453610435348 0.028855340343633174
9 0.21290153844204457 0.48288882236495156 0.05014544574527387 0.027620388964152198
3 0.8581266382690937 0.23319635458866889 0.056468168617910666 0.040447937584671044
3 0.5744106893023663 0.33157414235505406 0.04236930718159222 0.03346095318850324
3 0.3925379997054124 0.21504398236000286 0.039298849336070064 0.04267217887824375
3 0.286297090064492 0.2110381558111797 0.04240566861791084 0.03971095318850333
3 0.18234993344863373 0.19856140999505123 0.05647725897699045 0.042010437584671045
11 0.5100492492144332 0.5453223818396045 0.05016362646343318 0.03074538896415202
11 0.8701782281371943 0.5595098710970123 0.07516362646343318 0.03205558344622812
5 0.5640357498036083 0.15920781942427556 0.05656816256778665 0.057635437584671045
5 0.17651302390590923 0.13499355495209708 0.06594316256778665 0.058126760515449585
8 0.6724982104778009 0.2765767831282284 0.06589771077238851 0.050314260515449585
2 0.38265446047780094 0.26138671585165946 0.05188975292686626 0.05895227611928178
6 0.2923794393023662 0.3167935108541339 0.05337953005422928 0.04653416327441153
6 0.29960210772388535 0.4843085594746529 0.0532977168225127 0.03247166327441153
0 0.6736067134046672 0.3328677267057933 0.06117384933607006 0.04381859905006032
0 0.6762822615110732 0.3900218074384879 0.061155668617910844 0.040693599050060314
7 0.2991162943939729 0.535048865897088 0.06738748789975162 0.03789614767057934
1 0.392097117290051 0.13926273236000283 0.06292724687674198 0.07671298620519007
4 0.8592169604778009 0.2863622981662338 0.09407725292686635 0.0611632293077851
10 0.7773498578220812 0.4445222789443569 0.08617384933607006 0.04512879353213641