9 0.22859854939197768 0.17326151684702765 0.0367943458553869 0.06117651741285455
9 0.33378611509557776 0.2625464241285454 0.027164677870609298 0.0544351944820761
9 0.22844340460172363 0.46528192051050077 0.03303267589344294 0.04538774310259512
9 0.2183641145641051 0.6550028397778063 0.036157675893442945 0.04555151741285464
9 0.284920261788636 0.750875261758645 0.031597509885831696 0.04843085594746519
9 0.21083682156073702 0.858950033355371 0.036667011862998054 0.058051517412854636
3 0.5071838058177682 0.1573277368825586 0.022731845855386724 0.06043953301668679
3 0.5084094303048862 0.35781905981333717 0.0237850098858317 0.048021420171816584
3 0.4516554115218058 0.4440973965389256 0.02346667490485963 0.040208920171816584
3 0.3423838877958097 0.5511109571452322 0.028281508897248564 0.043579581637205676
3 0.39571318175057996 0.7410233061952924 0.02684634288963732 0.0466226944820761
3 0.3348473245264866 0.8513566186106214 0.02716467787060939 0.0544351944820761
11 0.16271888140720012 0.17607225633157808 0.05149351581733077 0.0775385018090223
11 0.14546914813875197 0.8876239099950511 0.05487318380210837 0.08395227611928177
5 0.5611895790122918 0.4459232473980082 0.03354201186299814 0.057887743102595125
8 0.28333519855649386 0.6552761567156908 0.041481845855386903 0.06142217887824373
8 0.2759510518634356 0.16399938150092022 0.053438017794497125 0.08699538896415207
2 0.2130306743362061 0.7666806462002412 0.04849584980971959 0.08049972749876275
2 0.34121266003893114 0.4453556021022781 0.03647601087441492 0.05336401741285464
6 0.16930050935435909 0.36040299072774584 0.0508568458553869 0.06191350180902226
6 0.5641740216744677 0.718535231794176 0.03510451186299797 0.057969630257724704
0 0.21771946882244894 0.555538428312417 0.04610567885919252 0.06010534034363317
7 0.15695040657889 0.45214011137453225 0.06842634783255322 0.07218926051544958
1 0.5043718932330171 0.5337640841235967 0.036921679847775654 0.06430151741285464
10 0.5554130587835179 0.14576279511401605 0.04157468775644109 0.10196529172311405