9 0.15140187241635675 0.23260662495759102 0.057778266749223 0.03477679328391083
9 0.25270535318593434 0.3016071069014236 0.04825771753501131 0.031324411069925694
9 0.35498063668438035 0.23251731180341428 0.045351041356328815 0.03590278366526398
9 0.5436428763452982 0.23450885382138073 0.04527826674922295 0.03434028366526398
9 0.7364232276692058 0.3322940454765275 0.05443494292790554 0.02998016587924912
9 0.8351946755595098 0.22120772333667613 0.06410104135632863 0.03655754809323426
3 0.1456162911514411 0.35682537495759103 0.05443494292790545 0.02998016587924912
3 0.25140821877786557 0.4131894476455965 0.044768844499482 0.023402783665263983
3 0.44617921733012356 0.3510093622589013 0.04491439371369381 0.026527783665263982
3 0.5442463821362665 0.45600190790506473 0.040081344499482086 0.023239092558271324
3 0.6268191335840084 0.5084969361280332 0.047893844499482086 0.023511911069925694
3 0.8268919081911144 0.49995028222968363 0.05883134449948209 0.0238938569862416
11 0.8404857971472971 0.15784462778317984 0.08030823821317554 0.049603185116542825
11 0.12785951861124983 0.16869045789721554 0.08372433664159916 0.05596231252120454
5 0.5305220223353034 0.5664582582678845 0.05465326674922295 0.03466766587924912
8 0.3496167404894873 0.2974429073569106 0.06439213978475226 0.04280754809323426
8 0.8391522754356753 0.2702082185273527 0.09110018899896408 0.04686013103285873
2 0.5532104673301236 0.34727174864923765 0.0643193651776464 0.04124504809323426
2 0.24344382320214503 0.23251236652007048 0.09295378742738744 0.05316469473518968
6 0.6542571987188737 0.1705877083605517 0.06468323821317572 0.04905754809323422
6 0.2560849485139859 0.5807216880269497 0.059413541356328814 0.036393856986241604
0 0.4534545239879333 0.22829854855657042 0.06461046360606985 0.04749504809323426
7 0.5657041209686147 0.16276033939341047 0.06860875889134022 0.06635417549789593
1 0.45114704549466733 0.5122916026402544 0.06097604135632899 0.03644842068857255
10 0.8324847826743855 0.5473337137180293 0.10174659057054063 0.04099207694917482