9 0.8 0.1640625 0.0390625 0.06015625
9 0.68984375 0.25 0.0296875 0.0546875
9 0.790625 0.4546875 0.0375 0.0453125
9 0.796875 0.6484375 0.0375 0.04609375
9 0.72734375 0.74453125 0.03203125 0.04609375
9 0.7984375 0.853125 0.0375 0.05546875
3 0.5171875 0.13984375 0.02265625 0.059375
3 0.509375 0.34140625 0.02265625 0.04609375
3 0.5640625 0.42890625 0.02265625 0.0390625
3 0.675 0.540625 0.028125 0.04453125
3 0.6125 0.73125 0.025 0.0453125
3 0.6734375 0.84453125 0.028125 0.0546875
11 0.8640625 0.88125 0.05546875 0.08359375
11 0.8640625 0.16796875 0.05234375 0.07890625
5 0.45625 0.43125 0.03046875 0.059375
8 0.7515625 0.15234375 0.05078125 0.07890625
8 0.73203125 0.64921875 0.04140625 0.0640625
2 0.678125 0.43359375 0.03828125 0.059375
2 0.7984375 0.76015625 0.05078125 0.08203125
6 0.4453125 0.7046875 0.03671875 0.06171875
6 0.85625 0.353125 0.05390625 0.06171875
0 0.80078125 0.55 0.04765625 0.0609375
7 0.86484375 0.44765625 0.06875 0.0703125
1 0.51015625 0.51796875 0.03203125 0.0625
10 0.4703125 0.1296875 0.03203125 0.1015625