9 0.28771700522142435 0.8913616430985762 0.03582970364722229 0.06370040145127902
9 0.2770503025241326 0.8019990427357566 0.03561149810013893 0.05432540145127902
9 0.3380585780753478 0.7065526226801563 0.0292523953265972 0.04941964664195524
9 0.25634875750253505 0.41565231496827526 0.035393292553055566 0.04495040145127884
9 0.3163939450978475 0.31236611306150946 0.032413762917777866 0.05109127404661713
9 0.2383942720358335 0.21440727349846295 0.03561149810013893 0.05432540145127884
3 0.5631163955140285 0.8845858865599723 0.023184233282499987 0.05701389183263217
3 0.44087249391916716 0.5961731725874891 0.024383057370694416 0.04144345553496294
3 0.5319118019554517 0.4159078084296713 0.022893292553055743 0.04451389183263199
3 0.5256052909375349 0.3126463991738441 0.024455792553055567 0.044568455534962845
3 0.5270203609416668 0.20575155842967127 0.024637630508958352 0.052380955534962845
11 0.20111835647635462 0.5245709579820336 0.04811149810013893 0.054761911069925694
11 0.2246175931773271 0.8969643131541767 0.04720361474138901 0.08283234736759475
5 0.603880986985313 0.5901563294810634 0.0356478656913195 0.055887901451278844
5 0.5886118243725349 0.20243807467174008 0.03285017401194459 0.06984127404661714
8 0.5001585345723617 0.6950397477225654 0.02961607123840295 0.06504464664195542
2 0.48407371399954896 0.4064311155085802 0.03412173328249999 0.057395837748947895
6 0.42097234232430586 0.3113343811176768 0.02928876291777769 0.05098214664195542
6 0.2459723423243058 0.30522324645662097 0.04825696846486114 0.06101191106992569
0 0.4462886521635422 0.6947197999921507 0.02957970364722229 0.06348214664195542
0 0.39172843873267416 0.6982788204105709 0.03270470364722229 0.06359127404661713
7 0.18101948955076413 0.2982713528098905 0.0672979091943056 0.07416667549789598
1 0.6007163533422226 0.42065236133222894 0.04204333605604162 0.06235615626060227
4 0.5045771969007994 0.8848834977225654 0.03350479065319441 0.09796627404661713
10 0.3379696187285423 0.8033457771266601 0.048984320288472286 0.09226191106992579