9 0.8231240847514469 0.598650908877309 0.06395608418674961 0.02718254809323426
9 0.7344333110739236 0.6025993096956157 0.05449007892507769 0.02529266587924912
9 0.6425790110174538 0.5398959238534334 0.04824007892507769 0.025074411069925695
9 0.35764329791974403 0.5933557074338794 0.04208108418674961 0.026418656260602268
9 0.2611014978632743 0.5304886304847046 0.04199007892507769 0.02485615626060227
9 0.16114002424222068 0.593539212791357 0.054581084186749604 0.02685516587924912
3 0.15481921871231757 0.3122792891075596 0.056689615756780665 0.03628472958157989
3 0.26070519766563016 0.32223962086605773 0.050439615756780666 0.03606647477225646
3 0.36465695029646616 0.32508685707105967 0.04713260523343692 0.03283234736759475
3 0.5390283477644522 0.43607646469027356 0.045388094710093266 0.02965278366526398
3 0.832481487128169 0.3304639040679856 0.05807010523343692 0.03321429328391083
11 0.8236176374387526 0.6573810681331361 0.08159861049510901 0.03559524881887377
11 0.4599268637612292 0.6517262573412121 0.056689615756780755 0.036284729581580064
5 0.5411809239175197 0.2647098961786193 0.05741765785015538 0.04878472958157989
5 0.15234593707169933 0.24721728429823617 0.07148015785015546 0.04927580290255769
8 0.6425320503388183 0.3794122916394483 0.06937162628012424 0.039846239200226743
2 0.35337854507714656 0.37088050670824 0.0575086631118273 0.05034722958157989
6 0.25828658197943666 0.4309697801218849 0.055036110495108835 0.034667665879248945
6 0.2504755400272362 0.5919618438242157 0.05816111049510884 0.03477679328391083
0 0.6376023556569599 0.4371702279371174 0.05807010523343692 0.03321429328391083
0 0.6384599293909531 0.4896503871929446 0.05788809471009344 0.030089293283910835
7 0.24168509797621374 0.6488021208660577 0.0743321420651399 0.0446974303072194
1 0.3705422002258789 0.25092267077339053 0.06457771046687402 0.06462798439090331
4 0.8315945503388184 0.3860144996214818 0.0962981473268119 0.04702382213985139
10 0.7371102610174539 0.5431970278444502 0.08637711575678075 0.03732143992586625