9 0.5763769804039587 0.1304928802799487 0.02516513605166182 0.0597841030842551
9 0.5800582583797772 0.21866503612414734 0.02654577962517113 0.05356137662320544
9 0.574319072248973 0.308563333202048 0.024983279625171127 0.05353410308425506
9 0.5729491373718101 0.4093173096630977 0.02305706677218975 0.04100682954530477
9 0.5719429153476285 0.49757128612414736 0.024710494985435004 0.04415910308425506
9 0.5722491407370225 0.5943917390462466 0.024710494985435004 0.04415910308425506
9 0.5696804187128409 0.6826729890462466 0.026363923198680438 0.04731137662320535
9 0.572012145355876 0.7903900316599205 0.024892351411925872 0.05040910308425506
3 0.29173361196978104 0.8155844951320314 0.03592077962517113 0.05372501785690744
3 0.30266040327343474 0.7084168774372797 0.032522994985435004 0.04429547077900686
3 0.3049479804704657 0.6029617642067547 0.032522994985435094 0.04429547077900686
3 0.30303379097444927 0.5077310848236058 0.03238660266556703 0.039607970779006865
3 0.31421899505194206 0.41851858035937894 0.032522994985435004 0.04429547077900686
3 0.3104695209161895 0.3326901745151803 0.032522994985435094 0.04429547077900686
3 0.3116348673135504 0.23896744805413067 0.03435827962517113 0.05369774431795715
3 0.3145218380840906 0.13974869805413065 0.029761707838416564 0.0567409237011061
11 0.6358883727238267 0.12476898579983578 0.03664820533113407 0.07872501785690748
11 0.6318501466095171 0.8002775004103324 0.04124477711788863 0.07568183847375849
5 0.25011835728442056 0.1525856631510946 0.04593227711788872 0.07576365909060953
5 0.2267989337565357 0.8198413469984704 0.050483384798020656 0.07115797970746059
8 0.6384615109535667 0.7072405665629565 0.04382420783841656 0.056986385551659066
8 0.6410412224863998 0.21603886810508408 0.04749477711788863 0.07579093262955983
2 0.25000704552679576 0.23691975284266906 0.05498902837152997 0.06498980032431154
2 0.2275240109535667 0.7144135073068959 0.061011707838416473 0.05728639448011279
6 0.6337850004622185 0.3044019387219351 0.034721992478152684 0.06619774431795715
6 0.638564462523777 0.5963576136408573 0.03619356426490725 0.06310001785690744
0 0.25281614528936897 0.3282305454563429 0.045386707838416564 0.057013659090609535
0 0.24047630351086155 0.6181424793037188 0.04529577962517113 0.05388865909060954
7 0.6333099758516122 0.4012360284135096 0.04262542069139794 0.06945911201270878
10 0.6404883268678265 0.5034025004103324 0.045523100158284535 0.06170115909060954
4 0.23780359606815646 0.5221441866900449 0.05802310015828453 0.06191934740221221
1 0.24567358353174412 0.4126873660731939 0.058341348904643375 0.07285684740221221