9 0.1356722672630245 0.31328125 0.06058467292769345 0.0296875
9 0.22495760174970486 0.3078125 0.05583350593149901 0.028125
9 0.3161728507611217 0.3125 0.05433467292769345 0.0296875
9 0.4177035172630245 0.31328125 0.04333350593149898 0.028125
9 0.5083603507611217 0.3125 0.04495967292769336 0.0296875
9 0.6092052677573161 0.3109375 0.046585839923887915 0.03125
9 0.6982359342592188 0.31171875 0.048148339923887916 0.03125
9 0.8093962687458992 0.30625 0.05433467292769336 0.0296875
3 0.11781762790997793 0.57890625 0.05726867193911024 0.025
3 0.21537837741568638 0.58125 0.05427100593149907 0.028125
3 0.30994146091378355 0.58046875 0.05095500494291585 0.0234375
3 0.39528871190236675 0.57578125 0.04476867193911031 0.025
3 0.48400104342329764 0.584375 0.04164367193911041 0.025
3 0.5810352109137835 0.58046875 0.044896005931498985 0.028125
3 0.6856590439175891 0.58203125 0.04802100593149916 0.028125
3 0.7915907089366172 0.58984375 0.05427100593149916 0.028125
11 0.13743769711080017 0.25078125 0.07678267589344295 0.04375
11 0.8276316155898693 0.2421875 0.07853617688202626 0.0484375
5 0.1207078645641051 0.6421875 0.07659167490485981 0.0390625
5 0.7866047785945499 0.6546875 0.06897017589344294 0.04375
8 0.23160153258606372 0.240625 0.07254084486680368 0.0546875
8 0.7332913665784526 0.2375 0.0631021778706092 0.053125
2 0.6804502790888416 0.65234375 0.0581600098858317 0.046875
2 0.20905278156029947 0.640625 0.06740767589344296 0.04375
6 0.31956444760509173 0.2484375 0.06428267589344294 0.04375
6 0.6199782830803553 0.23828125 0.06272017589344295 0.04375
0 0.2990875325488827 0.6359375 0.060775673916276675 0.034375
0 0.5870186140698135 0.64453125 0.05621550790866543 0.0375
7 0.4196917815974805 0.2453125 0.07260451186299814 0.05625
1 0.3825539485564939 0.6390625 0.07222250988583179 0.046875
4 0.49014361406981355 0.64453125 0.06122134288963732 0.0453125
10 0.5239482000765496 0.23671875 0.06479201186299814 0.05625