9 0.1478233798812787 0.24505458357259674 0.06427157825883123 0.03817461179556503
9 0.240051786497137 0.2412425920101172 0.05332498789975162 0.03623016587924912
9 0.3334154462362532 0.3109226641499686 0.0470477168225127 0.031324411069925694
9 0.6291233768562166 0.25326645389050034 0.04551248789975162 0.03595734736759484
9 0.7302995365953329 0.32321934454200596 0.0470568071815924 0.032886911069925695
9 0.8338472382925349 0.25416429889584247 0.054905668617910665 0.039409729581579976
3 0.8227768863241863 0.5452431666818572 0.054832945745273774 0.026909729581580066
3 0.7189115429400447 0.5345834304768553 0.04700226502711473 0.023511911069925517
3 0.6134382477605047 0.5316816305695227 0.04387726502711473 0.023402783665263983
3 0.43980582592114015 0.42481652775963213 0.04233294574527395 0.026473219962933215
3 0.14308029596510674 0.523070456167935 0.05951135538619425 0.025510920688572546
11 0.5240136960398615 0.18786465398316757 0.05654089149054773 0.051964293283910834
11 0.14741483460354302 0.1809648017214313 0.07996930113146816 0.05122024881887364
5 0.8247615671405415 0.6070437622353536 0.06896816861791066 0.03990080290255769
5 0.4365075882177803 0.588797182206136 0.05488748789975162 0.036284729581580064
8 0.3363581181738137 0.47668407340579577 0.0673693071815924 0.03359623920022692
2 0.6270058440715127 0.4829266720393349 0.06424430718159221 0.03348711179556503
6 0.7439853075743759 0.2541518860118182 0.06279089149054773 0.05218254809323426
6 0.7265563921779188 0.42936021713734424 0.056431807181592394 0.03321429328391083
0 0.33856603366846655 0.36580113710812656 0.0595568071815924 0.033323420688572546
0 0.3382387807416004 0.42205113710812653 0.0595477168225127 0.03176092068857237
7 0.7521841478352596 0.1880184545234725 0.07852497579950324 0.07147818511654278
1 0.6052303171405414 0.5993775620578683 0.05961134933607006 0.04269842068857237
4 0.14576038925105259 0.4653398017214313 0.09393180718159236 0.03452382213985139
10 0.23578192213395227 0.3036061827542901 0.08622839149054776 0.05300100362819702