9 0.5715254136866325 0.8530497187537073 0.023948420688572548 0.05975682954530477
9 0.5613840326537736 0.7641099496789837 0.02529266587924912 0.05353410308425506
9 0.6167312423650877 0.6701184419683459 0.02669147477225664 0.048873876623205345
9 0.5461086852013608 0.39383835998740924 0.02658234736759475 0.04574887662320544
9 0.6034449808475243 0.289649691968346 0.028090283665263983 0.04421365016215582
9 0.5354638179635002 0.20093779383478508 0.026746038474587407 0.05043637662320544
3 0.8416469407284743 0.8428626465152984 0.03946429328391084 0.056904564934808374
3 0.7184350969042587 0.560464978089198 0.03272321996293322 0.04273297077900686
3 0.8191369574338794 0.37734674067109975 0.041989092558271414 0.03977161201270887
3 0.8138641256753811 0.2711240142100501 0.038973219962932945 0.0428420649348082
3 0.8172668894703792 0.16709503328477354 0.04102679328391083 0.05693183847375849
11 0.4989559214063627 0.4986310000032953 0.029871038474587407 0.050490923701106104
11 0.516220354793625 0.8587054293864445 0.03074405771188111 0.07549092370110629
5 0.8899827146902736 0.5480898888046607 0.05665179328391083 0.05720457386326174
5 0.8803571665122213 0.16052170495728477 0.056979175497895794 0.06657957386326192
8 0.7820288601511025 0.6578524468396099 0.04916667549789615 0.06644320616851011
2 0.7719072933687288 0.36800869683960996 0.058050602176918174 0.05254434740221221
6 0.7085863486335391 0.27843372808919803 0.04560516587924894 0.05388865909060954
6 0.5416171034428625 0.2876019967568844 0.03154266587924894 0.053643197240056485
0 0.7258061420022679 0.6596155442418222 0.04275298439090349 0.061646612012708955
0 0.6688567375557642 0.6629547784135096 0.039627984390903495 0.0615920649348082
7 0.49080857159169716 0.28770713677277043 0.03672123920022674 0.06778751785690744
1 0.8949182074338793 0.37602397403200827 0.07562004809323426 0.06378185633066594
4 0.7885492225796398 0.84457119683961 0.05952382213985139 0.09473184740221222
10 0.6231573463561044 0.7645951448904452 0.0436260036281972 0.08664661201270878