9 0.1737245219165095 0.5163613622821623 0.060539393713693726 0.027765435070022448
9 0.2662330454901581 0.42712338792272553 0.051164393713693725 0.027328787427387445
9 0.4559013211307212 0.5326221788647696 0.04484161910658777 0.025475188998963994
9 0.6367703314698036 0.5496213959854961 0.04171661910658777 0.025329639784752268
9 0.7347861463997809 0.4949403581438239 0.04491439371369381 0.027037688998963992
9 0.8315926798982268 0.5649318345701754 0.051164393713693815 0.027328787427387445
3 0.8427591581866052 0.45319596794478684 0.0543621683207995 0.029036836641599173
3 0.7423374731165826 0.3892725550006707 0.043570217535011224 0.03165241439185813
3 0.5480823589723934 0.43635295450533274 0.04178939371369381 0.026892139784752266
3 0.4506914745643247 0.32034050268608716 0.04520549214211726 0.03328768899896399
3 0.368274926797855 0.2580352477236884 0.051601041356328814 0.036703787427387446
3 0.16742090219074912 0.2471212107105857 0.0578510413563289 0.0369948858558109
11 0.8490199284504847 0.621091943337681 0.08114299214211726 0.034961504962398846
11 0.1724745450758733 0.5732106757643975 0.07958049214211718 0.03488873035529281
5 0.4624572663349382 0.20473477336425158 0.055599336641599176 0.05559933664159915
8 0.16521850909622793 0.46763276385373886 0.08114299214211718 0.03496150496239867
8 0.643307121792675 0.4891205436281313 0.05465326674922295 0.03528683664159917
2 0.4431401478475229 0.42600830582924026 0.058142139784752266 0.0432448858558109
2 0.7438743560769093 0.5561689565722473 0.07801799214211709 0.03481595574818712
6 0.35198010855810863 0.5776735055815713 0.06068494292790536 0.030890435070022627
6 0.7387650552100677 0.21214712882198833 0.058869885855810725 0.05886988585581088
0 0.5445464441662505 0.5445464441662505 0.054434942927905364 0.030599336641599174
7 0.438245094290085 0.5887073589723935 0.07191354135632881 0.03764985731976367
1 0.5462179902800903 0.2624253029337561 0.06384848428423436 0.06533820967712849
10 0.16416531554914995 0.19395982340703283 0.099931533498446 0.07013702564056316