9 0.14539725803368211 0.1514682746795893 0.043810184158514696 0.056106156260602266
9 0.20920288182414487 0.2656423912844778 0.04041216837349919 0.051309528855940555
9 0.13264881612383397 0.35690974282842386 0.04491765785015547 0.04834821996293304
9 0.12600616104568876 0.5516046839354164 0.043355157850155465 0.048293656260602266
9 0.21523744808915318 0.7668700745869221 0.03434417889684287 0.05421627404661713
9 0.10030342185138112 0.8450545835725969 0.04582771046687397 0.06397321996293286
3 0.38511106135627227 0.8878795229503087 0.0254242052052021 0.061701391832632166
3 0.4062712427427767 0.685863155164294 0.024787168373499213 0.05076389183263199
3 0.35603529528890804 0.5940823937315486 0.027366136803468066 0.0414980192372937
3 0.2495339372834608 0.4737202753125615 0.03232665258848364 0.046349210344286365
3 0.3246535765765905 0.2861136371081266 0.030855157850155468 0.047857146641955416
3 0.2704049633094714 0.16914190271722318 0.03434417889684287 0.05421627404661713
11 0.03504244289806853 0.8365129080747007 0.06080026308359245 0.08008929328391083
11 0.08072010800544724 0.11946181733052792 0.06428928413027983 0.08644842068857253
5 0.4653647926580722 0.5986831028947084 0.03121917889684287 0.054107146641955414
8 0.19882755296965432 0.36313495017748526 0.0535492052052021 0.06268353847458741
8 0.14709512186549856 0.8615625264936877 0.05978379465362353 0.08940972958157971
2 0.2392573189664314 0.5829588660567343 0.04371917889684287 0.05454365626060227
2 0.1390646870716993 0.24675349282842385 0.05767526308359248 0.07998016587924912
6 0.05602831903701856 0.6509300721398514 0.059981215728545825 0.06602679328391084
6 0.4929639608198098 0.3264360806621899 0.03470819994353036 0.06046627404661713
0 0.12282722411516375 0.4583358335725968 0.05658319994353027 0.06123016587924912
1 0.41664584257336756 0.5077381551642939 0.03801521046687402 0.06370040145127884
10 0.4305677745245694 0.900426652169069 0.038818847270341905 0.1042708377489479
7 0.05055113473732951 0.5567981262235353 0.07900423151356135 0.07136905771188111