9 0.8345913520110424 0.8863894576057045 0.04051720364722229 0.0643193651776464
9 0.7260865613578479 0.7845657843225063 0.032450130508958355 0.05301799214211709
9 0.8308428772779172 0.5912225068199163 0.04011716014423605 0.047131865177646406
9 0.8396145459715282 0.39809109098031614 0.040080792553055744 0.045569365177646405
9 0.770063152544792 0.2933992828747643 0.03862739532659738 0.05018409057054054
9 0.8426447077312849 0.19298621401584543 0.04037173328249999 0.05806936517764645
3 0.5508703154419103 0.8677121164159916 0.023220600873680653 0.05883134449948209
3 0.5453794623840282 0.6653319791124386 0.024528527735416715 0.04796661910658777
3 0.6005014138470491 0.5859570022718025 0.024383057370694416 0.04171661910658777
3 0.7137261528291323 0.4882173231976358 0.032268292553055564 0.04520549214211726
3 0.6544745201359724 0.28957646194893083 0.029288762917777867 0.05130994292790545
3 0.7175719725489238 0.18403924544737682 0.03255923328249999 0.057705492142117135
11 0.8994351020110424 0.8894096038005976 0.05501611474138883 0.08372433664159899
11 0.9093412452503473 0.1750217721213973 0.0597399823325695 0.08550516046291672
5 0.4931792231176046 0.5684719416850511 0.029397865691319504 0.05599744292790554
8 0.7870260209889938 0.888076082088976 0.05352634992374998 0.08677656203449331
8 0.7738077080156253 0.38722205748187016 0.048402438829583436 0.06780823821317572
2 0.842464829406528 0.2858458021051867 0.05654224715020852 0.08223461124870504
2 0.7162718842117713 0.5975923231976358 0.0403353656913195 0.0565068651776464
6 0.8934903072737853 0.7010555791934918 0.056178571238402954 0.06660961124870504
6 0.4852160270698266 0.29339916707794533 0.035756968464861136 0.060976041356328815
0 0.8419602556026741 0.49887234098031613 0.05443423328249999 0.05872433664159917
7 0.9054434869853129 0.6110855506574445 0.07507404160312489 0.07373290653397539
1 0.5467568583762157 0.48980544023730915 0.03263196846486114 0.06083049214211726
10 0.5041407858066327 0.8717788782028159 0.036666158244375066 0.10003854135632864