9 0.18610873559118185 0.8457165054734332 0.04004667984777566 0.06468412628012458
9 0.18286567186474817 0.7531572791509566 0.03660334486680372 0.056689615756780755
9 0.1904646076440229 0.6623047659967771 0.0381021778706093 0.05521812101845249
9 0.19394904638904711 0.557662768627613 0.03928267589344294 0.045934126280124235
9 0.1961747326626134 0.4647850238892849 0.03928267589344294 0.045934126280124235
9 0.19871875391715166 0.36409477915095667 0.03928267589344299 0.04593412628012441
9 0.20172569019071793 0.2711715317817926 0.03953734387822054 0.05218412628012441
9 0.19999604692051975 0.16059805282848 0.03660334486680368 0.056689615756780665
3 0.4594825685949875 0.8313530846808597 0.024294345855386902 0.06064907366340577
3 0.4658691728533313 0.731997826788352 0.023912343878220454 0.05127407366340577
3 0.4689716096211892 0.6367308294191879 0.0269100098858317 0.048331084186749605
3 0.4670045444118808 0.5511118478350394 0.025156508897248565 0.04355257892507787
3 0.47838239619876666 0.46315682152668014 0.023530341901054186 0.04189907366340595
3 0.4800815004571105 0.3640745794191879 0.025220175893442942 0.04511507892507769
3 0.4827210222059404 0.2610405846808598 0.025220175893442942 0.04511507892507769
3 0.49326854444906176 0.15520781363417238 0.027228344866803766 0.056143584186749564
11 0.12054740258737626 0.8479762264636509 0.053183349809719574 0.08103716837349921
11 0.13653838338436647 0.1494855185570258 0.05936968281352519 0.07983868942018657
5 0.5541423774528674 0.15322110842897024 0.033987680836358794 0.069007605233437
5 0.5205792360854735 0.8238976294756576 0.03743101581733086 0.07700211575678076
8 0.12653203060889737 0.2420370396037132 0.06530134783255324 0.07239021046687402
8 0.11655492235903978 0.7546812527720103 0.0639298488211364 0.0769867052052021
2 0.522677588366651 0.7341448847373295 0.04036501482874755 0.0724966262801244
2 0.5497493547154544 0.2610336084289703 0.04129084486680377 0.05696263154179624
6 0.12327710764402289 0.6662179922486666 0.05554434585538689 0.06246917889684287
6 0.12178883939241518 0.3584432896037132 0.05736151384016443 0.0688101841585147
0 0.5209333576440229 0.6430571531531809 0.03197951186299815 0.05797909997176518
0 0.5373674184418882 0.35450288736816543 0.030353344866803765 0.05632559471009326
7 0.1221058798871443 0.561067760664518 0.06868101581733081 0.07882222099021767
10 0.11702840213026573 0.4561450422345491 0.07298651384016445 0.06972023677523324
4 0.534233148175933 0.4505511347373295 0.036794345855386726 0.06137711575678075
1 0.5259020419404228 0.559372397891509 0.04055601581733086 0.07718412628012442