9 0.146875 0.6325189464290276 0.059375 0.026381968464861138
9 0.23671875 0.6366778099361456 0.053125 0.026236498100139016
9 0.32734375 0.6298809896476734 0.0484375 0.02612739532659738
9 0.42734375 0.6291159638121178 0.040625 0.027508057370694415
9 0.51796875 0.6293503935236454 0.04375 0.026018292553055565
9 0.615625 0.6294211690748606 0.040625 0.025945557370694417
9 0.70703125 0.6272936649907981 0.046875 0.029216027735416716
9 0.81484375 0.6310343011993396 0.053125 0.026236498100139016
3 0.8234375 0.34958427944784654 0.0546875 0.030960365691319502
3 0.71875 0.35905215805694385 0.04375 0.029143292553055568
3 0.6140625 0.3614887866660411 0.046875 0.030778527735416717
3 0.515625 0.3590924449104162 0.0421875 0.02910692496187508
3 0.42890625 0.37048584622093717 0.040625 0.029070557370694507
3 0.34296875 0.36467356373586773 0.04375 0.027580792553055566
3 0.24765625 0.36611073679788175 0.05625 0.02943423328249999
3 0.15078125 0.37070927745107624 0.059375 0.02794446846486114
11 0.14375 0.6950916816113888 0.078125 0.04244337955902786
11 0.828125 0.6932251766743048 0.071875 0.04542290919430556
5 0.8265625 0.2862302942654854 0.0703125 0.04538654160312507
5 0.15859375 0.30724618949517346 0.078125 0.04244337955902786
8 0.734375 0.6993134821451383 0.059375 0.04825696846486114
8 0.2359375 0.7007584937317359 0.078125 0.05181837955902786
2 0.72109375 0.286341356670173 0.0625 0.05145470364722229
2 0.24375 0.30604540577583317 0.065625 0.048402438829583436
6 0.3234375 0.6924719086256247 0.059375 0.04044446846486114
6 0.6203125 0.699624566301319 0.0578125 0.04197060087368065
0 0.334375 0.30940483548736086 0.059375 0.03888196846486114
0 0.62578125 0.29793477973218696 0.053125 0.04029899810013893
1 0.41875 0.3043159855636107 0.0703125 0.05319904160312507
10 0.52734375 0.701788437976562 0.059375 0.051381968464861136
4 0.52734375 0.297100937976562 0.059375 0.051381968464861136
7 0.42265625 0.6948500665856594 0.071875 0.04854790919430556