9 0.7707600156706602 0.5457517007199891 0.05370688145888884 0.028094178896842868
9 0.8699989090973965 0.6416718744963344 0.06322735182361114 0.034890210466874017
9 0.5809182253018061 0.6577265979056266 0.04444098423243048 0.0322356473268119
9 0.39209211464447974 0.6788944845679203 0.046039851823611144 0.03388915258848364
9 0.2937260434060769 0.620474310791575 0.047493249050069505 0.02929265785015538
9 0.19305520260038253 0.698310155431081 0.05697735182361115 0.03452618942018652
3 0.8613090144363891 0.36915213238884226 0.0599568814588892 0.02845819994353027
3 0.6613271982319795 0.38158205588283894 0.04589438145888884 0.02763915258848364
3 0.5806051815144795 0.442609832120611 0.041170513867708355 0.025803636803468068
3 0.48389579530593796 0.5562011662367734 0.041170513867708355 0.025803636803468068
3 0.2896723634102088 0.5135340660532467 0.04738414627652778 0.02460515785015538
3 0.18634864807947965 0.5782251685852607 0.05370688145888893 0.028094178896842868
11 0.8730524803357993 0.7056433692346626 0.08379442496187509 0.04701077886860805
11 0.16800195763437564 0.7647009948795025 0.0823773953265973 0.05316977360693613
5 0.5663043325406599 0.33235487158314986 0.05712282218833344 0.04077618942018653
8 0.8759209475663894 0.5936061008188112 0.08372168977951375 0.04388577886860787
8 0.3867493447928477 0.6174032477220999 0.06337282218833336 0.041140210466874015
2 0.5909088615103477 0.5491860558122518 0.06326371941479163 0.03645271046687384
2 0.28358928362243113 0.6891256002541138 0.08379442496187509 0.04701077886860805
6 0.688532009971077 0.7101319901119408 0.06976829255305557 0.04775423151356151
6 0.29037761217593777 0.3421673002682312 0.06667966014423614 0.04913472099021767
0 0.49131086464447976 0.6731156504517578 0.05712282218833344 0.04077618942018653
7 0.5997058993137506 0.7254755400272362 0.07318423328249998 0.06043624203690499
1 0.4847828820275698 0.3926469004517579 0.060320557370694416 0.04408319994353027
10 0.8679577515186114 0.318697106080483 0.09945579255305574 0.04948333148532651