9 0.8176518029382652 0.41911110411358565 0.06366439371369373 0.025727253341817757
9 0.7140301892083609 0.5124878394334499 0.04945634449948209 0.02243862133990877
9 0.533495126759583 0.4111146014083147 0.04171661910658777 0.023910214672181594
9 0.349593161705771 0.3988129540499522 0.04484161910658786 0.023946577339272503
9 0.24448397663574842 0.45699707670272555 0.04171661910658786 0.023910214672181594
9 0.15237355934840616 0.3871380153564535 0.05443494292790545 0.028743165340545218
3 0.7941970705160578 0.6877338347787676 0.056142992142117265 0.031886346674090585
3 0.5927801197302696 0.6822634427514052 0.04818494292790554 0.028670440006363408
3 0.5181654174967393 0.6227697167409056 0.04505994292790536 0.028634077339272323
3 0.43185338999414924 0.5123311087284972 0.04022689371369381 0.025454533338636055
3 0.22874335256676184 0.5599948073679075 0.051164393713693725 0.025581802673454133
3 0.13456101302967854 0.5010550646880899 0.051164393713693725 0.025581802673454133
11 0.13806065632908754 0.3252192706874536 0.08016268899896399 0.044659066677272284
11 0.825068350704735 0.360571898114222 0.0768193651776464 0.03993520401018138
5 0.49094148387445874 0.7373589280712695 0.05687073821317572 0.047511346674090585
8 0.33897883933219547 0.45887829738222496 0.06090326674922295 0.03350339067472703
8 0.8224634274215367 0.46684917011454025 0.08590326674922295 0.03379429201145392
2 0.5355777034763847 0.5174464174092692 0.05145549214211727 0.03183180267345413
2 0.24192621091998273 0.3944334420353165 0.07958049214211718 0.03215906667727229
6 0.6444176641869703 0.36237820408972315 0.06083049214211709 0.03194089067472685
6 0.21583232196379995 0.7365027633672712 0.06482878742738744 0.050727253341817755
0 0.4471038624915593 0.40307428739654255 0.056142992142117265 0.031886346674090585
7 0.5573906991331585 0.35120379941117824 0.07078768899896418 0.044549978675999566
1 0.4161812324267166 0.68099020206077 0.06341183664159918 0.05383407200827221
10 0.7932852338744587 0.7408770161123129 0.10098461124870503 0.05583292401336308