9 0.885140258036271 0.2363862900342319 0.06289998933799978 0.03655754809323426
9 0.7959777607017712 0.23090267106709064 0.05352498933799978 0.03623016587924912
9 0.6990578547103616 0.29759415246276916 0.048764764003817976 0.029816474772256553
9 0.4099039007001803 0.23266115554281205 0.04414998933799978 0.03590278366526398
9 0.30516240404199807 0.29884420545014484 0.05036362667090888 0.03299603847458741
9 0.208968109365044 0.22639134129232702 0.05352498933799978 0.03623016587924912
3 0.8719430134070422 0.5127404589087059 0.05650453866963616 0.023839293283910833
3 0.5862225947246792 0.40704605273292166 0.0408977200031817 0.02485615626060227
3 0.40373790607095134 0.5087697877567973 0.0440045386696362 0.023402783665263983
3 0.3005674527370877 0.5084647421106336 0.044022720003181706 0.02496528366526398
3 0.1935816560709513 0.5161086057202973 0.05183522000318166 0.025238102176918176
11 0.5201686913589988 0.1709746326773213 0.05367044000636341 0.048730165879249124
11 0.8922164140276806 0.1728322215225776 0.08177725867281786 0.048149812521204496
5 0.5764037940801782 0.5707365305004031 0.055087489337999784 0.036284729581580064
5 0.18883106874599637 0.5780183286784553 0.06911362667090892 0.03365080290255769
8 0.6837612133990879 0.4606943531884086 0.06438976400381798 0.030362111795565028
2 0.39537087539781524 0.4613863562684514 0.05663180800445433 0.03477679328391083
6 0.3016930533895429 0.4036953965571374 0.05032726400381797 0.029871038474587407
6 0.299656744032453 0.2286953965571374 0.05992044000636341 0.048948420688572546
0 0.6846964573917701 0.4067335394860777 0.06282726400381797 0.03030754809323426
0 0.6895288607176795 0.35185506652791976 0.06286362667090888 0.03343254809323426
7 0.2942147186903171 0.16401533766412996 0.07263861600890867 0.0681349303072194
1 0.4068816347469508 0.5774379422033009 0.06141021467218159 0.04275298439090332
4 0.8736049633990879 0.4540648633552096 0.09723862667090906 0.034632949544513104
10 0.7959055827100434 0.2918674529182561 0.0911704400063634 0.050039694735189676