9 0.6141181386855445 0.14975372726853325 0.025709072008272393 0.06137387662320544
9 0.6221948153644077 0.23972020819380982 0.02561816534054522 0.05356137662320544
9 0.6193430827100435 0.33027702434643397 0.025618165340545042 0.05356137662320544
9 0.6212879380569519 0.43029066111590913 0.025472714672181596 0.041061376623205345
9 0.6238867740690422 0.5193804346548594 0.0255090773392725 0.04418637662320535
9 0.6273759480824053 0.6178588449632849 0.025509077339272324 0.04418637662320535
9 0.6284031934277229 0.706140094963285 0.028670440006363408 0.04736592370110611
9 0.6359167961091313 0.8148429391190863 0.025581802673454314 0.050436376623205346
3 0.3555844061107222 0.8216660888775003 0.03190452800763595 0.05679547077900686
3 0.3621696660964046 0.716333706572252 0.0317590773392725 0.04429547077900686
3 0.36098787941595073 0.614771206572252 0.031795440006363404 0.047420470779006865
3 0.355145864735815 0.5154706359554011 0.030160214672181596 0.0411431972400564
3 0.36271236939049734 0.4273393904196278 0.028597714672181595 0.0411159237011061
3 0.35547148671227063 0.3420740462638265 0.028670440006363318 0.04736592370110611
3 0.3520186753659985 0.24672063595540097 0.03186816534054513 0.053670470779006864
3 0.3532260920194082 0.1491052962638265 0.028761346674090582 0.05517842370110611
11 0.6750192760184537 0.14769239528759653 0.038409066677272286 0.07877956493480816
11 0.6969906561107222 0.8276253571381496 0.04306020401018138 0.07573638555165933
5 0.2892272266868172 0.15345583116686257 0.04462270401018138 0.07576365909060953
5 0.2907952001113585 0.825221737011061 0.04611247867599957 0.06954093262955974
8 0.6846584526973167 0.2376861497518234 0.04774770401018138 0.0758182061685102
8 0.699824207431541 0.7355060409855254 0.04760225334181776 0.06331820616851011
2 0.2903401194302683 0.7189853737805364 0.0523079346753633 0.06496252678536116
2 0.2902544720321349 0.24173708116686257 0.05076361600890866 0.06649775324641087
6 0.6802533107097253 0.32899694236549715 0.0351204346753633 0.06466251785690744
6 0.6969526514162689 0.6229787674465751 0.03662839067472703 0.06000229139585791
0 0.29835842071131613 0.3340473120921391 0.04131589067472694 0.06008411201270887
0 0.29704355808399613 0.623809241475288 0.042805665340545127 0.05386138555165907
7 0.6837243033895428 0.4259128526739227 0.046148841343090476 0.07266593262955996
10 0.6958708620703149 0.530010017446575 0.04756589067472703 0.060193206168510115
4 0.2927731340706331 0.5253171943973873 0.05383407200827239 0.06186480032431163
1 0.2954339627227701 0.41835412824476326 0.05394316000954502 0.07123980032431163