9 0.8420377696625483 0.3075234128065965 0.06336381802583091 0.03114220364722229
9 0.7523986081423504 0.3025832992994785 0.053943353919208195 0.029361498100138928
9 0.6600974478757937 0.3086352371791314 0.05086381802583091 0.030851262917777865
9 0.5585804119824164 0.3094366306058676 0.04144335391920819 0.029070557370694416
9 0.46800087608903895 0.3099834508943399 0.04300585391920819 0.02910692496187508
9 0.36963157224897303 0.309930859138715 0.04144335391920828 0.029070557370694507
9 0.2782480543022844 0.3112771132227775 0.04778428213245363 0.032341027735416715
9 0.1674924107287751 0.3076092121965971 0.05394335391920828 0.029361498100138928
3 0.15611567537675847 0.5912756973789582 0.05081835391920828 0.02928876291777769
3 0.2617890138565605 0.5817896349742706 0.04760242570596294 0.026091027735416716
3 0.36647651385656055 0.5793530063651733 0.04760242570596294 0.026091027735416716
3 0.4639736394833812 0.5825487819163884 0.04135242570596294 0.025945557370694417
3 0.5509651741231172 0.5711553806058676 0.04447742570596276 0.026018292553055745
3 0.6358941035900039 0.5769858468865272 0.04764788981258548 0.027653527735416718
3 0.7342861394833811 0.5762571886421521 0.05550585391920819 0.029397865691319504
3 0.8312066035900039 0.5724398979889577 0.05697742570596276 0.02630923328249999
11 0.8462228159807669 0.24418761141982567 0.077835494985435 0.045532011967847286
11 0.15685643910030506 0.24383765292604154 0.07801735141192578 0.051782011967847284
5 0.8215755393250965 0.6351217359448604 0.0776991026655672 0.0408445119678472
5 0.15190789700522855 0.6553927487657291 0.06997753087881238 0.04378767401194459
8 0.7558478685671917 0.23770318170829796 0.07489235141192588 0.05170927678548622
8 0.2507200993668618 0.2377493474552081 0.06395485141192588 0.05145470364722229
2 0.7317999854850307 0.6348691224377424 0.066897994985435 0.04527743882958326
2 0.25972039700522853 0.6528833849742706 0.06230142319868044 0.04829333605604162
6 0.6643279583006348 0.24373693579236058 0.06060253087881229 0.043569468464861136
6 0.3670581532069277 0.2373837119122566 0.057477530878812466 0.04349673328249999
0 0.354478967538342 0.6428706457078469 0.05421613855894432 0.038736498100139016
0 0.6421380919115214 0.6307102589306245 0.057295674452321775 0.037246733282499986
1 0.558453413698276 0.6357809250587843 0.07167642319868044 0.048511541603125076
4 0.45206702137840793 0.6429414212590621 0.06230142319868044 0.0482933360560418
10 0.46158940320692776 0.23518347264583292 0.06413670783841638 0.057704703647222286
7 0.5652228685671916 0.24214002783232588 0.07029577962517113 0.054725174011944586