5 0.9023126882620396 0.5164406374522217 0.08280585594746519 0.03063292934436319
2 0.8131273575293448 0.5130605514401314 0.07523901741285437 0.03522952267663584
0 0.7230788896415206 0.5081088747612684 0.06570024310259512 0.031995434675363296
1 0.6386629460639558 0.5063458327498143 0.07507524310259513 0.03210452267663584
4 0.5303558011069098 0.5105509800684059 0.06430151741285464 0.035102253341817755
0 0.43265860752934504 0.5086333967218156 0.05468085594746519 0.03030566534054522
2 0.3407577125722991 0.5130294480426344 0.05961401741285455 0.03504770934118149
5 0.23368551899473422 0.5110027766947715 0.06874335594746528 0.030469297342454026
3 0.905450976367109 0.4571383627864035 0.06364642017181658 0.022602253341817757
3 0.8047516135222388 0.4575281667727224 0.05591580732694616 0.02407384667409058
3 0.7102203635222388 0.45642819609322294 0.048021420171816584 0.022420440006363406
3 0.6223518713241549 0.44837879141467807 0.0450601944820761 0.0255090773392725
3 0.5337806942549335 0.45671745540258774 0.041853307326946344 0.023910214672181594
3 0.4374003392119793 0.4501305533895429 0.04497830732694634 0.023946577339272503
3 0.33497470205684954 0.4473771760423162 0.04810330732694634 0.023982940006363408
3 0.22983350067736855 0.4523999360279987 0.05443519448207601 0.02561816534054522
9 0.8884903691764483 0.1782048407860854 0.06446529172311415 0.03822725334181776
9 0.7974968769783646 0.17011907344044963 0.058297178878243726 0.03971702800763603
9 0.7046919012886239 0.17216228409449566 0.05509029172311415 0.03811816534054513
9 0.6014850141334942 0.1693998160804963 0.04571529172311397 0.03800907733927246
9 0.5076121834007996 0.1659651860677696 0.04587906603337348 0.041134077339272414
9 0.40510465909054005 0.16164930872054298 0.04423467887824373 0.03955339600572701
9 0.31213590909054006 0.16056751937458902 0.05064845318850324 0.04275112133990877
9 0.20008961047002102 0.1530175540260897 0.05829717887824375 0.03971702800763603
11 0.8850920522385636 0.1133610907860854 0.08403416327441135 0.05407042934436311
11 0.18423223710970124 0.08880960335772614 0.07515048620519008 0.06333634134309048
8 0.7908097857302202 0.10211396077335873 0.07515048620519024 0.06333634134309048
8 0.2775318577564876 0.08130673337045284 0.0629780348257091 0.06944089067472689
6 0.7010888664629149 0.10341228409449565 0.06561171189493056 0.060102253341817805
6 0.3940199949116174 0.08422374271958848 0.06248671189493056 0.060065890674726896
7 0.5984175678423959 0.09597140674726902 0.07893058344622812 0.07587270401018135
10 0.4908131077564876 0.08378848539940605 0.06651247060135787 0.0772897533418178