9 0.7445499515990064 0.16347232230948738 0.034729524004105096 0.06213790145127884
9 0.752894237605164 0.2551513908211417 0.03313975292686635 0.057395837748947985
9 0.7510822736113216 0.3464757952676454 0.03468407220870695 0.05432540145127884
9 0.7540214421310366 0.4489013908211417 0.033067030054229285 0.0448958377489479
9 0.7576918636758136 0.5427605182258033 0.034629530054229286 0.04495040145127884
9 0.7629611466569092 0.6429242093327959 0.034638620413308986 0.04651290145127884
9 0.765050887483527 0.7336037730351268 0.034647710772388506 0.048075401451278844
9 0.7735178933372595 0.846376591546781 0.03468407220870695 0.05432540145127902
3 0.4743056292921034 0.16575155180624931 0.02376475292686635 0.05706845553496285
3 0.4748783219141194 0.26418905180624935 0.02218407220870695 0.05388889183263199
3 0.4769953338179761 0.35955611550858013 0.023719301131468206 0.04925595553496285
3 0.48530780356735503 0.44576643402023447 0.022111349336070063 0.04138889183263199
3 0.47800890885535346 0.5337748655085802 0.02214771077238851 0.047638891832631994
3 0.48560830629782964 0.631676652169069 0.022120439695149586 0.04295139183263199
3 0.4885520199970843 0.7348834977225653 0.022129530054229286 0.04451389183263199
3 0.4837014144144984 0.8409425247644073 0.023728391490547906 0.050818455534962934
11 0.8085897257013073 0.16180318410505246 0.04732951795398073 0.0797619110699257
11 0.8384161854917371 0.8580159851935114 0.05356133723582168 0.07685516587924894
5 0.4126323310875016 0.17140878556418052 0.03637383723582168 0.0762549651536097
5 0.42122414031219735 0.8426662266711731 0.03636474687674216 0.07469246515360979
8 0.8200681020665446 0.25515388002136846 0.055105656517662284 0.07378472958157997
8 0.8425537187674204 0.7636484263005041 0.06130111436318479 0.06462798439090349
2 0.4170703670936592 0.26295144482000765 0.03946247579950324 0.07011409255827142
2 0.41903895071524355 0.7355804129688422 0.04095225292686631 0.057668656260602094
6 0.8166800025340828 0.3440799707655413 0.05038179508134384 0.0673710384745874
6 0.8379838725546083 0.649449517044677 0.05036361436318444 0.0642460384745874
0 0.4255156888113869 0.6405134496293311 0.03155907220870695 0.05421627404661713
0 0.42462431274073725 0.35304073148049653 0.031586343285945874 0.05890377404661713
7 0.825083375874258 0.44591528927719554 0.06293633723582168 0.07718254809323426
10 0.8374248154712116 0.553355767044677 0.06756020472226468 0.06640873920022675
4 0.4226083365484506 0.5435566040758347 0.03786361436318479 0.06380952885594056
1 0.42354814695149673 0.4365799177781657 0.04102497579950324 0.07016865626060209