9 0.8224230599893158 0.3996388958864143 0.0633730192372937 0.025727253341817757
9 0.719903205998299 0.4953246605665501 0.04920139183263199 0.02243862133990877
9 0.5382117510963084 0.3982603985916852 0.04144345553496276 0.023910214672181594
9 0.3541914151614589 0.3902495459500478 0.044568455534962845 0.023946577339272503
9 0.2497742444728864 0.4508154232972744 0.04144345553496276 0.023910214672181594
9 0.15686254737544406 0.38317448464354653 0.054107146641955414 0.028743165340545128
3 0.8021006031884086 0.6685161652212324 0.05577877404661713 0.031886346674090585
3 0.6006472305930702 0.6677365572485948 0.047857146641955416 0.028670440006363408
3 0.5253496194304773 0.6100427832590943 0.04473214664195524 0.028634077339272323
3 0.4377628285936373 0.5017313912715029 0.0399355192372937 0.025454533338636055
3 0.23523554011904987 0.5540676926320925 0.050873019237293704 0.025581802673454133
3 0.14037939710529157 0.49738243531191006 0.050873019237293704 0.025581802673454133
11 0.14183031361751283 0.32165572931254643 0.07965278366526399 0.044659066677272284
11 0.8291566988267229 0.34099060188577796 0.07636409255827133 0.03993520401018138
5 0.49946418730915954 0.7251410719287306 0.056324411069925515 0.047511346674090585
8 0.3442782126217209 0.450496702617775 0.0605208377489479 0.03350339067472703
8 0.8277901170682247 0.44721332988545975 0.08552083774894789 0.03379429201145392
2 0.5415326693378102 0.5044285825907308 0.05109127404661713 0.03183180267345413
2 0.2464880425661206 0.3883790579646834 0.07921627404661713 0.0321590666772722
6 0.6485515395708957 0.3469967959102768 0.06046627404661713 0.03194089067472685
6 0.22438234175566318 0.7306847366327288 0.0642460384745874 0.050727253341817755
0 0.45173853775679723 0.3922382126034575 0.05577877404661713 0.031886346674090585
7 0.5614062036360463 0.3378587005888217 0.07027778366526398 0.044549978675999566
1 0.4240574487419049 0.67057229793923 0.06279266587924912 0.05383407200827221
10 0.8018079373091596 0.7216229838876871 0.1003472295815798 0.05583292401336308