9 0.429235411856666 0.8119518013992906 0.02460126291777769 0.05068196159934013
9 0.49709701871427026 0.7139485589211378 0.025945557370694417 0.04135242570596294
9 0.43932284593659665 0.6133551770261112 0.022747822188333443 0.038136497492717504
9 0.45524205271795104 0.43254544622644103 0.022747822188333443 0.038136497492717504
9 0.557989112272847 0.2445249575092121 0.024528527735416715 0.04755696159934022
9 0.46573083672163185 0.14961928595988433 0.024892203647222288 0.06318196159934023
3 0.7342262635833678 0.15273695962078318 0.03568423328249999 0.05725021034569897
3 0.7287899619122566 0.35275969167409454 0.035611498100139014 0.05412521034569906
3 0.6660158985576385 0.4334390418323791 0.03219555737069442 0.04153428213245362
3 0.5529508944735759 0.5280732434025894 0.026018292553055745 0.04447742570596276
3 0.6022566441892355 0.724160981724107 0.029143292553055568 0.044568353919208194
3 0.5405904859448605 0.8243261177757688 0.0262728656913195 0.05541492570596276
11 0.40880868949517346 0.14659122585161216 0.029979747150208347 0.08050585391920828
11 0.3695149197404507 0.8285231874509524 0.037646776785486225 0.07448317445232178
5 0.781931186076701 0.45114571588898933 0.0512728656913195 0.056142351411925875
8 0.4992790741851037 0.6201985589211378 0.035720600873680654 0.05881271034569906
8 0.514313807086354 0.1419598986545812 0.03306837955902786 0.07903428213245363
2 0.43683166594072853 0.7203864270261111 0.03150587955902786 0.07898881802583091
2 0.5608199054914926 0.4247891190294101 0.0370648953265972 0.0494831744523216
6 0.4077514165094094 0.3261877976383668 0.031033100873680608 0.05867631802583091
6 0.7786373062333327 0.7268360376757439 0.05145470364722229 0.06395485141192588
0 0.4446662689986106 0.5179517488128658 0.030887630508958354 0.052426318025830906
7 0.3994830151988885 0.41308840406485753 0.03601154160312507 0.07131271034569905
1 0.7261701889264927 0.5324017275674718 0.06075696846486114 0.061102636051661816
10 0.7889319473789582 0.15036446588898933 0.061557055470833434 0.0954776360516619