9 0.8802676606460919 0.11562248064826601 0.044404528007635946 0.05803267589344295
9 0.8040404206317744 0.22414724646559678 0.03964430267345413 0.05159167490485981
9 0.8716177246180932 0.3221271486330436 0.04273294000636341 0.04859400889724856
9 0.8560728985916853 0.5171995681006959 0.03957157733927232 0.04534167490485981
9 0.7427627345640048 0.7256261748304977 0.035029528007635945 0.05765067391627667
9 0.8495116265515963 0.8126394020930847 0.04135225334181776 0.06415534190105418
3 0.5612121952180507 0.8259484628909499 0.02256589067472703 0.060266337946721295
3 0.5620132685789586 0.6228871298871443 0.023982940006363408 0.04783000494291585
3 0.6215797199236398 0.5369058675298547 0.025472714672181596 0.04164367193911041
3 0.7415478692711848 0.4273796758190809 0.03492044000636341 0.04827567391627667
3 0.6868347392982288 0.23048477118017616 0.030269302673454134 0.05120967292769345
3 0.7545227733131827 0.11762267384191452 0.035029528007635945 0.05765067391627663
11 0.9484909493157281 0.09097796631380997 0.06342724801081764 0.08223417984777567
11 0.9159360578851417 0.8083710547548231 0.05719542934436319 0.08354201186299796
5 0.5131041485916853 0.5311744737653649 0.028815890674727028 0.060521005931498985
8 0.804502949952275 0.3186148294694024 0.05079997867599957 0.07078734387822054
8 0.8017462885503235 0.8239562454770137 0.057213610677908734 0.08510451186299824
2 0.7402660852562308 0.5375359258190808 0.04280566534054522 0.05484400889724857
2 0.8768148492998197 0.21103048114255757 0.06032042934436319 0.0836693458553869
6 0.513942131962138 0.2578324742596564 0.03186816534054522 0.05439833992388783
6 0.9149746365770497 0.6225608887472118 0.060138616008908484 0.0680443458553869
0 0.8704177566040938 0.4252521486330435 0.05692270934118149 0.06010451186299801
7 0.930881994589458 0.5305498022833651 0.07738066000954476 0.07343218281352507
1 0.5695546906031392 0.4445392954004639 0.03508407200827222 0.062338173916276676
10 0.513483219883869 0.8341403062748789 0.033976105346908446 0.10133700692008211