9 0.13892545120007305 0.15475619857394424 0.05657963978475231 0.04094316256778665
9 0.24736934388030946 0.22571865924813697 0.05174659057054054 0.03779089149054773
9 0.34443058850362596 0.15517033079291398 0.04883991439185813 0.042460210772388506
9 0.5387435146823084 0.1609895804983264 0.048767139784752264 0.040897710772388504
9 0.7457319152204277 0.2637838241536146 0.05458049214211709 0.03155907220870695
9 0.8328937750213907 0.15410481800529452 0.06446491439185813 0.042551114363184706
3 0.8523521346174657 0.4410144655459665 0.061956344499482084 0.022229524004105095
3 0.6495717369748306 0.449212264045156 0.05101884449948209 0.022165891490547908
3 0.5623114855270887 0.393220818398078 0.04178939371369381 0.025236349336070062
3 0.45118139454226325 0.27926233664664646 0.04669521753501123 0.029951120413308895
3 0.2583538856509231 0.34222035801847295 0.04818494292790545 0.028397710772388507
3 0.14634834532805155 0.28061471662612103 0.054580492142117173 0.03155907220870695
11 0.8297003085198366 0.08844345656897605 0.080744885855811 0.056704517953980904
11 0.112330872002072 0.08817723175143152 0.08714043507002259 0.059865879390299345
5 0.5579985130296785 0.5026003635776177 0.054434942927905364 0.028434072208706952
8 0.345243917701627 0.22159930669061306 0.06326628742738745 0.050354524004105096
8 0.8455178995046619 0.2018474264165509 0.09004711124870504 0.05519656010845857
2 0.5607383310600278 0.2759924117822197 0.05501713978475244 0.04093407220870695
2 0.23427433850362597 0.15452946047780095 0.08059933664159917 0.0535795179539809
6 0.6432897735736486 0.09751795383850155 0.0666823858558109 0.056622704722264314
6 0.2847964534763846 0.5127328459182244 0.06083049214211718 0.03159543364502539
0 0.4461750250213906 0.15185495413308914 0.061849336641599174 0.05347043364502548
1 0.47144673697483064 0.4481759631100795 0.06410104135632881 0.034738614363184796
10 0.861142783707843 0.4871718480595238 0.10465326674922296 0.03341246369925486
7 0.5500491958233896 0.08603503229372447 0.07224318114108108 0.07539997579950317