9 0.12784121411517652 0.8539319828364922 0.044404528007636036 0.05828768899896417
9 0.201613974100859 0.7519564139775734 0.03964430267345422 0.051819365177646404
9 0.13169127808717782 0.6479730812649157 0.04273294000636332 0.04883991439185813
9 0.14270895206076992 0.45406041542531544 0.039571577339272454 0.045569365177646405
9 0.2512737880330894 0.25532116252983134 0.035029528007636035 0.0578510413563289
9 0.14239768002068087 0.15889346463952717 0.0413522533418178 0.06439213978475226
3 0.43066074868713533 0.17075787965055786 0.02256589067472703 0.060393844499482
3 0.4345868220480432 0.37395565425766375 0.023982940006363408 0.04796661910658786
3 0.3769657733927246 0.454820356491194 0.025472714672181596 0.04178939371369381
3 0.2594339227402694 0.553976986351149 0.03492044000636341 0.04847604135632899
3 0.31878329276731354 0.7558520095105127 0.030269302673454224 0.051382717535011224
3 0.2536588267822674 0.8629153387085136 0.035029528007635945 0.05785104135632864
11 0.06012700278481274 0.8726412874273874 0.0634272480108177 0.08259848428423418
11 0.07600961135422632 0.15736304383752825 0.05719542934436313 0.0838698858558109
5 0.48567770206077 0.4700344416850511 0.028815890674727028 0.060684942927905536
8 0.1989515034213596 0.6573523893704676 0.05079997867599957 0.07107878742738745
8 0.1899448420194082 0.1517380901562558 0.0572136106779086 0.0854323858558109
2 0.2581521387253155 0.4438207363511489 0.042805665340545127 0.05508991439185813
2 0.1290759027689044 0.7587286447471511 0.060320429344363116 0.08401543507002263
6 0.4912031854312227 0.74358110359571 0.03186816534054522 0.054580492142117264
6 0.08129819004613424 0.34344609305173995 0.060138616008908685 0.06839043507002263
0 0.13049131007317846 0.5448480812649157 0.05692270934118149 0.0604323858558109
7 0.06751804805854275 0.43416098428423433 0.07738066000954502 0.07387845574818708
1 0.4311907440722239 0.5518259431327932 0.03508407200827222 0.06253854135632882
10 0.4782442733529536 0.1667275051672865 0.033976105346908446 0.101528266749223