9 0.5074253233850637 0.8293497403132635 0.028193599050060313 0.06151938145888884
9 0.6091316655377191 0.7349074496600689 0.030745388964152198 0.05065461664125017
9 0.5214247048859839 0.5473366741088537 0.024004066033373662 0.04113414627652787
9 0.5237285905707757 0.3693753282691662 0.025566566033373483 0.041170513867708355
9 0.5915921992317743 0.2655768746219439 0.030417840343633172 0.04440461664124999
9 0.5324019849619946 0.17409919586034678 0.02762038896415202 0.05058188145888889
3 0.7778197105401935 0.821495647039027 0.040447937584671044 0.05712282218833318
3 0.789781879241672 0.6230217794478465 0.04332727611928178 0.052508057370694416
3 0.7369678177308542 0.5438804465259368 0.03650406603337366 0.04142508700597212
3 0.6310663777713339 0.4503687954997564 0.033542840343633175 0.04447735182361114
3 0.7000597964728124 0.2505675108304855 0.0354328889641522 0.05076371941479163
3 0.6481874372459868 0.15345742790857583 0.034197937584671045 0.05697735182361115
11 0.4778339936684219 0.15820274534725653 0.039704309135968605 0.07271145459715282
11 0.4510524926523692 0.8330027235957633 0.032383132066746964 0.0819046166412499
5 0.8535345200148463 0.5232204947785757 0.05911605042954164 0.05599673328249999
8 0.55627558118698 0.835235411191076 0.03863313206674697 0.08205008700597238
8 0.5867608570791191 0.35776437462194394 0.040611711894930555 0.060247822188333355
2 0.5302009978522934 0.26076339447357594 0.033618083446227943 0.07569098423243056
2 0.6302674383776405 0.5549471927262147 0.04669793758467104 0.057268292553055565
6 0.46507512833716086 0.6547686208222218 0.031072937584671046 0.056904616641249996
6 0.8765813528952476 0.24723922302708257 0.06224105042954129 0.05606946846486114
0 0.5196375548405554 0.46232589447357597 0.032635437584671044 0.05694098423243048
7 0.46493236544686206 0.5681589735957635 0.03781426051544958 0.06642508700597212
1 0.8078335956591584 0.44235300769635355 0.07194359905006031 0.06253767401194459
10 0.8332065733850638 0.8217670975521173 0.07053822930778501 0.09527743882958326