9 0.1744533661242306 0.12652376948176056 0.04233798620519007 0.0631818384737585
9 0.16028796754914013 0.2180936607154626 0.042010437584671045 0.05693183847375849
9 0.22091785108622525 0.31226067207954833 0.03699538896415202 0.050600017856907445
9 0.13027740445644262 0.6120073019491646 0.041355340343633085 0.04443183847375849
9 0.1905387957954439 0.7132055633132504 0.03995661465389255 0.04752956493480802
9 0.10947582428957489 0.8153095799523419 0.041846663274411576 0.053806838473758486
3 0.4575967367710169 0.13016737216227386 0.026631099050060315 0.0613466030842551
3 0.3266997823393182 0.42359186404459903 0.030417840343632995 0.044240923701106105
3 0.41880431592183187 0.6022878340128269 0.02737472749876275 0.04574887662320535
3 0.40945257010570335 0.7062622678602027 0.02573034034363313 0.04415910308425523
3 0.4093120499793154 0.8131980604738767 0.027784163274411532 0.05356137662320535
11 0.10973244685692522 0.12531187134819968 0.05902751922187686 0.0837670738632619
11 0.07601702962578478 0.5005573331987527 0.06108798620519007 0.0635091209411625
5 0.49125692729636405 0.4261832556853381 0.031072937584671223 0.0567409237011061
5 0.4685642192466208 0.8145054159937637 0.03164614767057934 0.06767842370110629
8 0.39213775384518723 0.3217605827950109 0.033126760515449584 0.06614319724005649
2 0.36580546868079383 0.6157014975676633 0.035596663274411536 0.05369774431795715
6 0.29900971506274926 0.7136538023562018 0.03732293758467105 0.056850017856907444
6 0.11714556139927612 0.7285362828744412 0.0598530348257091 0.06973184740221221
0 0.333625891000317 0.32122084050564864 0.03608798620519007 0.06307274431795715
0 0.2759771653105765 0.3191049614468112 0.042501760515449585 0.06630683847375848
7 0.04987617424414638 0.7312715450493059 0.07909435775648758 0.0794341298696164
1 0.48315342096478603 0.5957008689158629 0.03756859905006031 0.06153751785690744
4 0.39744048677101695 0.13121740341186194 0.041096390773174375 0.09906479139585782
10 0.22138924185939962 0.21390499269639934 0.06412445499752559 0.09166139448011287