9 0.8129850893936791 0.45863166963732577 0.0533977200031817 0.024364800324311632
9 0.7191992740690423 0.5210441205308302 0.042460220003181705 0.024173885551659068
9 0.6177180427275426 0.45912872726853327 0.04400453866963616 0.022638659090609536
9 0.43889360872849714 0.4630371570587194 0.04400453866963616 0.022638659090609536
9 0.24935948874122388 0.5534597853067778 0.05337953866963616 0.02280230032431163
9 0.1560720180617244 0.45731939650870784 0.05962953866963625 0.02291139448011279
3 0.15606511676476822 0.7252335994308071 0.05663180800445433 0.03379434740221221
3 0.3537486387650864 0.7310274521080251 0.047238626670908876 0.03206820616851012
3 0.4358884294239049 0.6746604496723931 0.04098862667090888 0.03195911201270896
3 0.5314907360757237 0.5669764090873143 0.039353401336727246 0.02568183847375849
3 0.7266856047501326 0.6274032146866315 0.04563976400381797 0.028915932629559826
3 0.8252316454089511 0.5713225844099782 0.0471477200031817 0.024255706168510117
11 0.15071180872054296 0.3994250758918568 0.07536362667090887 0.03255912986961631
11 0.8341873800524976 0.4012009991826305 0.07852498933799978 0.03573867694751698
5 0.4505150981062679 0.790517274753471 0.05683180267345413 0.05098184740221221
8 0.6246589334022696 0.5186128214243346 0.05663180800445424 0.03379434740221221
8 0.14567995806808778 0.5040034817360555 0.07847044533736347 0.031051176947516978
2 0.72552145206077 0.4602293514561067 0.07536362667090887 0.0325591298696164
2 0.42762084874281464 0.5682877187471166 0.05668635200509069 0.03848184740221221
6 0.7271594141072224 0.8023759411476812 0.05841248400699968 0.052571620941162675
6 0.3328339653882702 0.41041494317957133 0.059720445337363426 0.030723894480112833
0 0.5247583833943155 0.4582872017009881 0.055087489337999784 0.03532957386326192
7 0.4186896493873157 0.4048837378218401 0.06916817067154528 0.03713753571381493
1 0.53426284209895 0.7380837958567894 0.06473520934118149 0.058930715096964015
10 0.14967021343885878 0.7797983685055305 0.09758407200827235 0.06262845941492116