9 0.55546875 0.8078125 0.0234375 0.05234375
9 0.49140625 0.71328125 0.0234375 0.0421875
9 0.5515625 0.6125 0.02265625 0.04296875
9 0.54453125 0.43359375 0.02265625 0.04375
9 0.45078125 0.24296875 0.02265625 0.05234375
9 0.5453125 0.15078125 0.02265625 0.059375
3 0.27734375 0.14765625 0.0328125 0.05703125
3 0.275 0.3453125 0.03203125 0.04765625
3 0.3328125 0.428125 0.03125 0.03984375
3 0.4421875 0.525 0.02421875 0.0390625
3 0.38515625 0.71953125 0.02734375 0.0453125
3 0.44296875 0.81875 0.0234375 0.046875
11 0.603125 0.14609375 0.03046875 0.075
11 0.61328125 0.8296875 0.03515625 0.07734375
5 0.2171875 0.44140625 0.05 0.05625
8 0.4921875 0.61875 0.0328125 0.05703125
8 0.4984375 0.13984375 0.0296875 0.07890625
2 0.55234375 0.7203125 0.03125 0.07421875
2 0.4390625 0.42109375 0.0375 0.05546875
6 0.21015625 0.71796875 0.0515625 0.0578125
6 0.5953125 0.328125 0.0296875 0.05859375
0 0.55078125 0.51953125 0.03359375 0.0546875
7 0.60234375 0.4140625 0.0359375 0.06796875
1 0.27109375 0.52578125 0.0578125 0.0640625
10 0.22265625 0.140625 0.06015625 0.09609375