9 0.7136911323957833 0.183458953153056 0.03347834486680377 0.05559678213245363
9 0.6426053581754955 0.29637047862159205 0.030035009885831698 0.04769335391920819
9 0.7109468398867068 0.38518057752623536 0.03296900889724856 0.043096782132453625
9 0.6509073591268976 0.6877001722742436 0.031597509885831696 0.04773881802583091
9 0.7194716753247892 0.7710415211788869 0.03497717787060921 0.05407974623907634
9 0.7141528225493202 0.8631835570722644 0.0383568458553869 0.06042067445232178
3 0.43858247817680807 0.907571088413295 0.02423067885919252 0.05844899749271768
3 0.5404738779099779 0.5953187924907879 0.02372134288963732 0.045948997492717504
3 0.43737007703512554 0.4382300550272002 0.025220175893442942 0.04443196159934022
3 0.43525843178776097 0.3364856986007095 0.025220175893442942 0.04443196159934022
3 0.4260200360461049 0.23688050369441668 0.026973676882026253 0.04916492570596294
11 0.7750955701150433 0.48090826616432203 0.04910334486680377 0.056051423198680436
11 0.7786291580245838 0.8548913354437941 0.04993101581733086 0.07636392319868043
5 0.37657320399370137 0.6249655254020291 0.04004667984777566 0.06359113855894431
5 0.3631698675670357 0.24365568942950944 0.04173651384016441 0.06676160266556704
8 0.4866074371877874 0.7079491731321734 0.03248884783255317 0.06961381802583091
2 0.4834784144875554 0.420017264119258 0.0367943458553869 0.06037521034569902
6 0.5394021037268713 0.3144863296378064 0.03354201186299814 0.05715928213245362
6 0.7123740301146058 0.27337089931299 0.04642401384016459 0.0668979949854351
0 0.5418361066554397 0.6962591668639673 0.030608012851581278 0.061755853919208195
0 0.5960925251345088 0.6892339285424498 0.03379667984777566 0.06340928213245363
7 0.7764829510651328 0.2548996956312086 0.06424818380210837 0.08302310015828454
1 0.3670429895826956 0.4557381522824909 0.049294345855386903 0.06073892319868044
4 0.4953418141463632 0.8967077962517116 0.03682352076024671 0.09939224623907635
10 0.6571799223590398 0.7833081889672909 0.05050401878308044 0.09042642319868044