9 0.7977092295119363 0.37047237740918726 0.05327044574527395 0.02654577962517113
9 0.694992774789672 0.4375127763929729 0.04388635538619425 0.024710494985435004
9 0.6031779795119363 0.3761326586837111 0.04388635538619425 0.024710494985435004
9 0.31302515730322933 0.4376912504622184 0.04700226502711473 0.02323892319868044
9 0.22589331684595387 0.3769559904330886 0.053261355386194253 0.024983279625171127
9 0.13524104576871498 0.38428040861720403 0.05952044574527386 0.02672763605166182
3 0.10868659436610036 0.652195334323167 0.059538626463433095 0.02985263605166182
3 0.41007235324489494 0.5395372437983008 0.04388635538619425 0.024710494985435004
3 0.5766280732888616 0.6432663343896741 0.04393180718159222 0.032522994985435004
3 0.6797348925707023 0.643390703352577 0.0439318071815924 0.032522994985435004
3 0.7828008052366847 0.65054632231548 0.05486930718159257 0.03284124373179385
11 0.5050859131569618 0.31962189740094 0.05336134933607006 0.04217077962517113
11 0.13715806977282008 0.3232974445105814 0.07835225897699045 0.041335705331134065
5 0.7808656005144204 0.7146542864221027 0.06276362041330899 0.04713106426490725
5 0.3958093444642962 0.7086736887045937 0.054942030054229284 0.045341243731793844
8 0.30506669067710834 0.5972708389420205 0.06894998789975162 0.03637542069139812
2 0.5909496485226307 0.5983259074300699 0.05337043969514958 0.04373327962517113
6 0.690513832167656 0.5360639366595296 0.0532977168225127 0.031233279625171306
6 0.7125438891528567 0.3745126712201234 0.057994307181592396 0.03293217194503919
0 0.3116439436039745 0.5408389825155298 0.05953862646343318 0.02985263605166182
0 0.31272972063314175 0.48847250046221846 0.0595568071815924 0.03297763605166182
7 0.7222597776183424 0.31564613658038726 0.07526362041330899 0.04749477711788863
1 0.5652633264121195 0.7170220831360327 0.05971134328594587 0.05954013605166182
4 0.11526839247250642 0.5949822278966762 0.09711134933607006 0.04344377461060631
10 0.21772629284184877 0.438120810966202 0.08613748789975159 0.03687552586424747