9 0.8538649342511176 0.26152164291218594 0.06304547077900687 0.034890210466873926
9 0.7623768636342667 0.2621579507199891 0.05361592370110611 0.03121917889684287
9 0.6760496258091312 0.3344417453736127 0.04731137662320535 0.02773015785015547
9 0.38050925486796866 0.2937837371987562 0.0411159237011061 0.030491136803468065
9 0.28793201704283333 0.3664315528990672 0.04574887662320544 0.02763915258848364
9 0.17972800486796867 0.30547791332358887 0.053643197240056485 0.03278167889684287
3 0.21044576541798019 0.5867888265060033 0.05358865016215579 0.02965667889684287
3 0.3141883741842782 0.5713619766048254 0.04421365016215582 0.029110647326811723
3 0.4172588271063775 0.5622306293344833 0.04418637662320539 0.0275481473268119
3 0.5794667264577543 0.4464250768589392 0.04100682954530477 0.024241136803468066
3 0.8851593932590017 0.5310683034637644 0.05981137662320535 0.02845819994353036
11 0.8488404691541538 0.19768665606636557 0.07576365909060953 0.04811825256024873
11 0.47863706330995515 0.2255049030825938 0.050763659090609536 0.046662168373499215
5 0.21388045697599384 0.6491523186134955 0.06636138555165916 0.046009720990217676
5 0.5979690848170153 0.6103587742422206 0.05693183847375849 0.04233868942018652
8 0.6866303900125907 0.4925804690652534 0.0645534237011061 0.03185621572854593
2 0.40004800770734245 0.5170924345820378 0.05216251785690744 0.03737817363517095
6 0.2990797970746054 0.46744802132903607 0.05517842370110611 0.03131018415851479
6 0.2687905048679687 0.30029061340829344 0.061646612012708865 0.0441742052052021
0 0.6794530896882792 0.4398194901119409 0.059893197240056394 0.03314569994353036
0 0.6754007893639675 0.3868765006352845 0.05992047077900686 0.03470819994353036
7 0.25365070007943025 0.23939091076334007 0.07910684740221222 0.06080026308359247
1 0.4302048863591428 0.6318605898719445 0.06024775324641087 0.05345819994353036
4 0.875542885548364 0.47297508240295977 0.09744774431795733 0.03845482622365459
10 0.7704717816533299 0.3226859270424658 0.09133411201270895 0.04590330517696728