9 0.386388371788051 0.8625 0.025363614363184704 0.0625
9 0.3775224318965096 0.775 0.02374657220870695 0.053125
9 0.4374610341594459 0.678125 0.022138620413308985 0.0453125
9 0.36878934397331686 0.39609375 0.025263620413308985 0.0453125
9 0.42797851249303187 0.29375 0.025254530054229285 0.04375
9 0.35898813885826913 0.20078125 0.028434072208706952 0.053125
3 0.6544571157379269 0.8453125 0.030023843285945873 0.0578125
3 0.5365712207313377 0.5625 0.022129530054229286 0.04375
3 0.6368762686413519 0.37578125 0.028379530054229284 0.04375
3 0.635127937161067 0.2734375 0.03152271077238851 0.046875
3 0.6396614219375605 0.165625 0.03154089149054773 0.05
11 0.3246105344540335 0.87265625 0.03797269867214013 0.08125
11 0.31424676883774366 0.50546875 0.03779089149054773 0.05
5 0.7037739189124984 0.15703125 0.04415906615858276 0.0703125
5 0.7054121243221338 0.546875 0.04407725292686635 0.05625
8 0.5953871636479411 0.65859375 0.03321247579950324 0.06875
2 0.58926547043675 0.36796875 0.042542024004105096 0.0609375
6 0.5272699853656688 0.28125 0.02999657220870695 0.053125
6 0.3655012383907309 0.28984375 0.03470225292686626 0.05625
0 0.5399047781093216 0.6609375 0.028470433645025394 0.059375
0 0.4867434166730032 0.6671875 0.028488614363184794 0.0625
7 0.3045819191088902 0.28671875 0.04885565651766246 0.071875
1 0.711095018641352 0.37578125 0.056595433645025395 0.059375
4 0.5966355253788472 0.846875 0.041170421544777014 0.09375
10 0.43769231743512904 0.77265625 0.03488406010845857 0.0875