9 0.38377771996163734 0.8673740551922803 0.02759889448011297 0.05983865016215582
9 0.37597312824146795 0.7782024610364788 0.025927300324311543 0.05356137662320552
9 0.43683671590444756 0.6855434025944925 0.024255706168510117 0.047284103084255236
9 0.3693320215070602 0.39773371103647887 0.027326159090609536 0.04421365016215582
9 0.43014106209213915 0.3019496525944925 0.024201159090609537 0.04415910308425506
9 0.3604268055993173 0.20076325365015268 0.025900026785361165 0.05199887662320544
3 0.6526095405784884 0.8767526038917388 0.029161394480112967 0.059865923701106286
3 0.5365582520252996 0.5818474326262646 0.025872753246410873 0.050436376623205346
3 0.6373962288933864 0.4078798729664622 0.028943206168510115 0.04736592370110611
3 0.636377425322664 0.30476850973593733 0.030505706168510116 0.04739319724005649
3 0.6399779379045656 0.19783271712226352 0.03066934740221221 0.05676819724005648
11 0.32209988027006287 0.8686405004037419 0.03886367694751698 0.07877956493480802
11 0.3133604853862081 0.5021933400953162 0.03842730032431154 0.0537795649348082
5 0.7053491623337251 0.5871367248329012 0.04478639448011279 0.06013865909060954
5 0.7055620275961401 0.1966344557581778 0.04492276217486477 0.06795115909060949
8 0.5945946688265469 0.6851730300284767 0.03557503571381489 0.06935001785690745
2 0.5879320170428333 0.3929582564895265 0.041715941558013725 0.06320911201270878
6 0.3659012840889619 0.2906751874975285 0.03848184740221221 0.0569045649348082
6 0.5293052650142384 0.3005565223178391 0.030560253246410873 0.05051819724005648
0 0.539838984979171 0.6803122061652149 0.029215941558013724 0.06299092370110611
0 0.4867548952875965 0.6817286558409034 0.02918866801906326 0.06142842370110611
1 0.7109428230491878 0.4154117292971282 0.057313668019063256 0.061919347402212256
4 0.5947424935005877 0.8726184829505762 0.039190959414921164 0.09752956493480838
10 0.4377327885498935 0.7816235158250173 0.03590231818121907 0.08810001785690744
7 0.3056086663942102 0.28181265624794044 0.05130912986961631 0.07587275324641088