9 0.6437447413575255 0.8554843263139237 0.04097199247815268 0.06585225897699018
9 0.6517367492750842 0.768733760057145 0.029716243731793844 0.054851126463433174
9 0.6504674174591998 0.678131485954844 0.029670779625171305 0.05328862646343317
9 0.6550078164429853 0.5757786455957644 0.02935253087881229 0.04235112646343318
9 0.6591845025737895 0.4859258052366847 0.030960494985435006 0.0439227168225127
9 0.6644606874509524 0.38513091969806534 0.029397994985435005 0.04391362646343309
9 0.6670521415284452 0.29606841969806535 0.031096887305303154 0.048610216822512695
9 0.6764846289920329 0.1866570582617469 0.029625315518548412 0.05172612646343309
3 0.3772930272509027 0.8585967325369985 0.028199207838416562 0.056404536104353295
3 0.3802027300747543 0.7585967325369984 0.02810827962517113 0.05327953610435347
3 0.3837572905787378 0.6632796873574586 0.026363923198680438 0.047020445745273774
3 0.39326633438967395 0.5780825307416004 0.027835494985435093 0.04390453610435365
3 0.38721857436054413 0.4906325277165383 0.02618206677218975 0.040770445745273776
3 0.3946793848645277 0.39529275663929936 0.026272994985435096 0.04389544574527395
3 0.39777094411486996 0.28904275663929935 0.029397994985435005 0.04391362646343318
3 0.3961068072052783 0.18516377771653825 0.0311878155185485 0.0517352168225127
11 0.7052816349310346 0.8613752571302786 0.0461141335443795 0.08150453005422946
11 0.740106859791703 0.17457014871902235 0.049011813011266094 0.07371021077238855
5 0.33139944952514633 0.18085352761834236 0.04262542069139794 0.06898634933607006
5 0.31504307983732743 0.8503665969001831 0.042761813011266095 0.07367384933607006
8 0.7165577672217729 0.7691377601553409 0.055398205331134064 0.07843407220870695
8 0.7428704954476535 0.2675070824622437 0.054761707838416565 0.05655907220870704
2 0.32745844411486996 0.28945182279788223 0.04851170783841656 0.056522710772388504
2 0.32073680186150894 0.762067166182024 0.04887542069139794 0.0690227107723885
6 0.7137259354058884 0.6785445764121195 0.04244356426490725 0.06273634933607006
6 0.7372078656641978 0.38158321800086314 0.04226170783841639 0.056486349336070066
0 0.3325430977175091 0.3831563710024841 0.04060827962517113 0.05335225897699045
0 0.3280384879923131 0.672196145104785 0.04083560015828454 0.061164758976990544
7 0.7212549420698059 0.5808610553348806 0.05526181301126591 0.07374657220870695
10 0.7344572872135255 0.47611446800086304 0.05797763605166182 0.05970225292686635
4 0.3265765910535915 0.4808308017206434 0.04864810015828454 0.06121021077238851
1 0.32817253180324923 0.5870535306434045 0.04892088479802066 0.07058521077238851