9 0.7923985605506416 0.8266690388531055 0.03826361600890884 0.06693452885594056
9 0.801283759229823 0.7342087203414513 0.03968066534054522 0.05448909255827132
9 0.7359683892425496 0.6427776776905126 0.031795440006363404 0.04796627404661713
9 0.8120972739497297 0.34180296553212786 0.03800907733927241 0.045059528855940556
9 0.7468637199634107 0.24334067288118919 0.03493862133990877 0.049637901451278846
9 0.8222915286441829 0.13684264702047355 0.03971702800763595 0.057614092558271414
3 0.5095951512174144 0.8357638189749904 0.025654528007635947 0.0571230192372937
3 0.6255132419239581 0.5380852324071688 0.0255090773392725 0.044623019237293705
3 0.5268046639481387 0.363479591207509 0.022384077339272324 0.04451389183263199
3 0.5295762226289108 0.25951877750517816 0.025527258672817865 0.04618551923729371
3 0.5245898253103192 0.15114328231450158 0.025636346674090583 0.0555605192372937
11 0.858795719883869 0.8251313315040442 0.054034066677272105 0.0799801658792493
11 0.8717620806015486 0.4490499811412244 0.05532384667409076 0.05659722958158007
5 0.4606967639242763 0.5414979530030741 0.030342028007635947 0.05728671034428636
5 0.4652148253103192 0.1532167030030741 0.03204997867599957 0.06984127404661714
8 0.5657558865770496 0.640131371244576 0.03201361600890866 0.06671627404661713
2 0.5777040926161842 0.3515500208817562 0.03504770934118149 0.05901290145127884
6 0.6382699699634108 0.24713285019318368 0.03190452800763595 0.05734127404661713
6 0.8181301926320925 0.22601427442513528 0.05545111600890849 0.06753472958157998
0 0.6813627052435042 0.6376561572720926 0.03822725334181776 0.06380952885594056
0 0.6243587272438222 0.6373039824071688 0.03350339067472685 0.0605208377489479
7 0.8861716679662743 0.217390753373743 0.0728204293443632 0.08375993030721937
1 0.46110693861395696 0.3720212667054049 0.0382454346753633 0.06537202885594055
4 0.5697786732177326 0.8313193664352525 0.03706474267981754 0.09812996515360979
10 0.7403189872295048 0.7386804547323547 0.057268154678545 0.08946429328391084