5 0.5243329551564446 0.887273408813056 0.03252481252120454 0.08194098423243049
2 0.523566574123586 0.7982654601998268 0.03693949400955034 0.07423758700597212
0 0.5243354112395616 0.7085126291777782 0.03348711179556503 0.06478985182361115
1 0.5221702213136955 0.6241558129733684 0.03381449400955017 0.07416485182361114
4 0.512909294001701 0.5154347764042365 0.03655754809323426 0.06330008700597212
0 0.5102803126060225 0.41779671019982684 0.03154266587924912 0.053815984232430523
2 0.5015923041685021 0.32548192363069484 0.036393856986241604 0.05861258700597229
5 0.4986359405588384 0.21846885742628513 0.03203373920022692 0.06787848423243056
3 0.583926209965768 0.8949053772779172 0.02405754809323426 0.06300914627652787
3 0.5788443511654279 0.7940877596867366 0.025347229581580068 0.05523301386770836
3 0.5755432471744111 0.6995565096867365 0.023511911069925694 0.04738414627652787
3 0.5795189298438832 0.6122201638470491 0.026527783665263982 0.04433188145888885
3 0.5670337988110244 0.5229394582999658 0.02485615626060227 0.041170513867708355
3 0.5691468811176768 0.42697299486909773 0.02496528366526398 0.04429551386770836
3 0.5671354586150057 0.32466561246027825 0.025074411069925695 0.04742051386770836
3 0.557202408707673 0.219051392095556 0.02685516587924912 0.05370688145888893
9 0.8627506144122717 0.8990532423036466 0.03968254809323426 0.0633728221883331
9 0.8666171696770822 0.8085918964639591 0.04102679328391083 0.05715918977951375
9 0.8602456293883962 0.7155504112815979 0.03935516587924894 0.05399782218833345
9 0.8582069250345598 0.6124617788727784 0.03902778366526398 0.044622822188333446
9 0.8572768528947083 0.5187663302595493 0.04215278366526363 0.044695557370694416
9 0.8568279303920374 0.4164953154419104 0.04053571996293322 0.04309668977951393
9 0.8535813901033513 0.32352656544191044 0.04387897477225664 0.04941942496187499
9 0.8559300853866952 0.21195328580663264 0.04102679328391083 0.05715918977951393
11 0.9275943644122717 0.9005624973376396 0.05596231252120454 0.08248649810013901
11 0.9195560757680484 0.20094435704503547 0.06500993030721922 0.07332970364722227
8 0.9344767922724205 0.8070488866803134 0.06500993030721958 0.07332970364722229
8 0.9314236479078997 0.2948943787965285 0.07082342068857272 0.0609751740119445
6 0.9289956293883963 0.7171505852935425 0.06155754809323426 0.06388196846486113
6 0.9339261437315486 0.411264261205348 0.06144842068857272 0.06075696846486114
7 0.9316717068857251 0.6149523056582646 0.07761905771188111 0.07674564437666671
10 0.9388715932760615 0.5081756287965286 0.07874504809323427 0.06428201196784719