9 0.1304928802799487 0.58046875 0.0597841030842551 0.0234375
9 0.21866503612414734 0.58671875 0.05356137662320544 0.025
9 0.308563333202048 0.58359375 0.05353410308425506 0.0234375
9 0.4093173096630977 0.58515625 0.04100682954530477 0.021875
9 0.49757128612414736 0.58671875 0.04415910308425506 0.0234375
9 0.5943917390462466 0.58984375 0.04415910308425506 0.0234375
9 0.6826729890462466 0.58984375 0.04731137662320535 0.025
9 0.7903900316599205 0.5953125 0.05040910308425506 0.0234375
3 0.8155844951320314 0.315625 0.05372501785690744 0.034375
3 0.7084168774372797 0.3234375 0.04429547077900686 0.03125
3 0.6029617642067547 0.32265625 0.04429547077900686 0.03125
3 0.5077310848236058 0.31796875 0.039607970779006865 0.03125
3 0.41851858035937894 0.3265625 0.04429547077900686 0.03125
3 0.3326901745151803 0.3203125 0.04429547077900686 0.03125
3 0.23896744805413067 0.31875 0.05369774431795715 0.0328125
3 0.13974869805413065 0.31875 0.0567409237011061 0.028125
11 0.12476898579983578 0.63984375 0.07872501785690748 0.034375
11 0.8002775004103324 0.65546875 0.07568183847375849 0.0390625
5 0.1525856631510946 0.2546875 0.07576365909060953 0.04375
5 0.8198413469984704 0.25078125 0.07115797970746059 0.0484375
8 0.7072405665629565 0.659375 0.056986385551659066 0.0421875
8 0.21603886810508408 0.64765625 0.07579093262955983 0.0453125
2 0.23691975284266906 0.25703125 0.06498980032431154 0.053125
2 0.7144135073068959 0.2484375 0.05728639448011279 0.059375
6 0.3044019387219351 0.64296875 0.06619774431795715 0.0328125
6 0.5963576136408573 0.65625 0.06310001785690744 0.034375
0 0.3282305454563429 0.2625 0.057013659090609535 0.04375
0 0.6181424793037188 0.25859375 0.05388865909060954 0.04375
7 0.4012360284135096 0.6453125 0.06945911201270878 0.040625
10 0.5034025004103324 0.65546875 0.06170115909060954 0.04375
4 0.5221441866900449 0.253125 0.06191934740221221 0.05625
1 0.4126873660731939 0.2578125 0.07285684740221221 0.05625