9 0.7695226805217675 0.09700739330391817 0.0363011143631848 0.06417381596343472
9 0.7786391261688456 0.18645088296483595 0.03468407220870695 0.05472604135632886
9 0.776050457354543 0.2787839321790477 0.03466589149054773 0.051601041356328814
9 0.7797799662333376 0.382544632964836 0.03461134933607006 0.04222604135632881
9 0.7850083425985748 0.4752950591435184 0.03462953005422946 0.045351041356328815
9 0.7895009207592102 0.5758943726257537 0.034629530054229106 0.045351041356328815
9 0.7915952067653678 0.6672278480186479 0.03777271077238851 0.04862159057054054
9 0.8008434626191002 0.7793275876795656 0.03624657220870695 0.05479881596343468
3 0.49615790339440446 0.12224294954744322 0.023782933645025393 0.06046661910658786
3 0.4975118460164204 0.22064406224389027 0.02530907220870695 0.05428939371369372
3 0.5004237434588965 0.3181911503332315 0.02214771077238851 0.047893844499481995
3 0.5087316680287357 0.40298352729770226 0.023673849336070064 0.04171661910658782
3 0.501432773316734 0.4916286503332315 0.025254530054229462 0.044914393713693636
3 0.5098270562978297 0.5912647772977022 0.02214771077238851 0.047893844499482086
3 0.5119622489198455 0.6896295026905964 0.02371930113146803 0.04952911910658777
3 0.5079201644144984 0.8007853265119138 0.02530907220870695 0.05428939371369372
11 0.8343437046240684 0.09008099710902508 0.050472698672140125 0.08357878742738742
11 0.865741754773578 0.7856824414846726 0.056677246876741805 0.0760573858558109
5 0.4360743762670413 0.13754477192101872 0.033248837235821685 0.07652826674922303
5 0.4477820951326576 0.8067121488854895 0.03164997579950324 0.07020549214211727
8 0.8698747428697213 0.690151617663355 0.06283634328594587 0.06072348428423417
8 0.8458175358097659 0.18175907485928408 0.06137383723582168 0.07783820967712844
2 0.44480656517662415 0.6982275607961482 0.04407725292686617 0.05828768899896399
2 0.44048514119596016 0.22408158540325407 0.03945338544042372 0.0690068651776464
6 0.843991936277304 0.27093073676994284 0.05350679508134419 0.06809933664159917
6 0.8660906918364489 0.5770159168775667 0.05349770472226467 0.066536836641599
0 0.45050205327276754 0.6026239623677248 0.028434072208706952 0.05443494292790554
0 0.44804817720211787 0.3151603496712777 0.028470433645025394 0.06068494292790536
7 0.8516231499765589 0.3737282510379665 0.06763292759490121 0.07969180810555185
1 0.4485299662333375 0.3979728496712777 0.03790906615858276 0.07205909057054054
4 0.4468134510098311 0.5058945115819364 0.034720433645025396 0.06097604135632899
10 0.864741294393973 0.4793960541811197 0.06911361436318479 0.06570208271265762