9 0.8503610953769126 0.49140099135752535 0.05975682954530477 0.023602636051661817
9 0.7627247276821609 0.5017594813283954 0.053534103084255234 0.024983279625171308
9 0.6699838486233235 0.44667482772575634 0.047284103084255236 0.02480142319868044
9 0.38923268060426025 0.5157504028112163 0.04418637662320544 0.026272994985435005
9 0.2894878250843732 0.4593078376883792 0.04415910308425506 0.024710494985435004
9 0.19540085998740925 0.5260754520324287 0.05043637662320544 0.026454851411925873
3 0.8511595308458464 0.2219834016240821 0.056850017856907444 0.03601170783841656
3 0.5616412889635212 0.3459737972426554 0.044268197240056394 0.030960494985435006
3 0.3822186160731939 0.2465601336108864 0.044377291395857735 0.03721049498543509
3 0.2775174793037188 0.25038747875460604 0.04435001785690744 0.0356479949854351
3 0.17295271022899525 0.24640232389832573 0.0537795649348082 0.039045779625171126
11 0.8540667479747004 0.5475145990376573 0.07864319724005639 0.031960705331134064
11 0.4945962905883742 0.563440093560874 0.050490923701106104 0.029579851411925873
5 0.5576101282480586 0.1743033857224575 0.05399775324641087 0.05154577962517113
5 0.17017831209543438 0.18167223416488237 0.07123980032431154 0.05517088479802066
8 0.6619100702131092 0.28293057647211517 0.06792388555165907 0.044142456584775225
2 0.37128507021310925 0.2913869003039339 0.05558752678536116 0.053153743731793844
6 0.2795418551161453 0.35808631848804934 0.0537795649348082 0.039045779625171126
6 0.28296904383478505 0.5196232120615586 0.05679547077900686 0.03288670783841656
0 0.6609009492719466 0.34074307647211516 0.058412517856907445 0.03605717194503919
0 0.6638526254086847 0.3953169162055585 0.061482970779006864 0.03302310015828454
7 0.27893038027994865 0.5720578902748039 0.07091251785690744 0.03642088479802066
1 0.38511751948176054 0.16995216950426376 0.06213753571381497 0.07052310015828453
4 0.849396433443634 0.27825613367739344 0.09465002678536116 0.05429034639736088
10 0.763774758931749 0.4416032313283956 0.08653751785690744 0.03687552586424747