9 0.6125 0.1390625 0.025 0.0609375
9 0.61953125 0.22890625 0.02421875 0.053125
9 0.615625 0.31953125 0.02421875 0.05390625
9 0.61640625 0.41953125 0.02421875 0.04140625
9 0.61796875 0.50859375 0.025 0.04375
9 0.6203125 0.60703125 0.025 0.04375
9 0.6203125 0.6953125 0.02734375 0.04609375
9 0.6265625 0.80390625 0.025 0.05
3 0.34609375 0.815625 0.03125 0.05546875
3 0.35390625 0.71015625 0.03125 0.04375
3 0.35390625 0.60859375 0.03125 0.046875
3 0.34921875 0.509375 0.0296875 0.03984375
3 0.3578125 0.42109375 0.02734375 0.04140625
3 0.3515625 0.3359375 0.02890625 0.04609375
3 0.34921875 0.240625 0.03046875 0.05390625
3 0.3515625 0.14296875 0.02734375 0.0546875
11 0.6734375 0.1359375 0.03671875 0.07734375
11 0.6875 0.815625 0.0421875 0.075
5 0.2875 0.1484375 0.04296875 0.07421875
5 0.28125 0.8203125 0.0453125 0.06796875
8 0.68203125 0.22578125 0.04609375 0.075
8 0.69140625 0.7234375 0.046875 0.06171875
2 0.28203125 0.7140625 0.0515625 0.0640625
2 0.2875 0.23671875 0.05078125 0.06640625
6 0.6765625 0.3171875 0.03515625 0.0640625
6 0.68984375 0.6109375 0.0359375 0.06015625
0 0.29453125 0.32890625 0.040625 0.059375
0 0.28984375 0.61875 0.0421875 0.05234375
7 0.67890625 0.4140625 0.0453125 0.07265625
10 0.68984375 0.51796875 0.046875 0.05859375
4 0.28671875 0.5203125 0.053125 0.0609375
1 0.290625 0.41328125 0.05390625 0.0703125