9 0.621875 0.1546875 0.02421875 0.05859375
9 0.63203125 0.24296875 0.025 0.05234375
9 0.57421875 0.34453125 0.0234375 0.046875
9 0.65234375 0.62265625 0.0265625 0.04453125
9 0.59453125 0.73125 0.025 0.04609375
9 0.66796875 0.821875 0.028125 0.0546875
3 0.3859375 0.871875 0.02734375 0.0546875
3 0.38828125 0.76328125 0.02734375 0.04609375
3 0.38359375 0.65859375 0.02578125 0.04609375
3 0.478125 0.46484375 0.0234375 0.04140625
3 0.353125 0.18984375 0.028125 0.05234375
11 0.68359375 0.14296875 0.03671875 0.078125
11 0.70390625 0.5078125 0.03984375 0.05546875
5 0.309375 0.49140625 0.04296875 0.0515625
5 0.32109375 0.8859375 0.0421875 0.0765625
8 0.4171875 0.37265625 0.03125 0.06328125
2 0.43046875 0.66328125 0.0390625 0.05625
6 0.49453125 0.74765625 0.0296875 0.0546875
6 0.659375 0.73359375 0.0375 0.0609375
0 0.47265625 0.36796875 0.028125 0.059375
0 0.52421875 0.359375 0.02890625 0.05859375
7 0.7203125 0.73203125 0.053125 0.07734375
1 0.31015625 0.66328125 0.05390625 0.06640625
4 0.41171875 0.184375 0.03828125 0.0890625
10 0.571875 0.25 0.03359375 0.08515625