9 0.8466814042572217 0.6525988085153275 0.06151938145888884 0.027838209677128488
9 0.7566740000969092 0.6554455186067406 0.05370688145888884 0.027474336641598995
9 0.6661399190748606 0.6473183413946009 0.05370688145888884 0.02747433664159917
9 0.5661217352792703 0.643442016539826 0.041206881458888844 0.026892139784752446
9 0.47702286768808977 0.6408563639347922 0.04433188145888885 0.027037688998963992
9 0.3785308163013189 0.6386153136871231 0.04433188145888885 0.027037688998964172
9 0.29024956630131893 0.6345035483856422 0.047529616641249994 0.03030823821317572
9 0.1815103459365967 0.6356957131917851 0.05058188145888889 0.027328787427387445
3 0.17631957855350663 0.3546811536384912 0.05697735182361115 0.0338698858558109
3 0.28160649059760384 0.36740593961813656 0.04447735182361114 0.03328768899896399
3 0.3831689905976039 0.3721362890800173 0.047602351823611146 0.03343323821317572
3 0.4824968433711456 0.3720699766312392 0.04131598423243048 0.03157963978475227
3 0.5705780716196525 0.3847754919327202 0.041279616641249996 0.03001713978475227
3 0.6558797919843747 0.3824917080199894 0.047529616641249994 0.03030823821317572
3 0.7512468433711456 0.3845872090534467 0.053852351823611144 0.03372433664159917
3 0.8488485419843748 0.3914793719975628 0.055342116641249814 0.030672111248705038
11 0.8483880682011801 0.7136818577295392 0.0789978221883331 0.04113873035529281
11 0.168373259880555 0.6960874036384912 0.07598192496187503 0.04568068114108108
5 0.8448708632227774 0.3271621608726923 0.07601829255305574 0.04724318114108117
5 0.17314133358749975 0.2896190798171736 0.06980466014423614 0.04851458271265772
8 0.7583442964496869 0.7180910678209523 0.07609102773541672 0.05036818114108108
8 0.2604698409026036 0.7042873554577367 0.06359102773541672 0.049785984284234176
2 0.27937314979190947 0.29534900310037193 0.06526263050895835 0.05454625889134013
2 0.7565896132227776 0.32305039557121135 0.06678876291777769 0.05305653349844608
6 0.667065333018819 0.7083650033052598 0.06486258700597211 0.037358758891340216
6 0.3730062084937842 0.7079646271693585 0.06021145459715278 0.03870293507002245
0 0.664238459062465 0.3257879437519658 0.060320557370694416 0.043390435070022625
0 0.3745038118360067 0.3076007541338292 0.05410692496187508 0.04466183664159917
7 0.5701357816320481 0.7061967276646965 0.07292966014423605 0.048660131926869354
10 0.4659749584937842 0.7122947162921569 0.06046602773541672 0.04964043507002245
4 0.47301404701836774 0.30906055438149826 0.062173998100139016 0.05596320967712849
1 0.5799543780404164 0.31795186496824945 0.07154899810013901 0.05639985731976358