9 0.8373566377781145 0.4687722591607125 0.05485112646343282 0.03099105042954129
9 0.7338816589535494 0.41402056139927607 0.040761355386194256 0.02556656603337366
9 0.6412901588553535 0.48373659712949635 0.04231476502711473 0.02408595318850324
9 0.4600447040348932 0.4940167571245476 0.04075226502711473 0.024004066033373662
9 0.257964053567355 0.4155177001362856 0.05172612646343318 0.030827276119281776
9 0.17885833654845062 0.5196939450479029 0.061073855386194253 0.026631099050060315
3 0.13823683996629615 0.2537723739261467 0.059574987899751616 0.03748671189493056
3 0.33818684299135826 0.23469706806953847 0.04863748789975162 0.03691350180902235
3 0.42677716520006526 0.28319544380470746 0.04393180718159222 0.033542840343632994
3 0.5391140596174793 0.3835905122129303 0.048582945745273776 0.027538501809022266
3 0.7270089693565955 0.3073168600197952 0.0517352168225127 0.032389776119281774
3 0.8327867915653024 0.3549144770485369 0.05328862646343317 0.03090916327441153
11 0.8665901407049809 0.5235073467908121 0.07361930718159257 0.035098696291098366
11 0.18309183947531685 0.5757392271600785 0.0751727168225127 0.033618083446227943
5 0.426095388269094 0.1660079438047075 0.05968407220870695 0.056236711894930555
8 0.16295608059652228 0.47285656659920045 0.0814318071815923 0.03550813206674715
8 0.6401589300307882 0.4236212907070612 0.05959316861791084 0.040611711894930555
2 0.4367703096174793 0.388954120873929 0.053352258976990544 0.041846663274411534
2 0.7482941377781146 0.4734398270031083 0.07360112646343317 0.031973696291098364
6 0.3611395714231401 0.5531228414752868 0.056413626463433175 0.031072937584671046
6 0.7009863039601385 0.13284580450187117 0.05344316256778665 0.057471663274411576
0 0.5459958395735127 0.49185671359241123 0.056422716822512695 0.032635437584671044
7 0.44864866178221974 0.5500996607880208 0.06894998789975162 0.03797803482570909
1 0.5162345749391815 0.21208068238474675 0.06130111436318479 0.06569359905006031
10 0.12854822257804935 0.20035744685692522 0.09878293364502548 0.06453389077317437