9 0.6594379375174594 0.845085439939751 0.029898100158284535 0.06142842370110628
9 0.6698418915949522 0.7558865722449994 0.031233279625171306 0.053643197240056395
9 0.667814041832379 0.6645621428618504 0.031187815518548413 0.052080697240056394
9 0.6723317087628533 0.5629723693229001 0.030960494985435006 0.044268197240056394
9 0.6773578410535915 0.47074395901447463 0.03086956677218975 0.0411431972400564
9 0.6833698118241317 0.37147066193657385 0.029397994985435005 0.044240923701106105
9 0.6868107120615586 0.28005077516709875 0.032613923198680436 0.047420470779006865
9 0.6970244495251463 0.1705530442418222 0.031187815518548413 0.05208069724005644
3 0.39394932983732744 0.8450344415613088 0.02351170783841656 0.05663182954530477
3 0.39681356855455635 0.7465969415613088 0.024892351411925872 0.05040910308425524
3 0.40114937905853987 0.6512571680223586 0.026363923198680438 0.04731137662320535
3 0.40989990492278733 0.5652105738665572 0.02948892319868044 0.04736592370110611
3 0.4046561269469688 0.47706569156130885 0.026227530878812334 0.042623876623205346
3 0.41296638361088644 0.3793139841749827 0.02631845909205772 0.04574887662320544
3 0.41674826464798337 0.27617534740550753 0.026272994985435005 0.04418637662320544
3 0.4128085738983257 0.17004807833078406 0.026454851411925828 0.05043637662320544
11 0.72256006314428 0.8494496116122623 0.04602320533113406 0.07888865909060953
11 0.7614279303248164 0.15771607914485825 0.050619777117888634 0.07584547970746054
5 0.34798755595163705 0.17039868019722318 0.04575042069139794 0.06951365909060954
5 0.33254882858368623 0.8351742463498473 0.03968227711788872 0.07565456493480802
8 0.7346401774883295 0.7563172203785602 0.05209134890464338 0.07274775324641088
8 0.7633648518741442 0.2521655085280072 0.05641513605166182 0.06032957386326192
2 0.337415836501245 0.7484145860414217 0.044051528371529966 0.06479888555165907
2 0.3441147467012947 0.2766623169666983 0.04860263605166182 0.060193206168510205
6 0.7325668636191336 0.6665552909954113 0.045477636051661816 0.06013865909060954
6 0.7568982400373772 0.3670638056059079 0.045341243731793844 0.055451159090609534
0 0.3454760405787378 0.6592566286550956 0.039136707838416565 0.0569045649348082
0 0.3507846323572452 0.3694674257329963 0.03592077962517113 0.05372501785690744
7 0.7402095305496079 0.5649109703785603 0.058341348904643195 0.07285684740221221
1 0.34636860233636263 0.574908902194046 0.04892088479802066 0.07113070616851011
4 0.344840857746639 0.46639697281089704 0.045477636051661906 0.06013865909060954
10 0.7541476615867049 0.46159505560590797 0.06123902837152997 0.06509889448011279