9 0.7655009794827778 0.15806844994868635 0.03412173328249999 0.05644089754067196
9 0.6952813580918752 0.2631786516458886 0.030778527735416717 0.0470477168225127
9 0.7632157001318406 0.3620156065645446 0.035393292553055566 0.043949987899751616
9 0.7590224286646879 0.5511281035394825 0.033830792553055565 0.0439408975406721
9 0.6589354289490285 0.7493934075978169 0.029361498100139015 0.05328862646343317
9 0.7689299844198618 0.8425161728213233 0.03739220364722229 0.06270907825883114
3 0.6412822294827778 0.15879113349551596 0.029361498100139015 0.05328862646343313
3 0.5836535270698266 0.26773486232008126 0.022893292553055566 0.04387726502711464
3 0.6435954907850351 0.4595996545727548 0.026018292553055565 0.04389544574527378
3 0.537402001802952 0.5633564345287883 0.02278418977951393 0.03918976502711473
3 0.48391528552229224 0.6488353922761148 0.022966027735416717 0.04700226502711473
3 0.4901328371934035 0.848826301917035 0.023220600873680653 0.05793976502711473
11 0.8322657858066327 0.8444917632785988 0.04869337955902786 0.07839771077238851
11 0.8297264804327085 0.1311287000468822 0.05501611474138883 0.08155907220870699
5 0.4270457300514588 0.5554035548439014 0.03404899810013902 0.05331589754067192
8 0.6983173987450698 0.3600491064663488 0.042079703647222286 0.06273634933607006
8 0.719856704784584 0.8490525191323313 0.045822952697291794 0.08931703005422946
2 0.6460866707809032 0.5666309045727548 0.04051720364722229 0.06272725897699054
2 0.7645216673624308 0.2502741306668456 0.05210932028847228 0.09091589149054773
6 0.8216880424561464 0.6585906247149172 0.04832970364722229 0.06277271077238851
6 0.4159757177992711 0.28121207592114017 0.035720600873680605 0.05801248789975162
0 0.7662881083762156 0.46044856138500484 0.04676720364722229 0.06276362041330899
7 0.8305525897588547 0.5694644922013599 0.06558993882958326 0.06599770472226432
1 0.48216768151447964 0.4730405067374953 0.035756968464861316 0.059574987899751616
10 0.4426584251493063 0.8569160578689633 0.03982752583555573 0.10021816861791066