9 0.5926709473663166 0.26356654762989806 0.02561816534054522 0.05399801923729371
9 0.6931062046864991 0.1702381882814037 0.03197725334181776 0.06359127404661713
9 0.6956885013924063 0.45927340643023823 0.030196577339272324 0.044786710344286364
9 0.7080446927514051 0.6486905704953888 0.03177725867281787 0.04640377404661713
9 0.6451094354312227 0.7433284586998237 0.027107940006363407 0.04780258293962447
9 0.7181753127784495 0.8481821390070431 0.03190452800763595 0.05734127404661713
3 0.4204772266868172 0.16306057222466935 0.02569089067472703 0.060248019237293705
3 0.4235856873806342 0.36308785407583477 0.025527258672817865 0.04618551923729371
3 0.4807902073917701 0.44708339735974556 0.023910214672181594 0.04144345553496294
3 0.5897572220719057 0.5500670428205746 0.023910214672181594 0.04144345553496294
3 0.5380963667647682 0.7411533450901601 0.022420440006363406 0.04763889183263181
3 0.597908266112313 0.8478869839275672 0.02561816534054522 0.05399801923729371
11 0.7571505233529536 0.1709128000769688 0.043151110677908555 0.08428571996293308
11 0.7833281454487219 0.8770090326537737 0.04938292934436319 0.08294147477225663
5 0.3699890673933609 0.45492812449425485 0.03815452800763604 0.05755952885594055
8 0.6453681386855445 0.1615427453603126 0.04002611067790855 0.08417659255827141
8 0.6463713960852688 0.6504415542533201 0.03822725334181776 0.06380952885594056
2 0.5877305507240428 0.4430085109694092 0.03353975334181776 0.0636458377489479
2 0.7132145454328136 0.757420729751216 0.043151110677908555 0.08428571996293321
6 0.753045920711316 0.3550695452676454 0.044549978675999566 0.07027778366526398
6 0.3669480727641319 0.7304911196849314 0.046076116008908666 0.06720734736759475
0 0.7068901780712695 0.5494718204953888 0.03815452800763595 0.05755952885594055
7 0.7642385067234064 0.4444867093327959 0.05708634134309047 0.07383929328391084
1 0.4264214280712695 0.5396776359270002 0.04131589067472703 0.06079365626060227
10 0.37038632001909005 0.15350203375008195 0.044895424013363085 0.09996528366526398