9 0.509375 0.15 0.025 0.059375
9 0.415625 0.246875 0.025 0.05
9 0.5125 0.43203125 0.0234375 0.04296875
9 0.52109375 0.6125 0.0234375 0.03984375
9 0.46171875 0.71328125 0.025 0.04375
9 0.52734375 0.80703125 0.02578125 0.05078125
3 0.41484375 0.8234375 0.0265625 0.05234375
3 0.35546875 0.72578125 0.0296875 0.0421875
3 0.41171875 0.52890625 0.02578125 0.04140625
3 0.3 0.43671875 0.03203125 0.04296875
3 0.24140625 0.35703125 0.034375 0.05
3 0.23984375 0.15625 0.03515625 0.05625
11 0.5828125 0.821875 0.03203125 0.0796875
11 0.56640625 0.14609375 0.03125 0.078125
5 0.18359375 0.45390625 0.05234375 0.053125
8 0.4609375 0.14375 0.03125 0.0796875
8 0.46015625 0.621875 0.0328125 0.05234375
2 0.40625 0.42421875 0.03984375 0.05625
2 0.52265625 0.71953125 0.03046875 0.0765625
6 0.5625 0.32578125 0.028125 0.059375
6 0.178125 0.73046875 0.05625 0.05703125
0 0.5203125 0.5203125 0.02890625 0.05390625
7 0.56953125 0.41171875 0.034375 0.0703125
1 0.2375 0.53515625 0.06328125 0.0609375
10 0.18671875 0.15546875 0.06484375 0.09609375