9 0.81875 0.1375 0.03671875 0.059375
9 0.828125 0.2296875 0.03984375 0.05390625
9 0.7609375 0.3234375 0.03359375 0.0484375
9 0.834375 0.62578125 0.0390625 0.05078125
9 0.76796875 0.7265625 0.03515625 0.04609375
9 0.8421875 0.828125 0.03828125 0.053125
3 0.53515625 0.140625 0.0234375 0.06015625
3 0.6484375 0.43515625 0.02578125 0.04609375
3 0.546875 0.6140625 0.0234375 0.046875
3 0.55 0.7171875 0.02265625 0.04296875
3 0.54375 0.825 0.025 0.05546875
11 0.884375 0.1359375 0.05390625 0.07734375
11 0.8953125 0.5125 0.05625 0.053125
5 0.48359375 0.4375 0.02734375 0.053125
5 0.48359375 0.8234375 0.0296875 0.071875
8 0.58984375 0.33203125 0.03046875 0.0671875
2 0.5984375 0.6234375 0.0375 0.0609375
6 0.83984375 0.73671875 0.05546875 0.065625
6 0.6578125 0.72578125 0.034375 0.0546875
0 0.70546875 0.33046875 0.0390625 0.0625
0 0.64765625 0.33359375 0.034375 0.06015625
7 0.90703125 0.7453125 0.07421875 0.07890625
1 0.48125 0.60703125 0.0359375 0.0625
4 0.5953125 0.140625 0.03671875 0.09609375
10 0.76640625 0.22578125 0.05625 0.090625