9 0.55234375 0.15859375 0.0234375 0.0609375
9 0.553125 0.24765625 0.021875 0.05234375
9 0.4890625 0.3265625 0.021875 0.04609375
9 0.53046875 0.61875 0.021875 0.04140625
9 0.4640625 0.70625 0.02265625 0.04296875
9 0.52265625 0.81328125 0.0234375 0.05234375
3 0.24296875 0.77578125 0.03515625 0.053125
3 0.25625 0.67421875 0.0390625 0.04765625
3 0.2640625 0.57265625 0.03515625 0.04609375
3 0.3796875 0.4125 0.02734375 0.0453125
3 0.28671875 0.10234375 0.0328125 0.059375
11 0.609375 0.165625 0.02890625 0.07109375
11 0.58984375 0.5265625 0.03125 0.053125
5 0.1796875 0.76640625 0.05546875 0.06015625
5 0.209375 0.38203125 0.05 0.059375
8 0.328125 0.3 0.040625 0.06796875
2 0.3078125 0.58984375 0.05078125 0.05078125
6 0.3625 0.69296875 0.0375 0.0546875
6 0.52421875 0.72734375 0.03125 0.0609375
0 0.384375 0.3140625 0.03203125 0.06015625
0 0.43828125 0.321875 0.03125 0.059375
7 0.57578125 0.74296875 0.03359375 0.07734375
1 0.18984375 0.553125 0.06640625 0.0609375
4 0.34140625 0.11484375 0.04609375 0.09609375
10 0.49375 0.234375 0.03125 0.08515625