9 0.2923249546864991 0.1579358112921568 0.03197725334181776 0.06377333992388783
9 0.2910448126989076 0.24924656079786525 0.03186816534054504 0.05439833992388783
9 0.3022555800445434 0.3402853962731288 0.030287484006999675 0.05277217292769336
9 0.3081157760582246 0.441257647261712 0.030160214672181596 0.04183467292769336
9 0.3122862027370877 0.5312287312541008 0.03019657733927241 0.04495967292769336
9 0.31734696741722346 0.6306066487445867 0.028597714672181595 0.04177100593149898
9 0.3230980754296319 0.7222038997331699 0.03179544000636332 0.048148339923887916
9 0.32436167811104033 0.8307976497331697 0.028743165340545128 0.05427100593149916
3 0.6042577161043589 0.7930071255500633 0.03030566534054522 0.05433467292769336
3 0.5913753607574505 0.6925296230786053 0.028634077339272323 0.04489600593149916
3 0.584706642743451 0.5891817885919248 0.025472714672181596 0.04164367193911023
3 0.5828072407304061 0.4930562050938277 0.025472714672181596 0.04164367193911023
3 0.5685169267186339 0.4057962856261753 0.025581802673454133 0.05101867193911036
3 0.5698697940404072 0.32073553612046696 0.025545440006363405 0.047893671939110226
3 0.5648635733609078 0.22604511862998092 0.02561816534054522 0.05414367193911025
3 0.5566778086807721 0.12653986714710616 0.02412839067472703 0.06033000494291586
11 0.22913461135422636 0.16316979794628397 0.046221566677272286 0.07997134288963732
11 0.26136223878099474 0.852437886387297 0.04774770401018138 0.0769100098858317
5 0.6690105594366316 0.7878368058921303 0.04135225334181776 0.06415534190105418
5 0.6199226960136812 0.12599338049297903 0.03684656667727211 0.07958934091247101
8 0.2501060181014953 0.7574928009120334 0.05541475334181776 0.06472834486680376
8 0.22631015070018026 0.255979380455798 0.053961341343090476 0.0740396778706093
2 0.6240658506922261 0.21362071448536782 0.04462270401018138 0.07678267589344294
2 0.6615424100890868 0.6828946379073528 0.04916475334181776 0.06447367688202607
6 0.23750273671227068 0.3454557159310615 0.04600339067472685 0.06122134288963732
6 0.24491798408654147 0.6471773834215475 0.04600339067472685 0.06122134288963732
0 0.6472066427434511 0.5917284684397005 0.036519302673454136 0.051464340912471054
0 0.622776618037862 0.3041502139910762 0.035102253341817755 0.06390067391627667
1 0.6323430693825431 0.3880941324701454 0.04778406667727229 0.0800350098858317
4 0.6429634907304062 0.4955073844473118 0.04444089067472703 0.06115767589344294
10 0.23754983207349661 0.55082896543677 0.060138616008908664 0.0680443458553869
7 0.24023793272595179 0.44630063292725597 0.05864884134309047 0.07423067885919252