9 0.1554384080999045 0.7299528023577272 0.06289998933799978 0.036921679847775654
9 0.246926474100859 0.7332595330803553 0.055051126670908876 0.03347834486680377
9 0.3414844487587231 0.6645320963124974 0.047202264003817974 0.030035009885831698
9 0.6345082901018135 0.7245013680241461 0.04414998933799978 0.036157675893442945
9 0.7360884240929048 0.6547061797734136 0.04563976400381797 0.02997134288963732
9 0.8377332874363134 0.7248184085188754 0.0535068080044546 0.03497717787060939
3 0.8398294000636334 0.434751824032195 0.053415901336727245 0.02716467787060921
3 0.7320805347310425 0.444613596769608 0.044022720003181706 0.025220175893442942
3 0.6297186033974971 0.44722128502034053 0.047165901336727066 0.0269100098858317
3 0.4511765274108601 0.5529804895826956 0.044022720003181706 0.025220175893442942
3 0.15847031206236079 0.4531356343729496 0.059647720003181706 0.0258568458553869
11 0.15384009277526772 0.7941108028520187 0.07867044000636332 0.05005834980971961
11 0.5281679307765403 0.788237557263462 0.053688621339908774 0.05060217787060921
5 0.8430174873885884 0.37287390654170893 0.07383748933799979 0.03736734882113639
5 0.4523833967218156 0.38800940559030683 0.055087489337999784 0.03660334486680368
8 0.3513032494032241 0.5007733438410394 0.06909544533736352 0.03248884783255335
2 0.6381038154041786 0.4961217000393686 0.06133748933799978 0.03685801285158128
6 0.7356515247453601 0.5499868462753164 0.05345226400381797 0.03028967787060921
6 0.7462815841024499 0.7246366777962472 0.05992044000636341 0.049294345855386903
0 0.3503680054105419 0.5547432608372339 0.05813976400381797 0.030480678859192523
0 0.3486696927514052 0.6103075113315255 0.06130112667090888 0.03373301285158128
7 0.7564111094445858 0.7890984258190809 0.0788704346753633 0.06724584980971962
1 0.6218873747214975 0.37875778650321534 0.0630090773392725 0.046296679847775656
4 0.16071461207031495 0.5116657173767553 0.09098862667090887 0.03494268577927464
10 0.24622649275935937 0.6731032830803553 0.08495680267345422 0.053438017794497125