9 0.590625 0.16328125 0.025 0.06171875
9 0.49609375 0.2625 0.021875 0.0484375
9 0.5953125 0.44765625 0.0234375 0.03984375
9 0.60546875 0.63203125 0.0234375 0.04375
9 0.54609375 0.734375 0.0234375 0.040625
9 0.61484375 0.8296875 0.02734375 0.05234375
3 0.321875 0.17421875 0.03046875 0.0546875
3 0.325 0.37578125 0.02890625 0.04765625
3 0.38359375 0.453125 0.028125 0.04375
3 0.49296875 0.54453125 0.02421875 0.0390625
3 0.44296875 0.7453125 0.02421875 0.04921875
3 0.50078125 0.8421875 0.02421875 0.05
11 0.6765625 0.846875 0.04453125 0.07734375
11 0.64921875 0.15859375 0.0390625 0.075
5 0.26875 0.475 0.046875 0.0546875
8 0.5453125 0.63984375 0.0328125 0.059375
8 0.54296875 0.15625 0.0328125 0.08359375
2 0.4890625 0.440625 0.03203125 0.05078125
2 0.60859375 0.73984375 0.03046875 0.07734375
6 0.6453125 0.3390625 0.03125 0.06015625
6 0.26640625 0.75 0.04921875 0.06171875
0 0.60234375 0.534375 0.03046875 0.0546875
7 0.65546875 0.4265625 0.04453125 0.06796875
1 0.32421875 0.55234375 0.05234375 0.0609375
10 0.26875 0.17265625 0.0546875 0.0984375