9 0.1633805199550839 0.46923769642902774 0.06170139183263199 0.023293336056041624
9 0.2498413204105708 0.37027155993614563 0.052435519237293705 0.026200130508958353
9 0.443013456252753 0.4611653976077079 0.04138889183263199 0.022820557370694418
9 0.6237004610620764 0.46321494082635367 0.043060519237293704 0.02598192496187508
9 0.7215451948200077 0.39916866499079806 0.04467758293962447 0.027580792553055566
9 0.8175323066155726 0.4610491095199646 0.05399801923729371 0.026236498100139016
3 0.14928078130301126 0.19981554920256933 0.0559424651536097 0.037210365691319504
3 0.34763643574951497 0.1928531151226386 0.0496924651536097 0.03706489532659729
3 0.43163197903342576 0.2471938165856594 0.041825401451278846 0.035320557370694415
3 0.5323537200477512 0.3550952759324648 0.044786710344286364 0.030705792553055566
3 0.726401331210344 0.29193739323930495 0.04171627404661713 0.0321955573706945
3 0.8268031244942549 0.34589623499492983 0.04796627404661713 0.032341027735416715
11 0.16138399953666385 0.524016115406979 0.07452877404661713 0.03295927678548623
11 0.8389732861971527 0.5152820146302076 0.07307540145127903 0.03604790919430556
5 0.43931301506094245 0.13129605965180519 0.05659722958158007 0.0559603656913195
8 0.6278224766711731 0.4021319704616314 0.05599702885594056 0.038772865691319505
8 0.15231404518282737 0.421018401976111 0.08239583774894799 0.03470361474138901
2 0.42594002894075855 0.3528807721327427 0.05454365626060227 0.04186149810013893
2 0.729141929210911 0.45997887842166607 0.07441964664195541 0.029834276785486225
6 0.716302100995792 0.11468456221725636 0.0582688569862416 0.05912173328250007
6 0.34241574472734043 0.5135474748300345 0.06030258293962456 0.02794446846486114
0 0.5291419292109111 0.46463393009277737 0.04941964664195542 0.0292523953265972
7 0.42779024953666384 0.5178154411106941 0.06838790145127885 0.03593880642076393
1 0.5246800853866953 0.18013164352364539 0.061775802902557686 0.07013196846486114
10 0.14421876987026588 0.14441953438493044 0.09916667549789596 0.0678797906531945