9 0.6664990225139924 0.8311655823640478 0.032522865691319326 0.05486930718159257
9 0.5986049673274995 0.7276683985226307 0.027580792553055743 0.04390453610435348
9 0.6657035079806939 0.6304161486208265 0.032268292553055564 0.04393180718159222
9 0.6614556851267704 0.4437473955957644 0.029070557370694416 0.040788626463433175
9 0.5667465164331595 0.2505746333973201 0.026236498100139016 0.05327044574527395
9 0.6712905056995833 0.15544796487760515 0.03270470364722229 0.06268180718159236
3 0.399597343655486 0.14921718735745865 0.027871733282499988 0.056404536104353475
3 0.3933797919843747 0.34922627771653825 0.026054660144236054 0.04545794574527386
3 0.44844719206062467 0.4332694796101322 0.022820557370694418 0.04075226502711473
3 0.5523514824294787 0.5334325851927183 0.022893292553055743 0.04387726502711473
3 0.49240951871427024 0.7259427929400447 0.026091027735416716 0.047020445745273774
3 0.5477308387184021 0.8326376996540986 0.0262728656913195 0.054832945745273774
11 0.7292165748506937 0.8550161728213233 0.05189111474138901 0.08154089149054791
11 0.7346444908819443 0.15195480533488062 0.04556837955902786 0.07837953005422929
5 0.33500228790031217 0.44095978064340446 0.038736498100138926 0.053343168617910844
8 0.6023677065939231 0.633128058163551 0.03582970364722229 0.06269998789975162
8 0.6253604098598957 0.14868488047045386 0.03931837955902786 0.07834316861791084
2 0.5555511772429857 0.42952179001317836 0.030996733282499987 0.056422716822512695
2 0.6639390265980549 0.7397866034412865 0.04088087955902786 0.07835225897699054
6 0.7217048137358677 0.33872355230981854 0.042079703647222286 0.06273634933607006
6 0.3230964742613536 0.7175540969001831 0.03888196846486114 0.05959316861791084
0 0.666432166225069 0.531987738979906 0.038736498100139016 0.05334316861791066
7 0.7290614124253468 0.4253877601553408 0.054797909194305564 0.07218407220870696
1 0.38843445279420097 0.528137072896078 0.04513196846486114 0.05962953005422929
10 0.35054224781579846 0.1424722836684666 0.04912979065319458 0.09714771077238855