9 0.21257487580583598 0.8546875 0.038645488635914285 0.065625
9 0.2031532370077659 0.7625 0.03998980032431154 0.053125
9 0.2679230746707455 0.66875 0.03206820616851021 0.046875
9 0.19005757873123058 0.3703125 0.03826365909060949 0.04375
9 0.2547046854689336 0.26953125 0.03522047970746058 0.0484375
9 0.17867224512873606 0.165625 0.04004434740221221 0.05625
3 0.49537373903636084 0.85390625 0.02598184740221221 0.05625
3 0.3777463137136969 0.56015625 0.025763659090609535 0.04375
3 0.47541838027335814 0.38203125 0.022638659090609536 0.04375
3 0.4720421899331605 0.278125 0.025790932629560004 0.0453125
3 0.4763966789761119 0.16953125 0.025954573863261922 0.0546875
11 0.14618226257531114 0.85546875 0.05448867694751698 0.078125
11 0.1310292264577544 0.4796875 0.05561480032431154 0.053125
5 0.5425491534052714 0.5578125 0.03066934740221221 0.05625
5 0.5357716789761119 0.16953125 0.032450035713814884 0.06875
8 0.43808557020651867 0.66015625 0.03239548863591431 0.065625
2 0.4244598522701809 0.371875 0.03538412094116268 0.0578125
6 0.3632984354689336 0.26953125 0.03223184740221221 0.05625
6 0.1833518368489054 0.2546875 0.05583298863591431 0.065625
0 0.32248784374546896 0.66171875 0.03859094155801355 0.0625
0 0.3794781834370434 0.659375 0.03384889448011297 0.059375
7 0.11527399269310405 0.2484375 0.07329322402541769 0.08125
1 0.5411524744291596 0.38828125 0.03861821509696384 0.0640625
4 0.4351765787279353 0.8515625 0.03606595941492117 0.096875
10 0.2641316473161914 0.76484375 0.057777318181219076 0.0875