9 0.849294645139166 0.7536131858825612 0.06333645459715279 0.03702844155801373
9 0.7592508733876729 0.7637751643722058 0.053925087005972296 0.03530230032431163
9 0.667136108570034 0.7622593031702759 0.05080008700597212 0.03524775324641087
9 0.563157123387673 0.7671979935104736 0.04142508700597229 0.03508411201270878
9 0.47007927061413124 0.7735082690780187 0.044550087005972114 0.035138659090609536
9 0.3692071016361799 0.7791736623403157 0.044550087005972294 0.035138659090609536
9 0.27776448404499937 0.7823316643689106 0.04778418977951393 0.03988070616851012
9 0.1650644622935063 0.792889109173335 0.05396145459715278 0.03686480032431163
3 0.8431589735957633 0.480393874194164 0.05992051386770854 0.024473894480112966
3 0.7447032898001732 0.4828933571480354 0.05370688145888884 0.02592730032431163
3 0.6469924884134024 0.4869417033324318 0.04738414627652787 0.022693206168510116
3 0.5616544004574996 0.49624061120522517 0.041170513867708355 0.024146612012708957
3 0.4735549884134024 0.48996906615591945 0.04433188145888885 0.025763659090609535
3 0.3733731504574996 0.4995270726487412 0.04738414627652778 0.022693206168510116
3 0.274899282866319 0.5028078056026126 0.048983013867708355 0.024282979707460583
3 0.16407088563986066 0.5000567268680868 0.05370688145888893 0.02592730032431163
11 0.8516916401051731 0.8183887520351855 0.08241376291777769 0.051418224025417555
11 0.15418020725951317 0.8578965004070371 0.07474673328250007 0.05753185633066593
5 0.832059125856215 0.4204558125057668 0.07572735182361115 0.0325591298696164
5 0.16234603790031213 0.4399550239459874 0.06947735182361114 0.032450035713814884
8 0.2493836044859715 0.8609203145310664 0.057704703647222286 0.06348184740221222
8 0.7592495669669089 0.8309353908332555 0.07641833605604162 0.0622466298696164
2 0.27099433928708294 0.43571576298893877 0.057268292553055565 0.04473184740221221
2 0.7452494568782635 0.4258757439175106 0.06809668977951393 0.040235262174864596
6 0.6702416183536798 0.8301462325534249 0.06686149810013901 0.054270488635914306
6 0.3627375896683326 0.8558179829571667 0.06373649810013893 0.05421594155801372
0 0.36616136892236073 0.4403020771129681 0.05377961664124999 0.02905230032431163
0 0.6536795527179511 0.4345024959461055 0.06002961664124999 0.029161394480112967
7 0.5669529641933673 0.8389775361241473 0.07656380642076392 0.06849662986961605
1 0.570867052717951 0.43594799351047353 0.07118532218833344 0.03872730925276535
4 0.46310910410472184 0.435486117698047 0.060175087005972294 0.03541139448011297
10 0.4604120234639229 0.8533321367727705 0.0641001740119446 0.06984094155801372