9 0.5188791166038268 0.8893759152485531 0.028640210466873837 0.06395608418674961
9 0.5310521638882861 0.8015041889260764 0.02653167889684287 0.0544900789250776
9 0.4772284848502689 0.7027334889825461 0.02616765785015538 0.04824007892507769
9 0.5568906819512018 0.425169202080256 0.027366136803468066 0.04208108418674961
9 0.5033400186982002 0.3217110021367257 0.025803636803468068 0.04199007892507769
9 0.5753430922910189 0.22948497575777935 0.028094178896842868 0.054581084186749604
3 0.2961939185852607 0.19049328128768242 0.0375601841585147 0.056689615756780665
3 0.29625556079157495 0.2971073023343698 0.037196163111827295 0.050439615756780666
3 0.28942246089039697 0.40096804970353384 0.03388915258848364 0.047132605233436965
3 0.3835988531672984 0.5875341522355477 0.03067314732681172 0.045388094710093266
3 0.2512743876505141 0.867518512871831 0.03452618942018652 0.05807010523343692
11 0.5772453534496471 0.8966948625612474 0.03589126834526439 0.08150760523343692
11 0.6054353267883521 0.5338231362387708 0.03756018415851479 0.056689615756780755
5 0.21296012947565765 0.5697565760824803 0.050060184158514695 0.05741765785015538
5 0.23171418963194806 0.1804665629283007 0.05087923151356133 0.07148015785015546
8 0.3176182664203001 0.6840304496611816 0.0414132262518895 0.06937162628012424
2 0.3360167398295921 0.3950589549228535 0.05162268415851479 0.0575086631118273
6 0.40462179763739525 0.30733841802056333 0.03590667889684287 0.055036110495108835
6 0.5654682923757235 0.31827445997276377 0.036088689420186525 0.05816111049510884
0 0.3755217716819719 0.68583514434304 0.03452618942018652 0.05807010523343692
0 0.4276380085277923 0.692790070609047 0.03140118942018653 0.05788809471009326
7 0.622818060791575 0.31612740202378625 0.04637374203690499 0.07433214206513998
1 0.21511270562872514 0.398207799774121 0.0660492052052021 0.06457771046687392
4 0.30660662975800634 0.8730929496611814 0.04921031570031094 0.09629814732681155
10 0.47172266651912215 0.7972647389825461 0.03928928413027997 0.08637711575678075