9 0.7192111014480856 0.8411854769778536 0.03197725334181776 0.06268180718159258
9 0.6149770401018134 0.7464729406771082 0.02561816534054522 0.05327044574527377
9 0.7158566454089511 0.5529042269778536 0.030196577339272324 0.0439227168225127
9 0.723822044716725 0.36456388964383607 0.03175907733927232 0.0439318071815924
9 0.6585868487030437 0.2641553443661004 0.028670440006363408 0.047038626463433174
9 0.7292891526893626 0.16295593784843793 0.03501134667409058 0.05488748789975162
3 0.4442201921148584 0.8435666301758662 0.025727253341817757 0.06264544574527378
3 0.4426469594207232 0.6412183349963264 0.025545440006363405 0.047020445745273774
3 0.4987236894095874 0.5588552868899204 0.023910214672181594 0.040761355386194256
3 0.6053998560629971 0.46057180211342674 0.025472714672181596 0.040770445745273776
3 0.5500112800365893 0.2663496243221338 0.023982940006363408 0.047011355386194255
3 0.6081499493554989 0.15975419067710833 0.02561816534054522 0.05327044574527386
11 0.7841003047819493 0.8447144770760495 0.05090906667727211 0.07841589149054755
11 0.793860182686181 0.13914118794663383 0.05254429201145392 0.08467498184962738
5 0.387668010741542 0.5493444523845733 0.038136346674090583 0.054905668617910665
8 0.6708463267822674 0.8477172781093216 0.04160679201145392 0.08461134933607006
8 0.6612493193825432 0.35867750400702075 0.04138861600890866 0.06586134933607006
2 0.6073992554105418 0.5652547569338869 0.031886346674090585 0.05486930718159222
2 0.7264465107017711 0.25438491374613703 0.04311474801081765 0.07993293969514967
6 0.38054366470399825 0.2728046782822723 0.038172709341181485 0.05803066861791084
6 0.7748872947564959 0.6572553836919077 0.04763861600890866 0.06589771077238851
0 0.7241771280633152 0.46222468482337586 0.04127952800763594 0.056486349336070066
7 0.785587890077951 0.5696872059988106 0.05861247867599957 0.06908634328594587
1 0.442936218730088 0.4646421994577071 0.03819089067472685 0.05959316861791084
10 0.39584632678226744 0.8493171813073346 0.04487724267981754 0.09712953005422946