9 0.45940582223840887 0.2544344626217209 0.022638659090609536 0.04451389183263199
9 0.39495576420345946 0.1448982607149552 0.02592730032431163 0.05399801923729371
9 0.39454052718910304 0.34503466997078236 0.022611385551659157 0.04295139183263199
9 0.4465565892812421 0.6379290089008567 0.022638659090609536 0.04451389183263199
9 0.38158220007613497 0.7222792162499181 0.025872753246410873 0.050873019237293704
9 0.3847265653352547 0.8128496525475871 0.02757162094116259 0.05874008293962456
3 0.6528004553511407 0.8543005094490109 0.02598184740221221 0.0571230192372937
3 0.5505116578694983 0.5475272089935239 0.022638659090609536 0.04451389183263199
3 0.6609973701270884 0.3834150905745368 0.030451159090609536 0.044786710344286274
3 0.664666066556366 0.28009911761637885 0.032013659090609534 0.04484127404661713
3 0.6753387394466932 0.17497510799773197 0.03225912094116268 0.05890377404661713
11 0.3228987211794533 0.808754918789656 0.03880912986961631 0.07630952885594056
11 0.33288205275664823 0.440213249915182 0.03845457386326192 0.05599702885594056
5 0.7205338315706044 0.569732047290626 0.04478639448011297 0.060902783665263985
5 0.7395648806803952 0.1821129962021669 0.04802048863591431 0.0672619110699257
8 0.6047781923654971 0.6558555749654402 0.0339579886359143 0.0667708377489479
2 0.6161661111986346 0.3677826560909662 0.04467730032431163 0.05465278366526398
6 0.5572529870110612 0.26196173122604244 0.02918866801906326 0.061919646641955414
6 0.396523992693104 0.2347420107149552 0.03384889448011288 0.06052083774894799
0 0.5490912540538945 0.6452925863981857 0.029161394480112967 0.06035714664195542
0 0.4966111363591428 0.6393079704262693 0.029161394480112967 0.06035714664195542
7 0.3367944366867496 0.2165029314035277 0.046785271103318316 0.08595734736759483
1 0.7339263555165918 0.396502878416152 0.05728639448011279 0.061339293283910835
4 0.5955646538090132 0.8445733345840871 0.039136412337020234 0.09505952885594056
10 0.4427242516182625 0.7318699818590146 0.035820497564368024 0.08401290145127885