9 0.1579358112921568 0.2829685509953682 0.06377333992388783 0.03452548620519007
9 0.24924656079786525 0.2758344024202777 0.05439833992388783 0.034034163274411534
9 0.3402853962731288 0.2812411974227521 0.05277217292769336 0.032389776119281774
9 0.441257647261712 0.28064697591688315 0.04183467292769336 0.03181656603337357
9 0.5312287312541008 0.2790634644969224 0.04495967292769336 0.03198034034363299
9 0.6306066487445867 0.2777698801461831 0.04177100593149898 0.030254066033373484
9 0.7222038997331699 0.27766698157109265 0.048148339923887916 0.033706614653892505
9 0.8307976497331697 0.2719758242895749 0.05427100593149916 0.03090916327441153
3 0.7930071255500633 0.5550240196761621 0.05433467292769336 0.03247166327441153
3 0.6925296230786053 0.5485460476044662 0.04489600593149916 0.030417840343632995
3 0.5891817885919248 0.5484818498430298 0.04164367193911023 0.027129066033373662
3 0.4930562050938276 0.5527366598835096 0.04164367193911041 0.027129066033373662
3 0.4057962856261753 0.5440001469932108 0.05101867193911036 0.02762038896415202
3 0.32073553612046696 0.5508067469477822 0.047893671939110226 0.027456614653892687
3 0.22604511862998092 0.5518546698331322 0.05414367193911025 0.02778416327441171
3 0.12653986714710616 0.5500232541838714 0.06033000494291586 0.026549211894930556
11 0.16316979794628397 0.21927786521971945 0.07997134288963732 0.04940685775648761
11 0.852437886387297 0.20742532338506373 0.0769100098858317 0.0508055834462281
5 0.7878368058921303 0.6202772054518109 0.06415534190105418 0.04390048620519007
5 0.12599338049297903 0.613468278494131 0.07958934091247101 0.040031857756487634
8 0.7574928009120334 0.20222324627041374 0.06472834486680376 0.05796298620519007
8 0.255979380455798 0.21049932948949918 0.0740396778706093 0.056891809135968606
2 0.21362071448536782 0.6120075978068649 0.07678267589344294 0.04768058344622812
2 0.6828946379073528 0.6195136448455042 0.06447367688202607 0.05171298620519025
6 0.3454557159310615 0.21598801164710335 0.06122134288963732 0.048424211894930555
6 0.6471773834215475 0.20409004070706124 0.06122134288963732 0.048424211894930555
0 0.5917284684397005 0.6109818498430298 0.051464340912471054 0.0385578889641522
0 0.3041502139910762 0.6049143928093393 0.06390067391627667 0.03765048620519007
1 0.3880941324701454 0.6091271800098976 0.0800350098858317 0.050969357756487456
4 0.4955073844473118 0.6128929098835096 0.06115767589344294 0.04686171189493056
10 0.55082896543677 0.20287610074754098 0.0680443458553869 0.06281426051544958
7 0.44630063292725597 0.21226879014123434 0.07423067885919252 0.06157930913596861