9 0.85859375 0.113609758646284 0.0625 0.042079703647222286
9 0.76640625 0.10638044652593685 0.0546875 0.0418978656913195
9 0.6734375 0.17651306820118 0.0484375 0.03862739532659729
9 0.36796875 0.11174793227697885 0.05 0.04178876291777782
9 0.26640625 0.18129932570371507 0.053125 0.04186149810013893
9 0.16328125 0.10948083672163182 0.059375 0.04356946846486115
3 0.17578125 0.4130961459921874 0.053125 0.02623649810013897
3 0.284375 0.40509984840513863 0.046875 0.024528527735416715
3 0.3890625 0.4042257197960414 0.04375 0.022893292553055566
3 0.5640625 0.294683799583819 0.04375 0.030705792553055566
3 0.8640625 0.4009824720771521 0.0609375 0.02329333605604167
11 0.478125 0.047465267098749604 0.0546875 0.06064786569131949
11 0.8578125 0.04722169244187428 0.078125 0.059630879559027836
5 0.178125 0.4731978446054166 0.071875 0.031360409194305564
5 0.56953125 0.46330651301468706 0.0546875 0.029397865691319504
8 0.66875 0.35240342097472166 0.06875 0.0344126740119445
2 0.37421875 0.35144621191225667 0.06875 0.0391001740119445
6 0.2734375 0.29207317154340257 0.05625 0.03880923328249999
6 0.25703125 0.10808003125079839 0.0625 0.06082970364722229
0 0.66953125 0.2320727371791314 0.0625 0.04520470364722229
0 0.66796875 0.290702854770312 0.0625 0.03895470364722229
7 0.24609375 0.038803354389062295 0.078125 0.07681837955902784
1 0.3984375 0.468851264248958 0.059375 0.03263196846486114
4 0.8625 0.3385188396683326 0.096875 0.04287979065319449
10 0.77109375 0.1664275937523952 0.0890625 0.06457295269729171