9 0.8535930097425279 0.3762879353213635 0.06627956493480838 0.040939260515449584
9 0.7669697171288541 0.36627444821166233 0.05517842370110611 0.03099105042954129
9 0.6762765332814783 0.3654312432141367 0.05361592370110611 0.03090916327441153
9 0.5739600568204286 0.3585051345531379 0.042678423701106284 0.03033595318850324
9 0.48414358035937893 0.35223412313317726 0.044268197240056394 0.03198034034363299
9 0.38340324066780446 0.34460865162730825 0.044240923701106105 0.030417840343632995
9 0.29434074066780447 0.3399410837849124 0.0489556972400564 0.03222600180902226
9 0.18507483482360582 0.3279589829258297 0.052053423701106105 0.030827276119281776
3 0.8505053713514951 0.6427760724764933 0.05671365016215546 0.029510437584671045
3 0.750505371351495 0.6375352945481891 0.05361592370110611 0.03090916327441153
3 0.6552065081209701 0.6317589280852742 0.04731137662320535 0.027456614653892507
3 0.5701729890462467 0.6202648281307028 0.04421365016215582 0.028855340343632997
3 0.4825229845820198 0.6242728974434367 0.041061376623205345 0.027129066033373662
3 0.3872923051988708 0.6145902809805218 0.04418637662320544 0.027292840343633173
3 0.2810423051988708 0.6090219544316987 0.044240923701106105 0.030417840343632995
3 0.1770542345820198 0.6082639586155703 0.05208069724005644 0.032389776119281774
11 0.8609203145310664 0.31489673394188256 0.08201365909060954 0.048008132066747145
11 0.1744606631510946 0.2640635792623566 0.07425570616851021 0.050723696291098366
5 0.17123488271558068 0.6728620471501809 0.06945911201270882 0.0442280348257091
5 0.8408206797934813 0.7048256931232796 0.07417388555165942 0.04603619629109836
8 0.7688828189952932 0.3014716417892272 0.07905230032431163 0.057219357756487635
8 0.2675248705374208 0.2634671149925768 0.05717730032431154 0.056072937584671044
2 0.2798149959461055 0.6793344544316987 0.0570682061685102 0.049822937584671045
2 0.7525939768713821 0.6970740688584487 0.06956820616851012 0.050478034825709096
6 0.6781623616089669 0.3021909367917016 0.06320911201270896 0.04390048620519007
6 0.38154646022899524 0.2717886273170487 0.05695911201270878 0.04357293758467105
0 0.3737013636408572 0.6764351837394839 0.053806838473758486 0.041846663274411534
0 0.6628320474882331 0.687678057438488 0.061592064934808025 0.040693599050060314
7 0.5805879322258181 0.2923854895960921 0.07436480032431163 0.056973696291098365
10 0.47607771022899525 0.2767428002023987 0.06035684740221221 0.05936171189493056
4 0.47130306656295656 0.6846781309350933 0.061755706168510116 0.050068599050060315
1 0.5776348871798076 0.6855589574839165 0.07113070616851011 0.05055992198083885