9 0.5134635780624395 0.16264336222188538 0.028443162567786652 0.054851126463433084
9 0.45390729176169425 0.26611834104645066 0.023673849336070064 0.040761355386194256
9 0.5192919181269315 0.35870984114464655 0.022120439695149586 0.04231476502711464
9 0.5211276497801671 0.5399552959651068 0.022111349336070063 0.04075226502711473
9 0.4332378061014378 0.7420359464326449 0.02842498184962743 0.05172612646343318
9 0.5337014144144984 0.8211416634515494 0.023792024004105093 0.061073855386194253
3 0.2659599233914888 0.8617631600337038 0.034720433645025486 0.059574987899751616
3 0.25620260742929774 0.6618131570086417 0.034656801131468205 0.04863748789975162
3 0.30881400214129934 0.5732228347999347 0.031504530054229284 0.04393180718159222
3 0.41441404146710664 0.4608859403825207 0.025281801131468207 0.048582945745273776
3 0.3469124031980127 0.27299103064340446 0.029987481849627427 0.0517352168225127
3 0.39942380396013855 0.16721320843469747 0.028434072208706952 0.05328862646343309
11 0.5695454064194665 0.13340985929501914 0.031677246876741984 0.07361930718159235
11 0.5899286885167994 0.8169081605246833 0.030123837235821682 0.0751727168225127
5 0.19162650214129934 0.573904611730906 0.05347043364502548 0.05968407220870695
8 0.4861360680052945 0.8370439194034777 0.03172269867214013 0.08143180718159249
8 0.45914021330647137 0.3598410699692118 0.03784543364502539 0.05959316861791084
2 0.41500945998682165 0.5632296903825207 0.039371572208707 0.053352258976990544
2 0.5139817285299777 0.2517058622218854 0.02855224687674216 0.07360112646343317
6 0.5756111375817229 0.6388604285768599 0.028452252926866352 0.056413626463433175
6 0.1712765989432866 0.29901369603986144 0.05499657220870704 0.05344316256778665
0 0.5229714300307882 0.45400416042648734 0.03001475292686635 0.056422716822512695
7 0.5766645774732643 0.5513513382177803 0.03477497579950324 0.06894998789975162
1 0.2418850564942213 0.48376542506081854 0.0628545240041051 0.06130111436318479
10 0.2121082155459665 0.8714517774219506 0.059947692622015936 0.0987829336450254