9 0.357841190971696 0.7902335772635379 0.02529089149054773 0.050727425705962934
9 0.42869456733693323 0.6952189424655173 0.023692030054229284 0.04443196159934022
9 0.36992862139526755 0.5922590785171792 0.025254530054229285 0.044477425705962935
9 0.3858268530485032 0.41057716950426376 0.025272710772388508 0.04760242570596294
9 0.4876671298812787 0.22561348462710082 0.02530907220870695 0.053852425705962916
9 0.393722208041914 0.12758281307777303 0.025363614363184794 0.06322742570596289
3 0.6623631237329586 0.13851298673867185 0.03000566256778665 0.05555131802583091
3 0.6557353529503074 0.33789086111185124 0.028397710772388507 0.04769335391920819
3 0.5951291301758662 0.4169849792168245 0.02522725897699054 0.03978992570596294
3 0.48445018452878824 0.5100339487337235 0.022120439695149763 0.04282399749271768
3 0.5325235492847564 0.705476829375109 0.023710210772388506 0.04755696159934022
3 0.47258949220135993 0.803298215426771 0.02372839149054773 0.05068196159934013
11 0.33362959055547137 0.11839568118274624 0.0379545179539809 0.07921613855894435
11 0.29525028738089976 0.8076771415284453 0.04420451795398091 0.07939799498543501
5 0.709836524789672 0.43708086738005747 0.04405907220870695 0.054397994985435
8 0.4300212388817103 0.601446210412206 0.033157933645025395 0.060329746239076346
8 0.4398568646577723 0.11921037193240394 0.036428379390299345 0.08542067445232168
2 0.490518898228043 0.40674982436054413 0.031577252926866174 0.05715928213245362
2 0.36460025108015454 0.7025517208370472 0.034820427594901206 0.07756271034569906
6 0.7058792360530399 0.7144928135399914 0.0441136143631848 0.06377299498543501
6 0.33491431372269587 0.3003587350228122 0.034738614363184706 0.06350021034569897
0 0.37516608811958446 0.49759143619731117 0.030014752926866173 0.05711381802583091
7 0.32269104879377714 0.38741846582248235 0.04573065651766246 0.07319345909205772
1 0.6515740520152309 0.5161067893250966 0.050354524004105096 0.062392351411925874
10 0.714720509271578 0.13464618916681204 0.05525110226293624 0.09846624373179384