9 0.8626186380967258 0.4027683702419937 0.060193353919208194 0.031583199943530316
9 0.773351549616924 0.39054982032669827 0.053943353919208195 0.03121917889684287
9 0.6820589598834805 0.3891322625188951 0.053943353919208195 0.03121917889684287
9 0.5804964598834805 0.38321692051022493 0.044477425705962935 0.027548147326811722
9 0.49295099577685786 0.3765581258566014 0.044522889812585474 0.029110647326811723
9 0.3905390496169239 0.36825353121709525 0.044568353919208194 0.03067314732681172
9 0.3014538175636125 0.3622849813017998 0.04925585391920819 0.030946163111827296
9 0.19270094319043313 0.35049136561560634 0.05394335391920828 0.03121917889684287
3 0.8686941080093362 0.6651773649803218 0.05541492570596276 0.028185184158514787
3 0.7703020721159591 0.6610065334949954 0.053943353919208195 0.03121917889684287
3 0.6749668400626477 0.6546739625330125 0.046085389812585476 0.02920165258848364
3 0.5903872515828457 0.6427284284027326 0.044477425705962935 0.0275481473268119
3 0.5031600362225817 0.6470071337491092 0.04139788981258548 0.028928636803468067
3 0.4053673939027137 0.6366318048946186 0.04300585391920819 0.030582142065139806
3 0.30146114390271367 0.6305799549934406 0.04769335391920828 0.030855157850155378
3 0.19697823238251572 0.6315138524614267 0.05394335391920828 0.03121917889684287
11 0.8647063238318186 0.3404958833961733 0.07774456677218992 0.04508425782192056
11 0.1768198789255259 0.28717231826055967 0.07627299498543509 0.04811825256024882
5 0.8642854043275549 0.7280945939336345 0.07618206677218993 0.04499325256024882
5 0.19576272486066834 0.696956841938083 0.06689799498543506 0.04757222099021767
8 0.7683852532987053 0.3270865598033546 0.07323892319868044 0.051061242036904986
8 0.2680897366056579 0.2878086260683629 0.06395485141192578 0.05364021046687402
2 0.7775211902209322 0.7214813019108468 0.07011392319868044 0.05087923151356133
2 0.302771242807357 0.7024094523626048 0.05770485141192579 0.053276189420186526
6 0.6818028956185733 0.32672326778056693 0.06368206677218975 0.04426521046687402
6 0.3845869148189032 0.2977135180629156 0.06055706677218975 0.04408319994353027
0 0.6859330837944416 0.7099074941030437 0.06202863855894449 0.0410492052052021
0 0.3954899402209323 0.6992305154320797 0.051091138558944316 0.040412168373499216
1 0.6016944761143096 0.7096807099727638 0.07176735141192588 0.054095236775233244
4 0.49477688638086637 0.7073530995482421 0.06707985141192588 0.053822220990217676
7 0.5832744674053278 0.3178649362952405 0.07332985141192587 0.05418624203690507
10 0.47831418276559184 0.3023925837632266 0.06404577962517113 0.056765210466874015