9 0.8087139038829145 0.8958615060058612 0.03819089067472703 0.060903007908665076
9 0.8191616025620958 0.8040560079830275 0.041243165340545215 0.054780341901054186
9 0.7530649825748224 0.7075683271466687 0.03493862133990877 0.04983817391627667
9 0.8300205706158661 0.408216925967805 0.03964430267345449 0.05159167490485981
9 0.7647870166295471 0.3047298286295434 0.03492044000636341 0.04827567391627667
9 0.8401875533100011 0.206191510948777 0.03811816534054522 0.05465300790866541
3 0.5251565165500054 0.881180946196579 0.02412839067472703 0.06033000494291585
3 0.6418649479233217 0.5912655534206724 0.025545440006363405 0.047893671939110406
3 0.5423842106142752 0.40822094866803704 0.023982940006363408 0.04783000494291585
3 0.5467091786282745 0.3052232826604258 0.022384077339272324 0.04464133794672147
3 0.5417136906429102 0.19715611467564825 0.025654528007635947 0.05726867193911023
11 0.8743207225493691 0.9000980198460254 0.054034066677272105 0.08028967787060921
11 0.8896399239338212 0.5239811888193863 0.056868165340545215 0.05541701186299797
5 0.4770484699236398 0.5822049353221642 0.028743165340545218 0.05427100593149916
5 0.4815392593093647 0.19626743532216415 0.030523841343090476 0.07308467292769345
8 0.5820712299093224 0.6920030410633828 0.032031797342454024 0.06846083992388792
2 0.5940557986155478 0.40094695954245196 0.03820907200827239 0.06246550790866543
6 0.8367801952975924 0.2975022604544854 0.05701361600890849 0.06791701186299814
6 0.6546216759627744 0.30102255539783884 0.03501134667409058 0.05608817391627659
0 0.6976780485757769 0.6982768987817678 0.03978975334181776 0.06409167490485981
0 0.6399019112428678 0.6927962199225753 0.03506589067472685 0.060775673916276675
7 0.9040676926320923 0.29164619129084424 0.07590906667727211 0.08118101581733077
1 0.4766773946133206 0.41257818482787256 0.036664753341817756 0.06396434091247105
4 0.5853127665500054 0.8836321255500632 0.03862724267981754 0.09840300790866544
10 0.7573973992282321 0.8054474116333491 0.05730451734563573 0.09291701186299824