9 0.1119757417103806 0.49296875 0.06263635538619425 0.0234375
9 0.19784051883774367 0.50546875 0.053252265027114644 0.021875
9 0.30127459104645066 0.45234375 0.047002265027114645 0.021875
9 0.5695791634515495 0.52890625 0.045448855386194253 0.0234375
9 0.6784774404807166 0.4765625 0.04231476502711473 0.021875
9 0.7562024646812133 0.5453125 0.047020445745273774 0.025
3 0.8390614582383057 0.26875 0.056486349336070066 0.040625
3 0.7328114582383057 0.26875 0.04708407825883114 0.0359375
3 0.628164864854164 0.26171875 0.04707498789975162 0.034375
3 0.4283961481298471 0.35625 0.04391362646343318 0.028125
3 0.16587848829253504 0.225 0.05332498789975162 0.034375
11 0.09602803396305418 0.5484375 0.07828862646343313 0.028125
11 0.4529138382177803 0.5734375 0.05328862646343317 0.028125
5 0.8566307533196497 0.203125 0.07060339149054791 0.05
5 0.4676773376286051 0.184375 0.05029089149054773 0.05
8 0.3420637383907309 0.28984375 0.06587043969514968 0.0421875
6 0.7071933138208918 0.375 0.05488748789975162 0.034375
6 0.6710962116561513 0.53671875 0.0532977168225127 0.0296875
0 0.3315756902843249 0.346875 0.06270907825883114 0.0359375
0 0.31797627771653825 0.4015625 0.062690897540672 0.0328125
7 0.661421229806524 0.58828125 0.06583407825883114 0.0359375
1 0.6379898376286051 0.184375 0.06133747579950324 0.06875
4 0.15306487090428825 0.27890625 0.090934072208707 0.053125
10 0.20834220248276916 0.44609375 0.0908249878997516 0.034375
2 0.6278876089022357 0.309375 0.05182612041330899 0.0453125