9 0.72913230510638 0.17740321468663156 0.03434417889684287 0.053670470779006774
9 0.6632636523767221 0.27927363189491594 0.030855157850155378 0.04736592370110611
9 0.7338407338620486 0.37884298376135506 0.03398015785015538 0.047420470779006775
9 0.7346506178935064 0.5669469557581779 0.030673147326811902 0.044240923701106105
9 0.6444182729716517 0.7597054257264058 0.028094178896842868 0.05356137662320535
9 0.7537848386719626 0.8552691160666033 0.034890210466873836 0.06304547077900687
3 0.48057485182614224 0.8544024967502939 0.026713689420186527 0.05665910308425524
3 0.4673181757013096 0.6535939732113435 0.02451415258848364 0.045694329545304765
3 0.5186993942018656 0.5709820706135558 0.024241136803468066 0.04100682954530477
3 0.6206420548240315 0.47208269480112913 0.027548147326811722 0.04418637662320535
3 0.5546243997458862 0.27659687093786733 0.025985647326811724 0.04415910308425506
3 0.6087287998447082 0.17374065218745538 0.027912168373499212 0.05043637662320544
11 0.7933012209196305 0.15354870332254583 0.05767526308359248 0.07905230032431154
11 0.8178928413027986 0.8571685811635673 0.04857327886860796 0.08357615909060953
5 0.4078151021084908 0.5565592861175568 0.04068518415851474 0.0553420649348082
8 0.7067656255036655 0.8653747731286179 0.04866428413027979 0.08513865909060954
8 0.6703774733387049 0.37461340543386623 0.04077618942018653 0.05690456493480811
2 0.6274751547252093 0.5760025815706044 0.03783319994353018 0.05997501785690744
2 0.7293968865917065 0.27574525730030536 0.05215330517696728 0.0914432061685102
6 0.3856391813159173 0.28301269196175544 0.0406851841585147 0.0553420649348082
6 0.7995237309488641 0.6757822134688156 0.04564569994353036 0.06011138555165925
0 0.739619567978211 0.4780617337613551 0.04233868942018652 0.05693183847375849
7 0.8052284284027327 0.5861293782414679 0.06337923151356151 0.06978639448011296
1 0.4585515785015547 0.47627749675029385 0.04408319994353036 0.060084112012708954
10 0.43093887287282956 0.859779743503883 0.049574336746998425 0.10076365909060954