9 0.19666000205152842 0.7942708112552601 0.06096667490485981 0.04113592068857237
9 0.2781089788198238 0.6811135576270632 0.05589717292769345 0.031597229581580066
9 0.48690300007436205 0.774746962621721 0.04684050790866543 0.03908234736759475
9 0.6809076680591397 0.7742310635326948 0.04840300790866543 0.039136911069925694
9 0.7741682367284893 0.7013441458393472 0.048148339923887916 0.032886911069925695
9 0.8856588350553342 0.7686457185273528 0.05777800790866507 0.03946429328391084
3 0.1609175257403436 0.5123040486413883 0.06026633794672147 0.023948420688572548
3 0.3621616907593716 0.497452831040708 0.04776633794672147 0.023511911069925694
3 0.4518900356261753 0.5490847637101801 0.03995383794672147 0.023239092558271324
3 0.5681291423559771 0.6561209589935239 0.044896005931498985 0.02965278366526398
3 0.7562074625082015 0.5869641873091596 0.046331171939110224 0.02658234736759475
3 0.8719717253597828 0.6439458188901724 0.05583350593149916 0.030034729581580065
11 0.9164578488954984 0.8332885718853973 0.08666701186299833 0.05919643992586643
11 0.2031765988954985 0.8581969019994329 0.0802896778706093 0.05585318511654265
5 0.4498407628887623 0.4411904181566838 0.06064833992388792 0.033323420688572546
8 0.1829675751695023 0.7462425390227415 0.08022601087441492 0.05429068511654282
8 0.6790467377170725 0.7093600316815294 0.06571784190105419 0.042862111795565025
2 0.46122522634836594 0.6629835726031874 0.06090300790866543 0.03957342068857237
2 0.7926900850553341 0.7718922588160386 0.08328734387822045 0.052837312521204535
6 0.7228325939154016 0.420704270248784 0.06402800790866543 0.03968254809323426
6 0.3880145139145265 0.8439186032732267 0.0646646778706093 0.05530754809323426
0 0.5826293355496256 0.7815748267795387 0.0628475098858317 0.04900298439090349
7 0.48289593239359563 0.8492112492822098 0.07311384783255334 0.07120536660488845
1 0.5387560242574688 0.4920683826773213 0.06377333992388792 0.03343254809323426
10 0.14885126585451186 0.465783712706539 0.10283583992388783 0.03479664065150558