9 0.8008854119191856 0.6376481592020817 0.050272720003181705 0.02605788896415202
9 0.7118507312619579 0.5634083977821209 0.04404090133672707 0.027292840343633173
9 0.6041649532543218 0.6140491276557329 0.04404090133672707 0.027292840343632996
9 0.42308767592300356 0.5897064676606817 0.04087953866963616 0.024004066033373662
9 0.24927855327023019 0.47819135628614956 0.05337953866963625 0.024659163274411533
9 0.14197403592459437 0.5632480297373264 0.06277272000318171 0.02671298620519007
3 0.17789554396086543 0.2977801599950512 0.05819430800445433 0.0358423247398008
3 0.37546997795991094 0.3151701351189648 0.04725680800445433 0.03526911465389251
3 0.44818931528486583 0.3807375814100632 0.040952264003817976 0.03025406603337357
3 0.5312461686028211 0.49844073778706977 0.04087953866963616 0.024004066033373662
3 0.7318097899427298 0.460484793643678 0.047165901336727246 0.027456614653892507
3 0.8232882179344576 0.5262536357963333 0.05337953866963616 0.024659163274411533
11 0.12958257658341293 0.6204463760738533 0.07850680800445434 0.03690685775648763
11 0.810341680577686 0.6983366757104251 0.0723113520050905 0.04126680913596843
5 0.4776597339672287 0.2665865502023987 0.052144302673454136 0.05270227611928178
8 0.14015754459741228 0.5178126990046318 0.08472044533736348 0.034109406377006476
8 0.6173649345958214 0.554547974896771 0.055051126670908876 0.034116050429541286
2 0.42665866593732105 0.48436054839337644 0.05036362667090888 0.0338703889641522
2 0.7119138185869127 0.6251680913596859 0.07848862667090888 0.035344357756487456
6 0.7549398492998197 0.28659027023792966 0.06308180267345413 0.05327548620519007
6 0.3100422359166402 0.6306855924913396 0.05970226400381797 0.031236711894930557
0 0.5089069972549581 0.6043665111928181 0.05347044533736352 0.03247166327441153
7 0.39585246658182205 0.646126886023476 0.0707852146721816 0.04430992198083885
1 0.5527773652928201 0.3275893272261917 0.06001134667409058 0.057799211894930556
10 0.17774154996818328 0.24383296641748636 0.09444089067472694 0.0642882293077851