9 0.16383148345566476 0.3640625 0.060539393713693726 0.025
9 0.25338413502724133 0.3578125 0.05428939371369372 0.025
9 0.3442274588485589 0.3625 0.04960189371369372 0.025
9 0.444154684241453 0.3609375 0.041862168320799496 0.0265625
9 0.5346705223307943 0.35859375 0.04491439371369381 0.025
9 0.6322176104201354 0.35625 0.04178939371369381 0.025
9 0.7236238604201355 0.35625 0.04818494292790536 0.028125
9 0.8311452619917119 0.35 0.05428939371369381 0.025
3 0.8528384412707662 0.63125 0.05607021753501158 0.0296875
3 0.7478234555387899 0.62421875 0.045059942927905536 0.028125
3 0.64313595553879 0.62421875 0.04825771753501122 0.0296875
3 0.5449167793601075 0.62890625 0.04349744292790554 0.028125
3 0.4577613817174724 0.61953125 0.04193494292790554 0.028125
3 0.37218775475300175 0.62734375 0.04498716832079959 0.0265625
3 0.27691164205655466 0.628125 0.05755994292790545 0.028125
3 0.17992748014589588 0.62578125 0.06061216832079959 0.0265625
11 0.1577954991714305 0.3015625 0.08001713978475226 0.040625
11 0.8415155277074777 0.2875 0.07391268899896417 0.04375
5 0.8589108128585536 0.69453125 0.07235018899896417 0.04375
5 0.19068735173368312 0.6890625 0.08001713978475226 0.040625
8 0.7475835911897131 0.28359375 0.06155823821317572 0.046875
8 0.24961912613590118 0.29375 0.08045378742738744 0.05
2 0.7535512247692124 0.696875 0.06482878742738744 0.05
2 0.2758072144301302 0.68828125 0.06780823821317572 0.046875
6 0.33741022456432457 0.3 0.061194365177646405 0.0390625
6 0.6336302531003719 0.2859375 0.05970463978475227 0.040625
0 0.36617750330525967 0.6828125 0.06112159057054054 0.0375
0 0.6578020771265772 0.6875 0.054944365177646406 0.0390625
1 0.45069805251947137 0.6859375 0.07271406203449331 0.0515625
10 0.5406615031003719 0.2859375 0.06170378742738745 0.05
4 0.559510126340789 0.690625 0.06170378742738745 0.05
7 0.4364106507430071 0.2953125 0.07405823821317573 0.046875