9 0.5097042679517709 0.12664503333809068 0.024892203647222288 0.06304551386770836
9 0.4992044854667016 0.21229159260864625 0.023111498100139016 0.05363414627652778
9 0.5547297464846184 0.31665309070878517 0.022966027735416717 0.04738414627652778
9 0.48442247216767403 0.5836210787409379 0.024492160144236053 0.04585801386770836
9 0.5392937697547228 0.6934331430454865 0.02285692496187508 0.042696646276527875
9 0.47236214931375065 0.7699579690335421 0.026091027735416716 0.04745688145888884
3 0.7508157640551396 0.8576450326725006 0.04193423328249999 0.057195557370694414
3 0.7483427678548618 0.7513950326725005 0.03702852773541672 0.04771145459715278
3 0.7529373892457645 0.6468711868328131 0.03546602773541672 0.0476750870059723
3 0.6537692713702434 0.44545219756638943 0.029143292553055568 0.04440461664124999
3 0.7788913322563197 0.1852258252255562 0.035611498100139014 0.05392508700597225
11 0.4538718420399654 0.10972898385118093 0.02994337955902786 0.07877961664125004
11 0.43718183662472254 0.466178352392292 0.029361498100139015 0.05377961664124999
5 0.8168408075581258 0.876359971502084 0.05163654160312499 0.07147626291777769
5 0.8265352773541672 0.4877338825962507 0.05116376291777769 0.05116376291777769
8 0.7181571200597225 0.36027907019156313 0.04371493882958344 0.06660692496187508
6 0.6415108863959728 0.7239220364722228 0.0356478656913195 0.05548758700597212
6 0.47897386559441024 0.6850017407850351 0.030923998100139016 0.053815984232430655
0 0.6608894807170489 0.3487954031134728 0.03739220364722229 0.06333645459715279
0 0.6058928561920142 0.3342412874221533 0.034267203647222286 0.06326371941479163
7 0.427193160047327 0.6744266102760768 0.03746493882958326 0.06646145459715277
1 0.8304993447928478 0.6580463825962507 0.07016833605604163 0.06253767401194459
4 0.7246941415268752 0.171471143329827 0.055234320288472284 0.09186149810013892
10 0.5588158748093752 0.22382981107350738 0.03648432028847246 0.09142508700597227
2 0.7052811392457644 0.6457619753018061 0.046512630508958354 0.05261716014423605