9 0.7817761990649237 0.15078858513224125 0.03468407220870695 0.05432540145127884
9 0.7054313468019873 0.25030992469528773 0.03152271077238851 0.04796627404661713
9 0.7688847927436528 0.35276031289972265 0.03462953005422946 0.04495040145127884
9 0.6913991004162245 0.6483754024627691 0.029969301131468028 0.04947421034428636
9 0.7541122029737485 0.7438218225183695 0.03469316256778647 0.055887901451278844
9 0.7442054169675908 0.8355554547323546 0.034738614363184796 0.06370040145127902
3 0.4904517622966401 0.14690221561694586 0.02374657220870695 0.053943455534962846
3 0.4929540726996863 0.2538243382122841 0.023692030054229284 0.044568455534962845
3 0.48922910900043154 0.3570584656169459 0.023692030054229284 0.044568455534962845
3 0.5842592869881162 0.5365152979235981 0.023673849336070064 0.04144345553496294
3 0.46774291091746656 0.8280257300449161 0.02220225292686635 0.057013891832631815
11 0.8268285820694601 0.46243292406231556 0.05657725292686626 0.05821429328391083
11 0.8113611007108122 0.8386779655321279 0.05201701795398099 0.07992560217691817
5 0.42103712432213386 0.5320609548171726 0.03155907220870695 0.05421627404661713
5 0.42877391891249844 0.14202623185901464 0.03322156615858276 0.07145833774894798
8 0.52666443472518 0.6353818730586744 0.030051114363184795 0.06353671034428618
2 0.5384933107958296 0.34752720899352385 0.03154089149054791 0.05109127404661713
6 0.5992040726996863 0.25011400645378595 0.02999657220870695 0.054161710344286275
6 0.7773472534178456 0.24076874438806833 0.04725679508134384 0.0672619110699257
0 0.5813337540070208 0.6365971434770945 0.028470433645025394 0.06035714664195542
0 0.6375519377502421 0.6401016001931837 0.034720433645025396 0.06057540145127884
7 0.8422091841360049 0.23537935074133784 0.06918633723582168 0.07740080290255769
1 0.42124672346181213 0.36177573666833807 0.040979524004105095 0.06235615626060227
4 0.5263321157379268 0.8267608412075089 0.033357921544777014 0.0948958377489479
10 0.6931883385123678 0.7436060569092728 0.04736587939029935 0.0860119110699257