9 0.8129850893936791 0.4774470870325004 0.0533977200031817 0.02560217787060921
9 0.7191992740690423 0.5376577337627397 0.042460220003181705 0.025156508897248565
9 0.6177180427275426 0.47339496250820146 0.04400453866963616 0.02365767589344294
9 0.43889360872849714 0.4731363414439437 0.04400453866963616 0.02365767589344294
9 0.24935948874122388 0.5591189679082278 0.05337953866963616 0.024039677870609212
9 0.1560720180617244 0.4608313651327588 0.05962953866963625 0.02429434585538672
3 0.15606511676476822 0.72867278114037 0.05663180800445433 0.03510451186299797
3 0.3537486387650864 0.7390704061589606 0.047238626670908876 0.0331600098858317
3 0.4358884294239049 0.6846322569572633 0.04098862667090888 0.03290534190105419
3 0.5314907360757237 0.5792046107213156 0.039353401336727246 0.026591674904859808
3 0.7266856047501326 0.6441624017475173 0.04563976400381797 0.029971342889637497
3 0.8252316454089511 0.5903927560058612 0.0471477200031817 0.025347509885831697
11 0.15071180872054296 0.4028278641441756 0.07536362667090887 0.03430601581733086
11 0.8341873800524976 0.42052592497922187 0.07852498933799978 0.037558349809719616
5 0.4505150981062679 0.8007984264249156 0.05683180267345413 0.052292011862997964
8 0.6246589334022696 0.5330246304929791 0.05663180800445424 0.03510451186299797
8 0.14567995806808778 0.507260696159398 0.07847044533736347 0.03287084980971962
2 0.72552145206077 0.47700673524561454 0.07536362667090887 0.03430601581733086
2 0.42762084874281464 0.5780957554743885 0.05668635200509069 0.03979201186299797
6 0.7271594141072224 0.8190987347513229 0.05841248400699968 0.05391817885919252
6 0.3328339653882702 0.41805756920082227 0.059720445337363426 0.0321068458553869
0 0.5247583833943155 0.47038802623463527 0.055087489337999784 0.036603344866803764
7 0.4186896493873157 0.41452800399151374 0.06916817067154528 0.03873884783255317
1 0.53426284209895 0.7503301942194127 0.06473520934118149 0.060422846843970035
10 0.14967021343885878 0.7830737796574953 0.09758407200827235 0.06488485376405215