9 0.8674519301214392 0.2485827018237548 0.06413774310259512 0.03416098428423435
9 0.7771987443457904 0.24495474173234158 0.05476274310259512 0.03372433664159917
9 0.6866965750784851 0.25151941894448127 0.05476274310259512 0.03372433664159917
9 0.5826674943457905 0.25401518031702086 0.04538774310259512 0.03328768899896399
9 0.4918377764579661 0.25432985752916054 0.0454696302577247 0.03485018899896399
9 0.39159211499257685 0.25429993238393545 0.043825243102595036 0.03321491439185813
9 0.3008852278374471 0.25695835959607516 0.048676517412854545 0.03655823821317572
9 0.18793484848423345 0.25360438130769686 0.056325243102595034 0.033797111248705033
3 0.8658705772261918 0.5172791978948134 0.05895892017181623 0.024567660462916762
3 0.7666518272261916 0.5219003854460353 0.057478307326946164 0.0260573858558109
3 0.6719977464934971 0.5239594991759396 0.0481851944820761 0.02718323821317572
3 0.5863911171402834 0.5193319652632089 0.041853307326946344 0.025329639784752445
3 0.4985193029159321 0.5312562305646898 0.0450601944820761 0.027037688998963992
3 0.4012758107178483 0.528737006205253 0.0450601944820761 0.027037688998963992
3 0.29646547998515366 0.5312691548813454 0.04810330732694625 0.02562073821317572
3 0.18967989145054293 0.5409417154680967 0.05443519448207601 0.02747433664159917
11 0.8696042503386842 0.18504674069888427 0.08041784034363317 0.047388730355292896
11 0.17442122512391361 0.19001491625388497 0.07762038896415206 0.05349318114108117
5 0.18765040196599247 0.6068214265929672 0.07400406603337353 0.04397263192686936
5 0.8597710634313817 0.5802158455374485 0.07384029172311415 0.040847631926869354
8 0.7768844838303408 0.1791841925181299 0.07465916327441172 0.056472631926869445
8 0.27031025723608926 0.18163302791687475 0.06248671189493056 0.06214043507002254
2 0.7720663455435574 0.5803849735353765 0.06775406603337367 0.043681533498445904
2 0.3001504019659925 0.6015816548813454 0.06323034034363299 0.04658820967712849
6 0.6879857581406004 0.18645734512316375 0.0649566146538925 0.049785984284234266
6 0.38379622512391365 0.18026311890170008 0.05870661465389251 0.049494885855810855
0 0.6803325469230384 0.5783922880510692 0.058051517412854456 0.03699488585581072
0 0.39122910334547345 0.5910743403656528 0.05640713025772488 0.035359611248705035
7 0.5860547659425165 0.1841564445850445 0.07342421189493056 0.06264985731976358
1 0.5959575469230384 0.5823221168347855 0.07104284034363299 0.046952082712657627
4 0.489830377655733 0.5896145401179838 0.058379066033373485 0.0432448858558109
10 0.47997186227904337 0.17734998056468984 0.06577548620519007 0.06541098428423431