9 0.6786304139425287 0.8690358211414935 0.030051114363184795 0.06319098423243048
9 0.6854076547691466 0.7785562915062159 0.028443162567786652 0.055342116641250175
9 0.6820331907753042 0.6870591225282645 0.02841589149054773 0.05065461664125017
9 0.6818473592950192 0.5846971887326742 0.029923849336070063 0.04131598423243048
9 0.684718350121637 0.494126740119445 0.028370439695149584 0.04284211664125
9 0.6876438831027325 0.3941812915062159 0.028379530054229284 0.04440461664124999
9 0.6881665787498106 0.30433754150621584 0.02996021077238851 0.047565984232430567
9 0.6942807442444634 0.1935273280753478 0.028434072208706952 0.05377961664125004
3 0.4130008687629889 0.8636345806407988 0.023782933645025393 0.05992051386770854
3 0.4127968565645446 0.7643976468452086 0.02531816256778665 0.05526938145888884
3 0.4141280732888616 0.6698845806407989 0.026835210772388506 0.047493249050069505
3 0.42087349785870065 0.5848738010055212 0.025254530054229285 0.04433188145888885
3 0.41279789832623887 0.49561127925402815 0.025254530054229285 0.04433188145888885
3 0.4164819554096354 0.39959026443638923 0.026817030054229463 0.04436824905006951
3 0.4178722594679698 0.29492094823197956 0.028397710772388507 0.047529616641249994
3 0.4106779038853838 0.18848911027607673 0.028470433645025394 0.06002961664125004
11 0.7419025735834491 0.8720712085843061 0.044204517953980726 0.07914329255305574
11 0.7584250574761799 0.1809558993137506 0.048873837235821685 0.07612739532659725
5 0.351327570558387 0.854385560789167 0.03792724687674198 0.07431032218833344
5 0.34739665388538377 0.1870162228332642 0.03947156615858276 0.07122168977951393
8 0.7510326547691466 0.7800837303357993 0.05356133723582168 0.07623649810013902
8 0.7625716811109428 0.2740337520872923 0.05349770472226432 0.06529899810013892
2 0.3533991306668456 0.7669219283803475 0.042569295081343925 0.06660692496187508
2 0.3459927142884299 0.2940292890376739 0.04565793364502548 0.06042966014423614
6 0.7460911455957644 0.6893314437666673 0.040979524004105095 0.06188305737069442
6 0.7603455848981306 0.3880598844961118 0.0441136143631848 0.06351829255305556
0 0.3593951214934634 0.6764242149494795 0.03628293364502548 0.06021145459715278
0 0.3540364975641131 0.388760560789167 0.03780907220870704 0.05399782218833336
1 0.356756455704223 0.5927577297671183 0.04571247579950324 0.06980466014423606
4 0.35191039530117674 0.48559919319798645 0.0440954336450254 0.06039329255305557
10 0.7605632326351943 0.48495306829170204 0.056613614363184794 0.06380923328249999
7 0.7505791785768599 0.5894223627446188 0.05353406615858276 0.07154899810013901