9 0.8370057719165096 0.49991161588959604 0.04803939371369381 0.025545440006363405
9 0.7446770308078496 0.5650831772358681 0.04178939371369381 0.025472714672181596
9 0.6410575711307211 0.5053183732495493 0.04171661910658777 0.023910214672181594
9 0.46244241955914467 0.5136501359405028 0.04164384449948209 0.022347714672181596
9 0.2763294451997078 0.6127432586330469 0.04803939371369372 0.025545440006363405
9 0.18197366955914465 0.5169136853119101 0.06046661910658786 0.02412839067472685
3 0.192219926588458 0.7872534573122282 0.057923815963434724 0.036592028007635946
3 0.3907302011955639 0.7865069279519566 0.048548815963434674 0.03648294000636341
3 0.4692875407326471 0.7277489986075937 0.04222604135632881 0.0348477146721816
3 0.5609955436281313 0.615684255927776 0.04193494292790554 0.028597714672181595
3 0.7582922286981539 0.6727956799013681 0.048330492142117265 0.031795440006363404
3 0.8579433182352372 0.6137923025541415 0.057705492142117266 0.03190452800763595
11 0.17466628370333379 0.4607182293125464 0.07638271753501132 0.03056020401018138
11 0.8531358860606986 0.4434434398870507 0.07333049214211726 0.03208634134309048
5 0.4895893862655864 0.8447637759389119 0.0588698858558109 0.05690452800763594
8 0.6517446681114026 0.5669462165818221 0.05799659057054054 0.03815452800763595
8 0.17485468237942622 0.5654602733131828 0.07972604135632891 0.03528406667727211
2 0.45887011744944883 0.6215626332750027 0.05821491439185813 0.042842028007635945
2 0.7473439584342743 0.5048632925684591 0.07794521753501123 0.030578385343726745
6 0.7672606219975628 0.8485678392345953 0.06214043507002263 0.06006589067472703
6 0.35546251943531015 0.46564953528804753 0.05912244292790536 0.028797709341181487
0 0.5465263211307212 0.5064183439290486 0.05450771753501123 0.03030566534054522
7 0.44032767100688674 0.4584086526098208 0.07027826674922295 0.03361247867599957
1 0.5707451869275403 0.7914473245942306 0.0639940334984459 0.06633407200827239
10 0.19167842514071592 0.8427585699793191 0.099931533498446 0.06675224267981754