9 0.3299960624442688 0.8470033067888089 0.03416098428423435 0.06268180718159222
9 0.4286818114108115 0.7522907704880637 0.025911836641599174 0.053261355386194253
9 0.31656914743323816 0.5587220567888089 0.031725188998963996 0.0439227168225127
9 0.29764355727698233 0.37038171945479137 0.03328768899896399 0.0439318071815924
9 0.3570120951186545 0.2699731741770557 0.03030823821317572 0.047038626463433174
9 0.28044313296032675 0.16877376765939328 0.036922111248705036 0.05488748789975158
3 0.6050324497478219 0.8493844599868214 0.027910984284234174 0.06264544574527378
3 0.5948268881276133 0.6470361648072818 0.02718323821317572 0.047020445745273955
3 0.5339749712545557 0.5646731167008758 0.025329639784752268 0.040761355386194256
3 0.42161405831043963 0.4663896319243822 0.026892139784752446 0.040770445745273776
3 0.4656786197257604 0.2721674541330891 0.02562073821317572 0.047011355386194255
3 0.4013549464425621 0.16557202048806366 0.029036836641599173 0.05327953610435347
11 0.2653342489620335 0.8505323068870048 0.053638730355292805 0.07841589149054755
11 0.21450776385373888 0.14495901775758915 0.05549232878371626 0.08467498184962738
5 0.6444394363083676 0.5551622821955287 0.04004711124870504 0.05490566861791084
8 0.3787246608726923 0.8535351079202771 0.04455482878371626 0.08461134933607006
8 0.35985245884855893 0.36449533381797605 0.04368153349844608 0.06586134933607006
2 0.42570870698653207 0.5710725867448423 0.033797111248705033 0.0548693071815924
2 0.2886066974760194 0.26020274355709233 0.04589900496239867 0.07993293969514967
6 0.6354645808506308 0.2786225080932277 0.040192660462916766 0.05803066861791084
6 0.2636325461093306 0.663073213502863 0.04993153349844599 0.06589771077238851
0 0.3029732202210984 0.4680425146343312 0.0432448858558109 0.056486349336070066
7 0.24783841811140261 0.5755050358097659 0.061014582712657806 0.06908634328594587
1 0.5842596075246513 0.47046002926866237 0.04026543507002245 0.05959316861791084
10 0.6537246608726923 0.8551350111182898 0.048262025640563165 0.09712953005422946