9 0.7440414123713949 0.21464865669043315 0.03155907220870695 0.05439833992388783
9 0.7431197826865079 0.32474123969423874 0.034647710772388506 0.04827567391627659
9 0.7475578186926656 0.41630665718472476 0.031486349336070064 0.04189833992388774
9 0.750487896853301 0.5171834076790164 0.034638620413308986 0.046713173916276676
9 0.753354342500379 0.6071226581733079 0.03462043969514959 0.043588173916276673
9 0.7578696465587134 0.7119693256637939 0.03466589149054773 0.051400673916276673
9 0.7662048422057913 0.8021314106447658 0.03468407220870695 0.054525673916276676
9 0.7644019685710286 0.8950046601504742 0.034729524004105096 0.062338173916276676
3 0.45836753278470377 0.2483100963868595 0.02531816256778665 0.055706171939110226
3 0.46990499648395856 0.3518807653602202 0.025272710772388508 0.047893671939110226
3 0.4744021198241338 0.4536024328507063 0.025263620413308985 0.046331171939110405
3 0.47418447208707004 0.550445599352609 0.025245439695149585 0.0432061719391104
3 0.486403191836449 0.6368606018240669 0.025254530054229285 0.044768671939110403
3 0.48457304712444743 0.7250463513297754 0.02214771077238851 0.04776633794672147
3 0.4882525590283041 0.8204861853221642 0.023755662567786474 0.05564250494291585
3 0.49429400165032006 0.9191465198088444 0.025345433645025395 0.06039367193911005
11 0.8284190167756303 0.8898025069944442 0.048892017953981085 0.0800986768820259
11 0.8079857377033599 0.1969465035344032 0.05200792759490121 0.07866351087441492
5 0.43335650165031997 0.9166635069572632 0.03328519867214012 0.08258700692008247
5 0.3966987797596417 0.254389000037181 0.03785452400410509 0.06246550790866543
8 0.8186783188890573 0.28954783900966674 0.0597204336450254 0.0617943458553869
8 0.8341281404103933 0.7970884249792218 0.05981133723582168 0.07741934585538672
2 0.4012140838179761 0.359235667527667 0.04095225292686631 0.05790534190105419
2 0.431294031900941 0.8306623399610688 0.03790906615858276 0.07184050790866543
6 0.8257974899428551 0.70770758999825 0.050363614363184796 0.06453734387822045
6 0.8232436199223295 0.4029882565001527 0.050345433645025396 0.0614123438782205
0 0.41268336982413373 0.4510875865010277 0.03154089149054773 0.05127333992388792
0 0.4323202007152435 0.7385385069572633 0.03159543364502539 0.06064833992388792
7 0.8244299117822198 0.6068945065001528 0.06448065651766237 0.07448534684397004
1 0.42637420686356364 0.6562844224705829 0.0395170179539809 0.07971667490485981
4 0.41792992690753017 0.5473723374896109 0.03783634328594587 0.05934050790866543
10 0.8292759721852658 0.5000860909868331 0.06598861436318453 0.06517401384016441