9 0.14994299618937096 0.5239251964290277 0.061064765027114644 0.023293336056041624
9 0.2403503484523073 0.6187090599361456 0.05170794574527395 0.026200130508958353
9 0.4296395865484506 0.518977897607708 0.04075226502711473 0.022820557370694418
9 0.6100719751121322 0.5085274408263537 0.04233294574527395 0.02598192496187508
9 0.710431044295777 0.567918664990798 0.04390453610435365 0.027580792553055566
9 0.8038083395735127 0.5016741095199646 0.05327044574527377 0.026236498100139016
3 0.146823583130605 0.7935655492025694 0.05489657825883123 0.03721036569131932
3 0.34527471866922443 0.7912906151226385 0.04864657825883114 0.03706489532659738
3 0.42697871574235824 0.7331313165856594 0.04082498789975162 0.035320557370694415
3 0.5232128454272452 0.6207202759324648 0.0439227168225127 0.030705792553055566
3 0.7196474838927308 0.674749893239305 0.040806807181592394 0.03219555737069442
3 0.8177577309658647 0.6162087349949299 0.04705680718159222 0.032341027735416715
11 0.14571858362158435 0.469328615406979 0.07361930718159235 0.03295927678548623
11 0.823021427005726 0.44653201463020764 0.07207498789975161 0.03604790919430556
5 0.4393701523142499 0.8484835596518053 0.05500566256778665 0.05596036569131968
8 0.6166764991162372 0.5693194704616313 0.05490566861791084 0.038772865691319325
8 0.14084979732083913 0.572580901976111 0.08144089754067196 0.03470361474138901
2 0.41699011650448403 0.6278807721327426 0.05336134933607006 0.04186149810013902
2 0.7155452702916719 0.5068538784216661 0.07360112646343317 0.029834276785486225
6 0.7167729896482674 0.8521845622172564 0.056586343285945875 0.05912173328249999
6 0.32700494505790284 0.47135997483003444 0.05952953610435348 0.02794446846486114
0 0.5155452702916719 0.5115089300927773 0.048601126463433175 0.0292523953265972
7 0.4121248336215843 0.46312794111069416 0.06738748789975162 0.03593880642076393
1 0.5226684656441624 0.7957566435236454 0.059774975799503235 0.07013196846486114
10 0.14402129087793147 0.8491070343849305 0.09725679508134392 0.06787979065319476