9 0.8681165690638067 0.2871128200778622 0.06395549214211727 0.03379667984777566
9 0.7771640833318303 0.2837742558571369 0.05763271753501122 0.03197951186299815
9 0.6880331168302762 0.3531556086326061 0.051164393713693815 0.027037343878220543
9 0.3967317206353832 0.3000584194304713 0.046622442927905364 0.02997134288963732
9 0.29971547952672334 0.36819560718691235 0.04647689371369372 0.02684634288963732
9 0.19409687220695976 0.302053295437645 0.051382717535011314 0.03172484387822054
3 0.2065606007002258 0.5864601289357422 0.05443494292790545 0.03028967787060921
3 0.3116654776646965 0.5743501066926207 0.04818494292790536 0.030035009885831698
3 0.4155353403611436 0.5693350014456937 0.04491439371369377 0.026782675893442943
3 0.5866226282028159 0.4613912143738247 0.04178939371369381 0.026655341901054185
3 0.8862117133966729 0.5579837355911819 0.0590496683207995 0.028918178859192522
11 0.8674765601724665 0.22295481958357066 0.08157963978475209 0.043872016805913995
11 0.49627364826180764 0.23573198117973862 0.052037688998963993 0.045787343878220456
5 0.5958992365560366 0.6269525473776303 0.0565068651776464 0.04129084486680377
5 0.20794547228801305 0.6498050459319366 0.07064213978475227 0.04342634783255317
8 0.6914771021479679 0.5111272761230921 0.06700771753501122 0.03236151384016441
2 0.4008884894515208 0.5237505874152488 0.058142139784752266 0.04291701186299797
6 0.3036281916850512 0.46900869068500944 0.05607021753501122 0.031915844866803766
6 0.2841225587247244 0.30229869315646746 0.06126713978475227 0.0430443458553869
0 0.6858777655063687 0.4581296101154808 0.060684942927905536 0.0305443458553869
0 0.6857107915612166 0.40412785962118924 0.05912244292790554 0.030480678859192523
7 0.2710553244404901 0.240212528631731 0.0838698858558109 0.05956068380210837
1 0.425914222288013 0.6409234999628189 0.06639128742738745 0.052610346843970035
4 0.8795764156302033 0.4995491530816679 0.09840326674922295 0.03675985376405215
10 0.7847261803125116 0.3453020048685538 0.08939213978475244 0.044190351786885886