9 0.36793901206571755 0.16760005931684932 0.030198420688572546 0.060193353919208284
9 0.47040430235440345 0.2576818385463091 0.023730165879249122 0.053761497492717504
9 0.3810491695922642 0.45344663110360395 0.02496528366526398 0.04443196159934022
9 0.37894850016963605 0.6396341836900288 0.026527783665263982 0.04447742570596276
9 0.44647579526764536 0.7369889053184988 0.026636911069925696 0.04760242570596294
9 0.3805730314726473 0.8429183080632081 0.030089293283910835 0.05706835391920819
3 0.6379786935540632 0.15192226887112548 0.030034729581580065 0.05550585391920828
3 0.6465799111547437 0.3534393047645028 0.02814484736759475 0.046085389812585566
3 0.5924132555271135 0.43712999465623065 0.026418656260602268 0.04135242570596276
3 0.4896826143274538 0.541002803906573 0.02485615626060227 0.04130696159934022
3 0.5503820452676453 0.7339655422280905 0.023511911069925694 0.047511497492717505
3 0.49784237702614353 0.841852250066507 0.02685516587924912 0.053852425705962756
11 0.3069196665122213 0.16702940947513387 0.043353185116542826 0.07930706677218971
11 0.32048126885877554 0.8689101582214926 0.05316469473518968 0.09207985141192587
5 0.7061037332945951 0.44555259692608634 0.045659729581580065 0.055960494985435004
8 0.41537700725639415 0.15996340406485754 0.03877481252120454 0.08229567445232164
8 0.440858223127794 0.6433071014784328 0.03343254809323426 0.06340928213245363
2 0.4861086918247827 0.438659053906573 0.02998016587924912 0.053943353919208195
2 0.38204127303512675 0.7505944157433401 0.037212312521204535 0.08225021034569906
6 0.723601290458322 0.7226690263929729 0.04582342068857255 0.06064799498543501
6 0.32114340153609683 0.3503958389420204 0.039573420688572544 0.06046613855894432
0 0.37634680062512293 0.5427364516367174 0.03623016587924912 0.05412521034569906
7 0.3148512507177902 0.4389498735817566 0.05234623920022674 0.06864235141192587
1 0.6551439232204612 0.5314961086045689 0.048948420688572546 0.06073892319868044
10 0.6893775024470707 0.145734453352577 0.05327382213985139 0.09520485141192579