9 0.5497261853119101 0.16744005924947 0.025709072008272393 0.06137387662320544
9 0.6455284866327288 0.26131851866439104 0.028706802673454136 0.050490923701106104
9 0.5456632046069573 0.44945767247999485 0.022347714672181596 0.04100682954530477
9 0.5365592825827765 0.6274599415547183 0.023910214672181594 0.04103410308425524
9 0.5978684052355498 0.730894633112732 0.028634077339272323 0.044240923701106105
9 0.532724115889596 0.822745168015768 0.025581802673454133 0.050436376623205346
3 0.8200205039783647 0.17372088148787884 0.03815452800763595 0.0569045649348082
3 0.8192739746180931 0.37218565502682915 0.04122498400699968 0.05227161201270887
3 0.7613063859405027 0.45165892085514175 0.0348477146721816 0.041225017856907444
3 0.6492507339274579 0.5458162495896677 0.0317590773392725 0.04429547077900686
3 0.7055354545671865 0.7452765073003054 0.03339430267345413 0.05057274431795715
3 0.6473587805538233 0.842718523128618 0.03190452800763595 0.05679547077900686
11 0.47705537122059616 0.838964457383031 0.0352113413430903 0.07247501785690744
11 0.4935034573122282 0.16411446184725778 0.029070429344363193 0.08174092370110611
5 0.8767223006047302 0.4716459127374669 0.05688634667409076 0.05566934740221221
8 0.5990267513128646 0.16126792572640575 0.03532042934436319 0.08185001785690749
8 0.5989411039147312 0.6387071331127319 0.03819089067472703 0.0600295649348082
2 0.5360769299013681 0.7360673283241935 0.03056020401018138 0.0755181972400564
2 0.6551563832750027 0.44121057020651866 0.044404528007635946 0.057013659090609535
6 0.49611828528804747 0.3423212824641088 0.028779528007635946 0.0567409237011061
6 0.882107045233959 0.7475771672016938 0.06001134667409076 0.055723894480112966
0 0.5384223219287305 0.5345048283241935 0.030342028007635947 0.0567681972400564
7 0.4904217212762753 0.4289582118472578 0.03513861600890866 0.06622501785690744
1 0.8257677805935941 0.552804409491056 0.06944089067472695 0.06057503571381488
10 0.8755074353119101 0.1731265921206159 0.06671588001272681 0.09489548863591431