9 0.16851186547443203 0.32864537703024255 0.061013094710093266 0.029161394480112967
9 0.2578550865352368 0.318483398540598 0.05632559471009326 0.02907957386326192
9 0.3486165944277446 0.3192452832814783 0.05494510523343692 0.03217730032431154
9 0.449170331273565 0.31357989001918135 0.04547909997176518 0.030451159090609536
9 0.5395223154885495 0.3073105247600616 0.04860409997176518 0.030505706168510206
9 0.639203797072698 0.30009626826723984 0.04860409997176518 0.030505706168510206
9 0.7296922891801902 0.2961706530081202 0.05025760523343692 0.032095479707460586
9 0.838566760240995 0.2856677552815963 0.05641659997176518 0.03064207386326192
3 0.8816012126035997 0.5680166051194406 0.05632559471009344 0.02907957386326192
3 0.7743424494494201 0.5659785925375388 0.05007559471009344 0.028970479707460584
3 0.6698369599727638 0.5709309196472117 0.046768584186749604 0.025790932629559827
3 0.5710277336502871 0.5796940393705582 0.04208108418674961 0.025709112012708778
3 0.48316371260359964 0.5749713575517773 0.04520608418674961 0.025763659090609535
3 0.40163299154279486 0.5849969683466701 0.048331084186749605 0.025818206168510115
3 0.3049855046969745 0.5905941777615912 0.05145608418674961 0.025872753246410873
3 0.20581225732781042 0.5931072974849377 0.06083108418674961 0.026036394480112968
11 0.15627790500755806 0.2662953814944694 0.08067314732681181 0.04511367694751698
11 0.8449462918816133 0.22064672727841916 0.08103716837349921 0.051363676947517
5 0.8947074283321456 0.6319154638857386 0.07736613680346807 0.0419341298696164
5 0.22117121779468438 0.6554027459428102 0.07580363680346806 0.04190685633066593
8 0.7478437787274337 0.21843143669334025 0.059526189420186525 0.05723184740221223
8 0.24709262080669098 0.2545436294658745 0.07478716837349922 0.051254582791715644
2 0.7839519388554892 0.6369768851512128 0.06210515785015538 0.04791139448011279
2 0.31239545727134066 0.6506822439142154 0.06366765785015546 0.047938668019063255
6 0.33789963133003476 0.25608676420675475 0.06486613680346806 0.041715941558013545
6 0.634190802404957 0.22745365503671505 0.06201415258848364 0.046348894480112965
0 0.3978324283321455 0.6405884492719466 0.05521812101845249 0.03686480032431163
0 0.6882754178088019 0.6323905710271834 0.05687162628012441 0.03845457386326192
1 0.4837699283321456 0.639088404629678 0.06835515785015538 0.04802048863591431
4 0.5909376862246534 0.6395639172115797 0.06523015785015537 0.04796594155801355
10 0.5405773102974647 0.23143381737373545 0.06577618942018652 0.057340941558013545
7 0.4359276076525115 0.2473372812528834 0.07515118942018657 0.05750458279171564