9 0.4393447037543302 0.1351330800553261 0.026631099050060315 0.06216580732694625
9 0.43389588591193434 0.22423652363289098 0.024659163274411533 0.0542714201718165
9 0.4938230845778818 0.29978540027257117 0.024331614653892508 0.048021420171816584
9 0.43710393656861835 0.5941429098835096 0.024004066033373662 0.041771420171816585
9 0.4989245058813522 0.6781627057904951 0.024167840343632997 0.04489642017181659
9 0.4347214857549641 0.7882647241078609 0.02622166327441171 0.05435330732694617
3 0.7163742774780781 0.7361069233396351 0.03715916327441153 0.054926517412854634
3 0.708415692561512 0.6352404641582382 0.041519114653892505 0.048922178878243724
3 0.705925857644946 0.5340873999338869 0.03683161465389251 0.04867651741285446
3 0.5986942910457456 0.3799907994134885 0.03049972749876275 0.04678646879233552
3 0.7079176413390013 0.06496226368326827 0.03592421189493056 0.06109463025772479
11 0.3819449615562463 0.14515321121756203 0.033454309135968606 0.07343085594746528
11 0.3825602787212736 0.5050671217784402 0.034034163274411534 0.05476274310259512
5 0.7801468504088567 0.7234154935568803 0.05936171189493056 0.06232293758467122
5 0.7706035905707757 0.3405963495043456 0.05311171189493056 0.06199538896415202
8 0.6561526662150876 0.2647885232942067 0.0442280348257091 0.07087906603337357
2 0.6612750989385188 0.55356774027752 0.0526203889641522 0.0526203889641522
6 0.601183046699955 0.6595587907070612 0.04036605042954129 0.056652791723114146
6 0.4376627792871005 0.7024091112629905 0.034443599050060315 0.06257524310259513
0 0.5991656818189199 0.28179896087887774 0.034361711894930556 0.06101274310259504
0 0.5448499960432711 0.2924365677308542 0.034361711894930556 0.06101274310259504
7 0.385281407735803 0.7207363873822723 0.03846935775648763 0.07992651741285464
1 0.7811681970840679 0.5106665100652237 0.06881859905006031 0.06437676051544958
4 0.6525750440979632 0.08032831411280958 0.05195200361804453 0.09933161465389255
10 0.49396692673053727 0.20784356173796042 0.03567190637700648 0.08601274310259503