9 0.8163499285723702 0.10890861997863155 0.03853639448011288 0.060684528855940556
9 0.8241157897743001 0.2007687377646464 0.04155230032431163 0.05454365626060227
9 0.7552918774372797 0.29686497696487324 0.03522047970746058 0.049637901451278846
9 0.8234519476503888 0.596644232955323 0.039935253246410694 0.051364092558271325
9 0.755286554388092 0.6997444403043843 0.03519320616851011 0.048075401451278844
9 0.8277325243563197 0.7987151644436686 0.03842730032431163 0.05443452885594056
3 0.5327016314944694 0.12193693195168187 0.024473894480112966 0.060193455534962845
3 0.6408418194023303 0.4125123135326948 0.025818206168510115 0.0477480192372937
3 0.5361564991925164 0.5949652041842004 0.024255706168510117 0.04769345553496294
3 0.537481445621794 0.6979810767795388 0.022638659090609536 0.04451389183263199
3 0.5293495714342205 0.8060118315888621 0.02598184740221221 0.0571230192372937
11 0.8820022021113203 0.1050544444807356 0.05448867694751698 0.07998016587924908
11 0.8863667792242886 0.48123499856441965 0.05717730032431163 0.05508929328391084
5 0.4759571590939048 0.4206125341286001 0.02905230032431163 0.054107146641955414
5 0.4692205949731708 0.8065500341286 0.03094208279171564 0.07291171034428637
8 0.5840481229730528 0.31143345237010195 0.032422762174864596 0.06827877404661713
2 0.5875553579588144 0.6025396020072822 0.03856366801906326 0.06224702885594056
6 0.8269842763849147 0.7073907599971649 0.0573954886359143 0.06758929328391083
6 0.6451439411575671 0.7028099313187097 0.03532957386326192 0.055887901451278844
0 0.6997003965120031 0.3058332383976186 0.040153441558013724 0.06386409255827141
0 0.6418333494341024 0.31097709538386026 0.03541139448011279 0.06057540145127884
7 0.8940217719206878 0.7136382707969382 0.07636367694751697 0.08074405771188112
1 0.47065423011779295 0.5902256296820964 0.03702844155801373 0.06375496515360979
4 0.5928578814944695 0.11983622941194394 0.039190959414921164 0.09818452885594055
10 0.7624652236216759 0.19901775400671523 0.05783186525911965 0.09258929328391079