9 0.568574236704646 0.11517470488598396 0.02707771046687384 0.06372830732694626
9 0.5846080313582697 0.20210149480007572 0.024878173635170954 0.05270892017181657
9 0.5350546233669398 0.30657098880718187 0.02460515785015538 0.048021420171816584
9 0.6258895388978415 0.5745154053609538 0.02451415258848364 0.04645892017181659
9 0.5767001519531991 0.68523489936806 0.0259856473268119 0.04497830732694617
9 0.6520634439759867 0.7682687273872212 0.027912168373499212 0.0513101944820761
3 0.3767974044428607 0.8453855845778818 0.03470819994353027 0.06101274310259512
3 0.37281628875666717 0.7366690038451873 0.03398015785015547 0.048512743102595124
3 0.36125018622465327 0.6322681088881413 0.033798147326811724 0.04538774310259512
3 0.44674952851567207 0.4318786052700968 0.0275481473268119 0.0450601944820761
3 0.30361636561560634 0.1674586584131715 0.034435184158514695 0.056325243102595034
11 0.6256586946112712 0.09964488014618314 0.03928928413027997 0.08617651741285455
11 0.6686469153191401 0.4609984599743666 0.03756018415851479 0.05648901741285446
5 0.27674013637994505 0.4729174423343695 0.04996917889684287 0.055581614653892684
5 0.31272719916707137 0.8620651515157665 0.051061242036905076 0.07433161465389233
8 0.37745422596954087 0.3453922286304166 0.04132222099021767 0.06759029172311407
2 0.40830719674799704 0.6329364942342488 0.04528167889684287 0.05533595318850324
6 0.4796277308782768 0.7138312901412343 0.03296368942018653 0.05780585594746519
6 0.6391091466915272 0.68039691316287 0.03452618942018652 0.057887743102595125
0 0.4340759522920175 0.33537209746818064 0.03452618942018652 0.057887743102595035
0 0.48656391546031463 0.32165043419376904 0.03278167889684287 0.05468085594746528
7 0.6960493914298554 0.6758455320006339 0.04793624203690498 0.07416784034363318
1 0.28665970990217665 0.6432299423343695 0.06623121572854576 0.06733798620519008
4 0.359456841938083 0.15747947082850045 0.05215330517696728 0.09308161465389256
10 0.5256880576666288 0.21302570669500626 0.039380289391951706 0.08773901741285454