9 0.6943474614496765 0.8490678259070952 0.030396572008272393 0.06128294533736352
9 0.7011236254375861 0.759914419239368 0.03030566534054522 0.05347044533736352
9 0.6953725174251776 0.6685627132400043 0.030287484006999675 0.051907945337363516
9 0.6957532307447236 0.5669820319064588 0.030196577339272324 0.044095445337363516
9 0.6970242820655425 0.47476725990614066 0.030160214672181596 0.04097044533736351
9 0.6989947673854067 0.3755121472390498 0.028634077339272323 0.04407726400381797
9 0.6987124093729982 0.28409680657227704 0.031795440006363404 0.047238626670908876
9 0.704470966024817 0.17463999057132257 0.030287484006999675 0.05190794533736347
3 0.4286679174490402 0.8474711526098208 0.024092028007635945 0.0565227200031817
3 0.4275224934356771 0.7490336526098208 0.024019302673454136 0.050272720003181705
3 0.42797593208940493 0.6537029712762754 0.025545440006363405 0.047165901336727246
3 0.4332259587444055 0.5676927459420936 0.028670440006363408 0.047202264003817974
3 0.4243862133990879 0.4795024026098208 0.02549089600572696 0.04247840133672724
3 0.42871863005249755 0.38178251794241175 0.025527258672817865 0.045603401336727065
3 0.4282999120384982 0.27864842727563904 0.0255090773392725 0.04404090133672707
3 0.420032331357408 0.17248024327659353 0.025581802673454133 0.05029090133672711
11 0.7576923461170855 0.8538002318985047 0.044659066677272284 0.07863407733927233
11 0.7683971060232262 0.16217580589595934 0.04931020401018138 0.07556362133990877
5 0.35517949069063526 0.17245351861872948 0.044549978675999566 0.06925907733927242
5 0.36682189811422206 0.8372518152848659 0.03837270401018138 0.07543635200509077
8 0.7659855567711316 0.760722393897232 0.05083634134309047 0.07245680267345414
8 0.7741845767027256 0.256652511895323 0.05537839067472703 0.06001134667409058
2 0.3681565841024498 0.7505057932845477 0.0429329346753633 0.06455339600572696
2 0.35563457137172555 0.27871260928550223 0.04756589067472685 0.05992044000636341
6 0.7602526300922685 0.6709331878978684 0.04444089067472703 0.0598840773392725
6 0.7723959047183158 0.37153262456241387 0.0443863466740904 0.0551965773392725
0 0.3725889980903595 0.6613796586171387 0.03815452800763604 0.05668635200509069
0 0.3660913607176795 0.37157227128422954 0.03499316534054504 0.05352498933799978
7 0.7637583434118145 0.569316143897232 0.0570863413430903 0.07252952800763594
1 0.3700447060789055 0.5770228399506842 0.04769316000954502 0.0708579400063634
4 0.364093603397497 0.4684836339513204 0.044440890674726855 0.059884077339272326
10 0.7734958753978152 0.4660638745624139 0.0601204346753633 0.06475339067472685