9 0.18765386677452453 0.7146378749575909 0.05577877404661713 0.03315972958158007
9 0.3001786594254632 0.6442211928362731 0.047857146641955416 0.029761911069925696
9 0.38940733973268254 0.7130679073569105 0.04327877404661713 0.03272321996293322
9 0.6916493968115913 0.6547990172535592 0.04791171034428636 0.031324411069925694
9 0.7754093271188107 0.7238367047323546 0.0542708377489479 0.03466766587924912
9 0.86754226341648 0.7190549462948341 0.060629965153609786 0.03801092068857237
3 0.91033736550858 0.4437895622667504 0.05857639183263217 0.0238938569862416
3 0.5986037465414389 0.5438466482864179 0.04607639183263199 0.02345734736759475
3 0.44087803737827896 0.4398461729660072 0.044568455534962935 0.02496528366526398
3 0.33909728256895566 0.4371428136175128 0.044568455534962845 0.02496528366526398
3 0.23941474109914335 0.4273263587155222 0.0493105192372937 0.02669147477225664
11 0.48553086078407476 0.7777628352170592 0.056324411069925695 0.04878472958157989
11 0.859623125212045 0.7834721103599847 0.07669147477225664 0.05105655771188111
5 0.6273041214990299 0.3801462468351391 0.06380952885594056 0.03968254809323426
5 0.24582594300590915 0.36452625835270247 0.06698909255827132 0.041354175497895974
8 0.710947489918017 0.49064474801626545 0.06978671034428618 0.03208830290255769
2 0.4229291347458738 0.4858407192451429 0.06057540145127884 0.03644842068857237
6 0.3176984869227921 0.5411408328548065 0.05734127404661713 0.03321429328391083
6 0.27757946232802083 0.7138442120735669 0.06715278366526398 0.04604167549789597
0 0.699575969499597 0.5457960394860777 0.061919646641955414 0.030252984390903494
0 0.6928646672300115 0.6000023898488974 0.06359127404661713 0.03343254809323426
7 0.2594767922724205 0.7778347902038678 0.08337798439090331 0.06377481252120454
1 0.457981202624556 0.36963287668687156 0.06101191106992569 0.048948420688572546
4 0.8998016587924911 0.5004760718853973 0.0995833377489479 0.03625001324684405
10 0.787316560876742 0.661626881411377 0.0906994110699257 0.04998513103285873