9 0.17815485876959322 0.4830167939547702 0.047311376623205434 0.0269100098858317
9 0.2745855738665572 0.41507060718691235 0.041061376623205435 0.026655341901054185
9 0.37430315584749396 0.4719015859323741 0.04103410308425506 0.025092841901054187
9 0.5533185000032953 0.4583617148681163 0.04100682954530477 0.023530341901054186
9 0.7456344594182165 0.35371934133240046 0.04731137662320535 0.0269100098858317
9 0.8337872500032952 0.446933489051223 0.05978410308425523 0.0258568458553869
3 0.8408493222417042 0.1765254885569314 0.056850017856907444 0.0366670118629981
3 0.6424390957806544 0.18304869707361912 0.04750229139585791 0.03784750988583174
3 0.5601799748394919 0.24417188087572747 0.041225017856907444 0.03603034190105418
3 0.4613685535740177 0.3590567346397798 0.0411159237011061 0.029780341901054184
3 0.26787369805413064 0.30760827566598153 0.047420470779006865 0.0331600098858317
3 0.16452082711296806 0.36959096391671414 0.056795470779006776 0.03354201186299806
11 0.8374929026010831 0.5029924880626397 0.0755181972400564 0.03274351581733086
11 0.15842301136738102 0.5400307979091028 0.07242047077900678 0.0341786818249421
5 0.5473817402607674 0.1275892173395742 0.05723184740221221 0.0585420118629981
8 0.36756796063603236 0.41050117091334604 0.0569045649348082 0.03979201186299815
8 0.8440077297107559 0.39811398707405665 0.07872501785690744 0.037558349809719616
2 0.5637941241908687 0.3501990463890471 0.05698638555165925 0.044479511862998145
2 0.2680667926169691 0.47544969167359274 0.0770806972400564 0.03280718281352506
6 0.27016072118604384 0.13185885916407866 0.06041139448011297 0.0617943458553869
6 0.6571468835263595 0.503314776123092 0.058303423701106104 0.030480678859192523
0 0.4688344058474939 0.4680497326626134 0.053643197240056395 0.031852177870609386
7 0.5718815393705582 0.5130346274156864 0.06932274431795715 0.03561384783255317
1 0.462874326705931 0.18333915163597414 0.062082988635914306 0.06810801285158127
10 0.8449425328744411 0.12092940456454263 0.09802048863591431 0.06957235376405228