9 0.5859127505570051 0.8424855046969746 0.024019302673454136 0.05136507892507751
9 0.5174269272358681 0.7485920205525772 0.0255090773392725 0.04520608418674961
9 0.574922348583731 0.6448369599727638 0.025509077339272324 0.04520608418674961
9 0.5621876332750027 0.4627224099868812 0.022347714672181596 0.04189907366340577
9 0.4618801926320925 0.2817615653473751 0.02249316534054522 0.054399073663405864
9 0.5537415233131828 0.18078987052434234 0.02416475334181776 0.06386507892507769
3 0.2861722153087284 0.19804047077845616 0.03348520934118149 0.05972361049510884
3 0.29090352661522967 0.3961062444559794 0.033357940006363315 0.048786110495108836
3 0.3517677539385938 0.4731384522920175 0.028597714672181595 0.04226309471009326
3 0.4640672119271397 0.5641113337632266 0.022347714672181596 0.04189907366340577
3 0.4133025012333228 0.7612901706513993 0.025545440006363405 0.048331084186749605
3 0.4731673025541415 0.8570268758566012 0.02249316534054522 0.054399073663405774
11 0.6116903833147737 0.17243831520620073 0.03372156667727211 0.08003611049510884
11 0.6459508218889597 0.8561454572713407 0.038336341343090476 0.07405912628012423
5 0.23581548993477575 0.4945290629283007 0.05059998400699968 0.054474668373499215
8 0.5084562953135009 0.17580696793585873 0.030669292011454095 0.08610409997176513
8 0.5146206479153675 0.6538332573983976 0.031886346674090585 0.05650760523343692
2 0.45669161127468455 0.45892330482403143 0.03183180267345413 0.05182010523343692
2 0.5791365865690954 0.7529679783886152 0.032159066677272106 0.07994510523343692
6 0.23805705323045928 0.7721913313441521 0.050727253341817755 0.06541216837349921
6 0.6103716892902747 0.35295256783703666 0.028815890674727028 0.061013094710093266
0 0.5713439099300033 0.5492514441877482 0.03030566534054522 0.05485409997176518
7 0.6203092159452753 0.4395271046687396 0.04144316000954511 0.07267863680346806
1 0.29196494525782163 0.5736320049793232 0.05537839067472685 0.06256018415851479
10 0.23227505597550113 0.19411953925077735 0.06046588001272664 0.09720819994353028