9 0.3237804227800402 0.8223591837649273 0.031886346674090585 0.055960839923887916
9 0.3928838640992681 0.7155879189361797 0.02707157733927241 0.044832338935304604
9 0.3269128714194506 0.621355099278247 0.0317590773392725 0.04502333992388792
9 0.33333395206077 0.43428618079917775 0.028597714672181595 0.04177100593149916
9 0.4302982167011347 0.23649332654083394 0.02561816534054522 0.054143671939110224
9 0.3268544960216354 0.14613226479156655 0.03197725334181776 0.06377333992388783
3 0.5986385893539081 0.12724170745374247 0.027217028007635945 0.05733233893530465
3 0.6025283000477251 0.32717804045754806 0.025527258672817865 0.046331171939110224
3 0.5464788420591791 0.41387688581864335 0.022347714672181596 0.04151633794672147
3 0.4414015380728603 0.518987491559862 0.022384077339272324 0.04464133794672147
3 0.49910659209895003 0.708914813194961 0.025545440006363405 0.047893671939110406
3 0.44253951344681297 0.8183017420541535 0.025636346674090583 0.055706171939110406
11 0.2607809834499946 0.8491564471108003 0.05094542934436319 0.08328734387822082
11 0.2635368833545445 0.14558577813743942 0.044659066677272284 0.07990767589344294
5 0.6598419080601335 0.41629227859455 0.03811816534054522 0.05465300790866543
8 0.3902213934197688 0.621120335932374 0.035102253341817755 0.06390067391627667
8 0.3728664300206809 0.13722283840383204 0.038409066677272286 0.07965300790866539
2 0.4394112293920882 0.41511307505795914 0.030342028007635947 0.057459672927693536
2 0.3274043147676317 0.7307619327763442 0.03997156667727229 0.07971667490485981
6 0.27430330271322517 0.3319543596583703 0.04135225334181776 0.06415534190105418
6 0.6685287540976773 0.6926319441078697 0.03819089067472685 0.06090300790866543
0 0.32732994740608756 0.5228539322820526 0.03811816534054513 0.05465300790866543
7 0.2659373667249973 0.41905511163553666 0.053961341343090476 0.07403967787060921
1 0.6053913127386785 0.5060524569594509 0.044440890674726855 0.06115767589344294
10 0.6477755233529536 0.11820494707361913 0.04800224267981754 0.09878500988583175