9 0.7827653424325673 0.15955024522600494 0.040410984284234355 0.06293635200509069
9 0.6692058025239807 0.25066668857418606 0.032161836641599176 0.05347044533736343
9 0.762088853600219 0.45260081122695944 0.03961046360606986 0.04574885200509069
9 0.760804527711987 0.6478224045592322 0.03968323821317572 0.04731135200509069
9 0.6869068012856355 0.7423814739020045 0.036412688998963993 0.04414998933799978
9 0.7537239660917784 0.850138882558914 0.040192660462916766 0.058248852005090515
3 0.5023886377178377 0.144072885264185 0.024494885855810722 0.05650453866963625
3 0.4867507134011821 0.34570811059836676 0.023912688998963993 0.04400453866963625
3 0.5381076980997012 0.4333439232575035 0.025329639784752445 0.0408977200031817
3 0.641680000209397 0.5398928205760951 0.030162688998963995 0.04407726400381797
3 0.5741349735353765 0.7327621205840493 0.025475188998963994 0.044022720003181706
3 0.6283065891273077 0.8437899799093224 0.030672111248705038 0.055014764003817974
11 0.8188566604674259 0.8767099258832328 0.05854455417661057 0.08344884667409076
11 0.8473907686112498 0.163483219883869 0.056909279569504534 0.08186816534054513
5 0.42858714888548943 0.43774161660568467 0.03372433664159917 0.053488626670909055
8 0.7356549019858614 0.14838602589914102 0.050586504962398846 0.08023294000636332
8 0.6961063269261987 0.6454519299013681 0.048223484284234175 0.06302725867281786
2 0.6506076980997012 0.43203486724223145 0.039974336641598995 0.05356135200509069
2 0.757236417911024 0.7579604732256868 0.050659279569504535 0.0817954400063634
6 0.4072942299455173 0.7104978639401847 0.0338698858558109 0.05661362667090906
6 0.8302460022763116 0.34717696721836894 0.05269266046291676 0.058394302673454225
0 0.7671701517809735 0.5446792232256868 0.049422111248705033 0.055232940006363404
1 0.47927204549466734 0.523042769931594 0.034160984284234176 0.06286362667090888
10 0.45598667266402576 0.13446207527054835 0.03903257485477489 0.10039998933799979
7 0.8367806385464072 0.44158094788355085 0.07195208271265799 0.06954997867599957