9 0.10105273035980207 0.8598201480569199 0.0643921397847523 0.04353598428423453
9 0.19280358271716694 0.8649014462376744 0.056579639784752264 0.04317211124870468
9 0.28893802812627173 0.7926026071148758 0.05018409057054054 0.039756012820281586
9 0.5910591461994023 0.8502501714256805 0.05196491439185813 0.04451628742738763
9 0.6957509543049542 0.7783323219638 0.05508991439185813 0.04466183664159899
9 0.7954191604674259 0.8477479478948133 0.06133991439185813 0.044952935070022446
3 0.7970738215495151 0.5444238947516602 0.05428939371369381 0.02747433664159917
3 0.6882253604246447 0.5549504799455173 0.04796661910658777 0.02562073821317572
3 0.5836106350317506 0.5582638786216098 0.04476884449948208 0.023912688998963993
3 0.4036983490521052 0.6718833846174658 0.04513271753501127 0.031725188998963996
3 0.10897450806727985 0.5725748591817904 0.061956344499481994 0.02471320967712849
11 0.47802829921872086 0.9170995312266437 0.05745293507002245 0.06192211124870504
11 0.09874105955780314 0.9261900107533669 0.08081766046291672 0.061451230355292805
5 0.7975318939230908 0.48437680666231897 0.07325771753501123 0.033035131926869354
5 0.40608925661953776 0.5033880957423362 0.05599744292790536 0.030672111248705038
8 0.3018126714256807 0.6166030332935583 0.07027826674922295 0.036014582712657804
2 0.5959800483901514 0.6106975198541041 0.07049659057054054 0.04070208271265763
6 0.6938867014094701 0.6677223076957762 0.05799659057054072 0.04011988585581072
6 0.7017055477709789 0.8513331743211647 0.06526543507002244 0.06228598428423453
0 0.2954277766785297 0.7369519205971111 0.06453768899896399 0.046660984284234354
0 0.29971932444499927 0.6782853959900053 0.06424659057054054 0.040410984284234355
7 0.7094045777547683 0.920355002071424 0.08161818114108108 0.07863873035529281
1 0.5772557812266437 0.49385677626424496 0.06083049214211709 0.03401543507002245
4 0.10762602378304553 0.6350020845746845 0.09883991439185814 0.046699525640563164
10 0.19091790509074244 0.8049635200589919 0.0919007096771284 0.06508565260503393