9 0.4114811603316674 0.8465514174533049 0.02645470364722229 0.06351867193911005
9 0.4000695752255562 0.7594334194304713 0.024673998100138837 0.05408000494291585
9 0.4571897845723617 0.6601390735750844 0.02292966014423605 0.04620383794672147
9 0.38031293436427116 0.380972838403832 0.02605466014423614 0.046331171939110224
9 0.43652460714194474 0.27624157604654237 0.026018292553055565 0.04476867193911023
9 0.3648294854667016 0.18610600737719277 0.029361498100138928 0.05427100593149903
3 0.6790498668286812 0.8184450276059667 0.031033100873680653 0.059022172927693364
3 0.5529360828250004 0.5405030528148378 0.022893292553055743 0.04464133794672147
3 0.6478089056789239 0.34974144855649386 0.029143292553055745 0.044896005931498985
3 0.6430830784565974 0.24749319905078546 0.032341027735416715 0.048148339923887826
3 0.644479964665139 0.1395215315602995 0.032413762917777686 0.05127333992388783
11 0.34999879967434105 0.8592225138029834 0.03939111474138901 0.08277800790866544
11 0.3289524157469102 0.4925443497725386 0.038663762917777865 0.05152800790866543
5 0.708342442913646 0.12831743471632945 0.04538654160312507 0.07209517589344294
5 0.7213224069131948 0.5180020172258434 0.045059233282499986 0.058032675893442943
8 0.6145476896826046 0.6341774569594509 0.03441267401194459 0.07008700692008211
2 0.5999708177230211 0.3438707919404228 0.043605836056041625 0.06265650889724857
6 0.5354524164125003 0.25969872178819847 0.030923998100139016 0.05433467292769345
6 0.3739336881639933 0.274882005894318 0.03568423328249999 0.05765067391627658
0 0.5591334910693756 0.6387813853243518 0.029506968464861137 0.06052100593149916
0 0.5061539614340977 0.647196063194961 0.02957970364722229 0.06364600593149916
7 0.31292345298163216 0.27424001874589926 0.05011040919430556 0.07384867688202616
1 0.7220276556789239 0.3467172662372603 0.057631968464861315 0.061667011862998146
4 0.6212737344198619 0.8223632064651593 0.04280705547083343 0.09540534190105418
10 0.4601712738387853 0.7546384900769872 0.03641158510611113 0.08890067391627668