9 0.7203125 0.8375 0.03125 0.0546875
9 0.65390625 0.72265625 0.02734375 0.04609375
9 0.72578125 0.6359375 0.03125 0.0421875
9 0.678125 0.33203125 0.0296875 0.04609375
9 0.75 0.25078125 0.0328125 0.05234375
9 0.7484375 0.15859375 0.0359375 0.06015625
3 0.475 0.10625 0.021875 0.0578125
3 0.5640625 0.42109375 0.02265625 0.0453125
3 0.4546875 0.575 0.0234375 0.04375
3 0.4484375 0.6765625 0.0234375 0.04375
3 0.43515625 0.77578125 0.025 0.0484375
11 0.79375 0.5421875 0.046875 0.0546875
11 0.8125 0.16875 0.04765625 0.075
5 0.4015625 0.38671875 0.03828125 0.06171875
5 0.37265625 0.7671875 0.0390625 0.065625
8 0.51484375 0.30703125 0.0296875 0.06796875
2 0.5 0.59453125 0.03515625 0.05859375
6 0.5515625 0.7015625 0.03125 0.05546875
6 0.72265625 0.74765625 0.04375 0.06484375
0 0.56953125 0.3203125 0.028125 0.0609375
0 0.6234375 0.32890625 0.03125 0.0625
7 0.7859375 0.76796875 0.0609375 0.08046875
1 0.38515625 0.55546875 0.04609375 0.06015625
4 0.53125 0.11875 0.0328125 0.0984375
10 0.68828125 0.23671875 0.04765625 0.0890625