9 0.16271243274875052 0.6503117373665626 0.06002961664124999 0.029506968464861137
9 0.251938586909063 0.6594159400638544 0.05377961664124999 0.029361498100139015
9 0.34325391793111165 0.657637194147917 0.05377961664124999 0.029361498100139015
9 0.4448164179311117 0.6600010875746531 0.04433188145888885 0.026018292553055565
9 0.5323527855222923 0.6636001726807643 0.04436824905006951 0.027580792553055743
9 0.634751086909063 0.6683259999030908 0.04440461664124999 0.029143292553055568
9 0.7238317707046533 0.6711802026003826 0.04909211664125017 0.0292523953265972
9 0.8325528072737853 0.6791765001874313 0.05377961664124982 0.029361498100139015
3 0.158165177430417 0.3878481049577432 0.05526938145888893 0.0262728656913195
3 0.25656630983923645 0.38857676320211826 0.05377961664124999 0.029361498100139015
3 0.3518969936348267 0.3915764362641322 0.04593074905006951 0.027617160144236142
3 0.4364356477951392 0.4005715361878823 0.04433188145888885 0.026018292553055565
3 0.5237174422480558 0.3932331212939935 0.04124324905006951 0.027508057370694505
3 0.6214827950215975 0.4001935957427783 0.04284211664125017 0.02910692496187508
3 0.7253890450215975 0.4026120405562853 0.047529616641250175 0.029216027735416716
3 0.8299128908612851 0.39801741916538264 0.05377961664125017 0.029361498100138928
11 0.16026088639597283 0.7127208183886113 0.07750805737069451 0.0424070119678472
11 0.8480700109210076 0.7420038085080563 0.07605466014423641 0.04705814437666689
5 0.16294228998760443 0.3247123253224654 0.0759455573706945 0.04237064437666671
5 0.8315104520317016 0.33246515434774376 0.06664329255305575 0.04527743882958344
8 0.2565364743518756 0.7227699252462155 0.07296602773541672 0.04854790919430556
8 0.7567728636945492 0.7445638044239937 0.06366376291777769 0.05145470364722229
2 0.249697407578785 0.3282932266329863 0.06984102773541671 0.0484751740119445
2 0.724497385827292 0.33075522435187554 0.05741376291777787 0.05130923328249999
6 0.3431461215783339 0.7201008265567364 0.0634455573706945 0.042079703647222286
6 0.6402938785121881 0.7387294188810423 0.060320557370694416 0.042006968464861315
0 0.3412491279435072 0.3366707307170489 0.06181032218833336 0.03891833605604171
0 0.631728657578785 0.3371851026766325 0.050872822188333444 0.038663762917777865
1 0.42551502516996553 0.333947080640799 0.07147626291777787 0.05163654160312507
4 0.5324553561920141 0.3325320106366671 0.06678876291777787 0.05152743882958335
7 0.441656356760695 0.7255169848011114 0.0730387629177777 0.05167290919430556
10 0.5465620623077785 0.7373286134102088 0.06373649810013901 0.05457970364722229