9 0.18540467223214813 0.35470055720527827 0.05170794574527386 0.026500315518548413
9 0.29396206079582965 0.3577908017950019 0.04546703610435347 0.027880959092057723
9 0.3838012656162898 0.35595786566419774 0.04389544574527395 0.026272994985435005
9 0.48300638007767044 0.35541464489365754 0.047038626463433174 0.02948892319868044
9 0.5728364945390509 0.35514420876285335 0.04389544574527395 0.026272994985435096
9 0.6720461541799713 0.3538197379923131 0.05327044574527377 0.02654577962517113
9 0.7634796752572102 0.34647258775488626 0.05327044574527395 0.02654577962517113
9 0.8517200186413518 0.3509351157307048 0.06264544574527378 0.026818564264907252
3 0.8470723834955158 0.6127447939439501 0.06110112646343282 0.029898100158284535
3 0.7494024979568966 0.6179300506078678 0.0532977168225127 0.03123327962517113
3 0.652541133495516 0.618405075218474 0.047038626463433174 0.02948892319868044
3 0.568211585290914 0.6130476369760987 0.040797716822512695 0.03086956677218975
3 0.48065704313643637 0.6249686269469688 0.04391362646343318 0.029397994985435005
3 0.3838093142136752 0.6230999015575751 0.0454852168225127 0.031005959092057722
3 0.2783405642136752 0.626168728754606 0.048610216822512695 0.031096887305303154
3 0.1728309075978169 0.636268805951637 0.05330680718159235 0.03279577962517131
11 0.8575478378249969 0.28905724135752536 0.07521816861791067 0.03968227711788863
11 0.1740404462362532 0.29410403800494833 0.07369203005422928 0.04588681301126609
5 0.8396729739527913 0.6762306324237521 0.07212043969514995 0.04427884890464338
5 0.16777524805509242 0.6996864482715051 0.06900453005422928 0.04575042069139794
8 0.2662597624930319 0.28595290571421017 0.05497839149054773 0.05159124373179384
8 0.7646336299794745 0.2823873557015749 0.0690227107723885 0.04887542069139794
2 0.27714115769601283 0.6980664608079173 0.06279089149054773 0.05181856426490725
2 0.750619564311871 0.677259586501245 0.06591589149054791 0.051909492478152686
6 0.6755393137226958 0.2904475597790677 0.06271816861791066 0.03931856426490725
6 0.38029953659533283 0.28654027593075443 0.05646816861791084 0.039136707838416565
0 0.66158433538911 0.6751635405787378 0.056486349336070066 0.04226170783841656
0 0.3717178594914109 0.6875033823572452 0.054942030054229284 0.045341243731793844
7 0.5771154492613153 0.29096804849629665 0.0721477107723885 0.048966348904643374
1 0.5764144498504905 0.679985084389674 0.06905907220870695 0.05512542069139794
4 0.46857467877325165 0.687809607746639 0.05968407220870695 0.05485263605166182
10 0.47327283177487267 0.2830539115867049 0.059665891490547907 0.05172763605166182