9 0.159904836818541 0.7745161947899323 0.05392508700597225 0.03684933664159899
9 0.25854366499079806 0.6942229191493692 0.047602351823611146 0.03343323821317572
9 0.3617400937523952 0.7534095204732767 0.044550087005972294 0.036412688998963993
9 0.6564726719246522 0.6639830316409283 0.04912848423243048 0.031943512820281586
9 0.7526560344818396 0.7227158686968123 0.05548758700597212 0.036922111248705036
9 0.8442804900289229 0.7090835541811197 0.06330008700597248 0.03728598428423417
3 0.15262489257371487 0.48376491625388496 0.05367051386770836 0.025911836641599174
3 0.25958340739135377 0.4819048556671337 0.04429551386770836 0.02547518899896417
3 0.36278114257371485 0.4739767315981472 0.04429551386770836 0.025475188998963994
3 0.5433570357161106 0.5615558525667618 0.041170513867708355 0.025329639784752445
3 0.8335300536678816 0.433321574859284 0.05675914627652787 0.024494885855810722
11 0.4720950590831244 0.8067998860652079 0.05755923328249999 0.058869885855810725
11 0.8481854336081589 0.7760163430562491 0.07932513050895836 0.055201230355292806
5 0.5370011989944788 0.3987476375129499 0.053852351823611144 0.03372433664159917
5 0.14703016242534686 0.42237365198586135 0.07103985182361114 0.034524857319763666
8 0.6415594527942009 0.5000125769261986 0.06319098423243048 0.032598484284234175
2 0.3538230634515273 0.5235593546336764 0.05072735182361114 0.03357878742738727
6 0.2571104111910759 0.5881548556671337 0.05381598423243057 0.032161836641598995
6 0.2498395057964924 0.7664254048813455 0.06671602773541671 0.0499315334984459
0 0.6434115871028815 0.5545545277119869 0.06002961664124999 0.030890435070022447
0 0.6475711038203814 0.6105498165871165 0.060175087005972294 0.037140435070022626
7 0.24520525076249927 0.8314147040955572 0.0766001740119445 0.07224318114108108
1 0.3667068827900691 0.40589881968748837 0.06188305737069442 0.04346320967712849
4 0.8329475189986105 0.4918789375557312 0.09451371941479172 0.03717897642635144
10 0.7517306205378814 0.6618875306074712 0.08546602773541671 0.05080482878371626