9 0.8283807834526019 0.3986499165897093 0.06161946159934013 0.026986705205202098
9 0.7393410155059132 0.40305596650500464 0.053761497492717504 0.02496917889684287
9 0.6585707371343833 0.4717142322194331 0.04751149749271768 0.02460515785015538
9 0.3675880359598843 0.4473259661520689 0.0412614974927175 0.024241136803468066
9 0.2781558114284204 0.5188285108056924 0.0443864974927175 0.024423147326811723
9 0.1728294654267709 0.466468621230214 0.05380696159934022 0.02653167889684287
3 0.202191390341311 0.7439719949500897 0.05412521034569897 0.03746917889684287
3 0.3041403352476038 0.7247754029414194 0.04801160266556703 0.04179265785015538
3 0.40593015578071723 0.7110475609327492 0.04787521034569901 0.037105157850155376
3 0.5694507496707957 0.5860945216113848 0.046130853919208195 0.03076415258848364
3 0.8769018853267461 0.6609987271695227 0.060329746239076346 0.03627069994353036
11 0.8230089733443297 0.3420281902672326 0.0726933539192082 0.03231124203690507
11 0.4615031720115462 0.3825816557134297 0.05403428213245363 0.03434417889684287
5 0.20972509402309242 0.8067072133800586 0.061011707838416564 0.05970819994353027
5 0.5949639120489234 0.7546324190087838 0.06082985141192587 0.05345819994353036
8 0.6804504341522472 0.6311046427710116 0.06993206677218974 0.04462923151356133
2 0.39001565076615224 0.6682986188111396 0.05145485141192587 0.05291216837349921
6 0.2884818944979461 0.6196174660814817 0.05577863855894431 0.040685184158514784
6 0.2588124295333936 0.4599008318382623 0.06184678213245363 0.0347992052052021
0 0.6680246419906636 0.5756736901260583 0.060284282132453626 0.03470819994353036
0 0.6617806536691461 0.5222224664344175 0.060284282132453626 0.03470819994353036
7 0.24468774505194207 0.40924838445498085 0.07912521034569897 0.038925263083592475
1 0.4233018607161398 0.784128745161851 0.06284699247815265 0.0691742052052021
4 0.86599312905854 0.6070392692628974 0.09823892319868044 0.05251732622365459
10 0.7508946294542513 0.46165742178079394 0.08528428213245362 0.03616428413027979