9 0.3576269804039587 0.140625 0.03922763605166182 0.059375
9 0.3464872404330886 0.228125 0.03444920783841656 0.05625
9 0.34925087608903904 0.32109375 0.03463106426490725 0.0625
9 0.34638663737181014 0.41953125 0.034085494985435096 0.04375
9 0.33986620124100597 0.509375 0.026454851411925783 0.05
9 0.33612978431053164 0.6109375 0.03601170783841656 0.05625
9 0.3342968481797275 0.70078125 0.034085494985435005 0.04375
9 0.32109450303600784 0.80546875 0.03931856426490725 0.0625
3 0.6020944504495832 0.8140625 0.03279577962517131 0.053125
3 0.5980638314866801 0.7109375 0.029397994985435005 0.04375
3 0.6018684445770883 0.60703125 0.029534387305303157 0.0484375
3 0.6093747191876946 0.51015625 0.026091138558944314 0.0375
3 0.6033496912118761 0.421875 0.02948892319868044 0.046875
3 0.6128587350228122 0.33671875 0.029397994985435005 0.04375
3 0.6179530634734844 0.2421875 0.029579851411925873 0.05
3 0.6184508201374019 0.14453125 0.02663670783841656 0.05625
11 0.2945730509370721 0.1328125 0.039773205331134064 0.078125
11 0.25825352223633774 0.8171875 0.04588681301126609 0.0734375
5 0.6823087316576 0.1515625 0.042807277117888634 0.075
5 0.6659978260764037 0.81953125 0.04588681301126592 0.0734375
8 0.25707511863369864 0.7234375 0.05002874373179385 0.0546875
8 0.2832059904330886 0.228125 0.05521634890464337 0.071875
2 0.6782229737400411 0.23828125 0.051909492478152686 0.065625
2 0.6715013314866801 0.7109375 0.05485263605166182 0.059375
6 0.28615148251552974 0.31484375 0.04248902837152997 0.0640625
6 0.26266955225722033 0.61171875 0.04074467194503919 0.0578125
0 0.6693360555559256 0.32890625 0.039136707838416385 0.05625
0 0.665635427884041 0.6171875 0.04377874373179384 0.0546875
7 0.27938099379830084 0.41328125 0.050574313011266005 0.0734375
10 0.26620138070789257 0.5171875 0.053290136051661906 0.059375
4 0.6700167024946472 0.5203125 0.05181856426490725 0.0625
1 0.6707872437983008 0.41328125 0.052091348904643196 0.071875