9 0.7061457185273528 0.8745385942192829 0.03655754809323426 0.06350021034569905
9 0.7163689451137077 0.7833369326990848 0.03315972958158007 0.05559678213245363
9 0.65485358095589 0.6861376722742436 0.029761911069925696 0.04769335391920819
9 0.73693199329176 0.3960415211788869 0.03590278366526398 0.04475021034569906
9 0.6748809157944311 0.2917882787007343 0.02970734736759475 0.04613085391920828
9 0.7526190245947713 0.19316657376531168 0.03466766587924912 0.0540797462390763
3 0.4629662475529293 0.17926423198680433 0.02685516587924912 0.053852425705962895
3 0.4646701020921002 0.2872358563599837 0.02496528366526398 0.04443196159934022
3 0.45953367958942914 0.389534142253361 0.026636911069925696 0.04760242570596294
3 0.5516963538213807 0.57208588097059 0.02496528366526398 0.04443196159934022
3 0.4298014733366761 0.8602414473470681 0.025510920688572546 0.06005696159934004
11 0.7701263729738563 0.8787463725908127 0.049603185116542645 0.07948892319868044
11 0.7925693796820964 0.5048004072305489 0.0502926658792493 0.054534387305303154
5 0.40138390680875646 0.17356214977520842 0.0385019940095503 0.07448317445232164
5 0.3869617312260425 0.5641644177218972 0.03628472958157998 0.05568771034569906
8 0.4919815587233714 0.6696679231321735 0.03208830290255769 0.06961381802583091
2 0.5090252481010834 0.38315376161197545 0.03650298439090349 0.06193771034569897
6 0.5702206976455966 0.2879609335570147 0.02998016587924912 0.053943353919208195
6 0.7455207980084162 0.284459163498755 0.048948420688572546 0.06073892319868044
0 0.5458332450210406 0.672798934810656 0.030143856986241602 0.05863085391920819
0 0.6012201494675443 0.6767566605957611 0.03337798439090349 0.06184678213245363
7 0.8106919302224014 0.27697092392359624 0.06835318511654273 0.0800344924781526
1 0.39053814292894035 0.3945649715619631 0.04593254809323426 0.06377299498543501
4 0.488449787039007 0.8603838513454187 0.03597719473518968 0.09157974623907635
10 0.6562126951137077 0.7815865645941116 0.05294643992586625 0.08582985141192587