9 0.8369711912752755 0.34797976292594335 0.060757717535011226 0.0321068458553869
9 0.7481634024001461 0.338881994142863 0.05599744292790536 0.03035334486680368
9 0.6565388285788286 0.33984497486549115 0.05450771753501123 0.031852177870609386
9 0.5549399412752756 0.3364878701128557 0.04349744292790554 0.029844008897248565
9 0.4643513285788286 0.33201393433358095 0.045132717535011226 0.03147017589344294
9 0.36364285318593437 0.32634491307904273 0.04676799214211709 0.03309634288963732
9 0.27454396588238145 0.32349714429596244 0.048330492142117085 0.0331600098858317
9 0.16386117700725195 0.31350803756616064 0.05450771753501131 0.031852177870609386
3 0.8316307580672799 0.6138912644088181 0.05741439371369381 0.027292011862998143
3 0.733865346156621 0.6122558271466687 0.05443494292790554 0.03028967787060921
3 0.639370483460174 0.6076227238769081 0.05109161910658777 0.025474843878220455
3 0.5544325572814917 0.5994653725843136 0.04491439371369381 0.026782675893442943
3 0.46496979694240925 0.6044301038012334 0.04178939371369381 0.026655341901054185
3 0.368276733460174 0.596576500037181 0.04505994292790545 0.029907675893442943
3 0.2635164588530681 0.5938733112921568 0.04818494292790545 0.030035009885831698
3 0.15690258581753885 0.5973564555509382 0.05443494292790545 0.03028967787060921
11 0.8406634255595098 0.28551159642404056 0.07703768899896417 0.04680601581733086
11 0.15121993589859212 0.24880886760421675 0.07881851282028159 0.05155718281352524
5 0.8232146364794927 0.6769496799221377 0.0768193651776464 0.04211851581733086
5 0.15622618962264573 0.6622957060452298 0.06922518899896399 0.04648768083635879
8 0.7473864605056979 0.27153532665237706 0.07285961124870503 0.05755251482874755
8 0.24596950971990966 0.2479732208739774 0.06341183664159918 0.055608012851581276
2 0.26258535153330453 0.6642813117864484 0.05843323821317572 0.04916701186299797
2 0.7350061610865984 0.6717899946371546 0.067662688998964 0.04642401384016441
6 0.6587413374701686 0.2757506413673939 0.06453768899896417 0.046296679847775656
6 0.35921437241635673 0.2533703280980708 0.062975188998964 0.04623301285158128
0 0.645380734907916 0.6634416423559771 0.060976041356328815 0.0367943458553869
0 0.3566992245688338 0.6602888315581119 0.05643409057054054 0.039728344866803766
7 0.5588868866843804 0.2685509536109529 0.07293238585581072 0.05911501482874763
1 0.5616414356937043 0.6631604580595771 0.07249573821317572 0.04974001482874755
4 0.4535742245688338 0.6642361853221642 0.06148546360606986 0.0477318458553869
10 0.4553808970234626 0.2557233483640259 0.0651198858558109 0.05879667984777566