9 0.1760615361123347 0.2162510355889943 0.06380952885594056 0.04004667984777566
9 0.2697247452754946 0.3292868878701718 0.054161710344286275 0.0318521778706093
9 0.4692758227728236 0.23521984737544271 0.04662202885594056 0.03934634288963732
9 0.6643155042611693 0.2353657218997416 0.04818452885594056 0.039410009885831696
9 0.7604935890148924 0.3087169916714051 0.04495040145127884 0.036157675893442945
9 0.8665774087076731 0.24126684790691533 0.059122028855940555 0.03985567885919252
3 0.16713300253188873 0.49673703163466154 0.05701389183263199 0.024167011862997967
3 0.3689137573412121 0.5112000741437381 0.04451389183263199 0.02365767589344294
3 0.4552579959084667 0.45932850942872117 0.04144345553496294 0.025092841901054187
3 0.5592783185964723 0.3551277821661342 0.04473214664195542 0.029907675893442943
3 0.7535119574338793 0.42155257269804436 0.044568455534962935 0.025220175893442942
3 0.863157286745307 0.36672976292594334 0.05566964664195524 0.030353344866803765
11 0.8916022013586116 0.17597477034031717 0.08472222958157971 0.05806185079830275
11 0.17848464246560417 0.15159828657757746 0.08310516587924907 0.05643568380210837
5 0.4622024550716267 0.56883084342111 0.05421627404661713 0.03341467787060921
8 0.16600697903342576 0.26342978311753634 0.08132441106992569 0.050122016805913994
8 0.6634548979078998 0.30008213790735283 0.06408234736759474 0.04785917984777566
2 0.45132940934064514 0.34682850942872123 0.05443452885594056 0.0396646778706093
2 0.7744171905588384 0.23829174513144621 0.08288691106992552 0.050185683802108375
6 0.7351588054344463 0.5885344842570313 0.05734127404661713 0.03354201186299814
6 0.3623784928284238 0.16767290863041845 0.059558538474587405 0.05235567885919248
0 0.5611359405588384 0.2296012001509118 0.056324411069925515 0.04910334486680368
1 0.5462302254900467 0.5176450282118015 0.06359127404661713 0.03379667984777566
10 0.15861366360181442 0.543198196159398 0.10120040145127884 0.038449687756440906
7 0.4565277969121079 0.16058726190017913 0.07115080290255768 0.07155134783255326