9 0.6317111014480856 0.8272177855641729 0.02569089067472685 0.06010242570596276
9 0.640840106102768 0.7386410188711254 0.02561816534054522 0.053852425705962756
9 0.5818458194223141 0.6387606908161647 0.023982940006363408 0.04755696159934022
9 0.6567345420512248 0.35836248548503064 0.027071577339272325 0.044522889812585655
9 0.5976584393698164 0.2514509074300698 0.025545440006363405 0.04760242570596294
9 0.6700414220241807 0.15868909441880383 0.028761346674090582 0.05550585391920828
3 0.3874283693507265 0.11689536566419775 0.028761346674090582 0.05550585391920828
3 0.3910357220321349 0.22542091950426374 0.028670440006363318 0.04769335391920828
3 0.38756637137967964 0.3302448118241318 0.02554544000636332 0.04760242570596294
3 0.4843521067393148 0.5212442333734596 0.023910214672181594 0.04130696159934022
3 0.3625520214433131 0.7998813619032741 0.028743165340545128 0.05394335391920837
11 0.6935662114496765 0.8371407033525771 0.038409066677272286 0.0792161385589445
11 0.709633370066815 0.47170591996648215 0.04127952800763594 0.05743206677218975
5 0.31529302406904225 0.49959185688870916 0.044349984006999674 0.05283549498543501
5 0.3224209873488174 0.10471962608903902 0.043078385343726745 0.0777900308788124
8 0.42448730541849605 0.6152048335317442 0.03197725334181776 0.06340928213245363
2 0.4343868273790433 0.3241933886254514 0.03971702800763595 0.057386602665567034
6 0.49746753536758936 0.23795436025392142 0.030323846674090583 0.05555131802583091
6 0.6624749173694984 0.2472203970052286 0.03820907200827239 0.06202863855894432
0 0.48001059941913243 0.618278357746639 0.02881589067472685 0.060193353919208194
0 0.5316730967536324 0.6253717922280904 0.02881589067472685 0.060193353919208194
7 0.7234305987030438 0.24700979684694396 0.054034066677272286 0.07967077962517113
1 0.31407432737904334 0.32769412483539784 0.053888616008908666 0.06717077962517112
4 0.4212094061107222 0.8036452079049236 0.03853633601209037 0.0901536385589445
10 0.5806020401018135 0.7333601369760988 0.03535679201145392 0.08537521034569906