9 0.2211058181006959 0.8565357150463886 0.03685801285158128 0.06173758700597247
9 0.21701783737806785 0.7653113030022916 0.03510451186299812 0.05701371941479181
9 0.2230861066554397 0.6738505016155206 0.0365396778706093 0.053925087005972296
9 0.22491254490617232 0.5715613030022915 0.034595175893442943 0.044513719414791805
9 0.2256075646778358 0.4778840381846526 0.036157675893442945 0.044550087005972294
9 0.22499475243427688 0.3779931409581942 0.03622134288963732 0.046112587005972296
9 0.22712493821355162 0.28740450854937477 0.0362850098858317 0.0476750870059723
9 0.22389646193954776 0.1750863465052776 0.0365396778706093 0.05392508700597225
3 0.49189582057215386 0.8385253717721521 0.025729511862998145 0.056795513867708536
3 0.4959068413324005 0.7400878717721524 0.024039677870609212 0.05363414627652787
3 0.4982280281002584 0.6448117393633328 0.025411176882026255 0.04898301386770818
3 0.4939172128909499 0.5590560773192357 0.023530341901054186 0.04113414627652787
3 0.5053268981759331 0.4705929893633328 0.0237850098858317 0.04738414627652787
3 0.5022748354380825 0.3731003935236454 0.023594008897248563 0.042696646276527785
3 0.5041331071869124 0.2700299449104162 0.02365767589344294 0.04425914627652787
3 0.5139312129281309 0.16365265834128429 0.025474843878220455 0.05054551386770836
11 0.15688415061020994 0.8619330362847915 0.05005834980971957 0.07921602773541672
11 0.15943471391671413 0.1672206015392707 0.05618101581733077 0.07623649810013892
5 0.5539329055531258 0.8292763519205204 0.03899351581733086 0.07583645459715278
5 0.576590380418617 0.158291704694062 0.0389298488211363 0.07427395459715277
8 0.14973483688377623 0.7692188594230555 0.05761618182494201 0.07314786569131933
8 0.15089536064695347 0.26186095431281237 0.06348417984777566 0.06391833605604172
2 0.5537511748304977 0.7379610208984717 0.04186384783255335 0.06965918977951394
2 0.5737916911793011 0.26528658710288144 0.04291701186299814 0.057195557370694414
6 0.15727010566685654 0.680065440445104 0.05267401384016446 0.06678876291777769
6 0.15015391992476287 0.375832535334861 0.054109179847775656 0.06370013050895836
0 0.5628767544114431 0.36076274126319396 0.03341467787060921 0.053852351823611144
0 0.5503807771116752 0.6482809250587842 0.03360567885919252 0.05853985182361114
7 0.153595960419492 0.5786847784010068 0.06555601581733077 0.07645470364722229
10 0.14623839965880778 0.47192628533486103 0.06979784684397003 0.06562630642076392
4 0.561273150647391 0.4575831898764232 0.04004667984777566 0.06337282218833344
1 0.5553494614080752 0.5646508074676037 0.04342634783255335 0.06969555737069441