9 0.19666000205152842 0.8 0.06096667490485981 0.0390625
9 0.2781089788198238 0.68984375 0.05589717292769345 0.0296875
9 0.48690300007436205 0.790625 0.04684050790866543 0.0375
9 0.6809076680591397 0.796875 0.04840300790866543 0.0375
9 0.7741682367284893 0.72734375 0.048148339923887916 0.03125
9 0.8856588350553342 0.7984375 0.05777800790866507 0.0375
3 0.1609175257403436 0.5171875 0.06026633794672147 0.021875
3 0.3621616907593716 0.509375 0.04776633794672147 0.021875
3 0.4518900356261753 0.5640625 0.03995383794672147 0.021875
3 0.5681291423559771 0.675 0.044896005931498985 0.028125
3 0.7562074625082015 0.6125 0.046331171939110224 0.025
3 0.8719717253597828 0.6734375 0.05583350593149916 0.028125
11 0.9164578488954984 0.8640625 0.08666701186299833 0.05625
11 0.2031765988954985 0.8640625 0.0802896778706093 0.053125
5 0.4498407628887623 0.45625 0.06064833992388792 0.03125
8 0.1829675751695023 0.7515625 0.08022601087441492 0.0515625
8 0.6790467377170725 0.73203125 0.06571784190105419 0.040625
2 0.46122522634836594 0.678125 0.06090300790866543 0.0375
2 0.792690085055334 0.7984375 0.08335101087441484 0.0515625
6 0.7228325939154016 0.4453125 0.06402800790866543 0.0375
6 0.3880145139145265 0.85625 0.0646646778706093 0.053125
0 0.5826293355496256 0.80078125 0.0628475098858317 0.046875
7 0.48289593239359563 0.86484375 0.07311384783255334 0.06875
1 0.5387560242574688 0.51015625 0.06377333992388792 0.03125
10 0.14885126585451186 0.4703125 0.10283583992388783 0.03125