9 0.35957047525637975 0.856627294775332 0.03297763605166182 0.06101274310259512
9 0.4576011468057075 0.7673777662812007 0.024892351411925872 0.051228307326946165
9 0.35359429374442913 0.5708126255080265 0.029397994985435005 0.04522396879233561
9 0.33802781505633006 0.384342858999683 0.029397994985435095 0.04522396879233552
9 0.39837663017916713 0.286878038782438 0.026272994985435096 0.0450601944820761
9 0.32586748119538156 0.180890310379164 0.029716243731793844 0.05616146879233552
3 0.6307778855229365 0.8747409661903436 0.02663670783841656 0.057560194482076096
3 0.6256942657686106 0.6732194097679086 0.026363923198680438 0.0481851944820761
3 0.5662534181176084 0.5874180286056727 0.024665030878812288 0.043415807326946346
3 0.4563579294003796 0.48337125847928475 0.02622753087881229 0.0434976944820761
3 0.5046038981258558 0.2916651153312611 0.023147994985435006 0.0448964201718165
3 0.44448108887551346 0.18242623416902518 0.024983279625171127 0.05435330732694625
11 0.2963119573096911 0.8540921149925769 0.04602320533113406 0.08041784034363317
11 0.26036450164935265 0.15483574344127932 0.04749477711788863 0.0773747274987628
5 0.6784124373179383 0.5815951537750148 0.04065374373179385 0.056734678878243724
8 0.4074085816828704 0.8653748530067892 0.03821070533113406 0.08000840456798422
8 0.4003004945232167 0.3798058452048731 0.03610263605166186 0.06117651741285446
2 0.3317203275927424 0.2748040846894235 0.039773205331134064 0.08009029172311406
2 0.4601852745440992 0.5880997020568495 0.032886707838416386 0.057887743102595125
6 0.2996091388881488 0.6725112443457905 0.03918217194503928 0.05977779172311415
6 0.6758567724990352 0.3061005088179689 0.04079013605166182 0.06142217887824373
0 0.34238635761362496 0.4805184961548127 0.039045779625171126 0.05509029172311415
7 0.28686143481065596 0.5829164778374472 0.05356292069139794 0.07145227611928177
1 0.6204886255603136 0.49431315976790857 0.045477636051661816 0.061667840343633
10 0.6816727957894931 0.8813085487320607 0.04969377461060631 0.09933161465389233