9 0.8537478772676849 0.46859330357731305 0.05962953866963616 0.02291139448011279
9 0.7663387839354121 0.46230812175853214 0.0533977200031817 0.024364800324311632
9 0.6719160745942305 0.5217570340955524 0.0471477200031817 0.024255706168510117
9 0.39293764660250297 0.4657014975676633 0.04404090133672707 0.025763659090609535
9 0.29146550592777604 0.5268356408299603 0.044022720003181706 0.024201159090609537
9 0.19924219060313927 0.46439591639750544 0.05029090133672716 0.025872753246410873
3 0.8467053472310957 0.7381927374246888 0.05666817067154532 0.03691934740221221
3 0.5605507659134585 0.6275860685915514 0.044095445337363516 0.030451159090609536
3 0.37808261656591374 0.7354372991097908 0.044168170671545146 0.03670115909060954
3 0.27340420723268644 0.7364833762194636 0.04414998933799978 0.035138659090609536
3 0.16863489123173198 0.7453419533291364 0.05356135200509069 0.03842730032431163
11 0.8590899052753208 0.412261482960462 0.07847044533736351 0.031051176947516978
11 0.49977853994272986 0.41306564691904024 0.05032726400381797 0.028997753246410872
5 0.5515195692234596 0.7995837995168279 0.05370680267345414 0.050927300324311454
5 0.16397411588959598 0.8102538871765124 0.07091248400699968 0.05278980925276535
8 0.6590695345719589 0.6860104488682048 0.06767839600572696 0.04336026217486459
2 0.3684445345719589 0.691083327112968 0.055287484006999676 0.05251707386326192
6 0.2785649692473221 0.6286026923720878 0.05356135200509069 0.03842730032431163
6 0.28669673726927564 0.4667748482162864 0.05661362667090888 0.03223184740221221
0 0.6597422439131404 0.6281979488682048 0.05821248933799979 0.03538412094116268
0 0.6642848405872309 0.573442265020829 0.06130112667090888 0.032313668019063255
7 0.2841808119430481 0.41448564529418713 0.07071248933799978 0.03560230925276531
1 0.3787542312221869 0.8119725255708404 0.06173747867599957 0.06981366801906326
4 0.8465786252387316 0.681956374194164 0.09434998400699968 0.05319891233702041
10 0.7656388025939125 0.5224643717585321 0.08633748933799978 0.03587504464226861