9 0.21398949311709883 0.3659773762161683 0.05101867193911023 0.025872753246410873
9 0.3098232579458465 0.43791265178371364 0.04470500494291585 0.024201159090609537
9 0.4120914120904596 0.3803649788933864 0.04476867193911023 0.025763659090609535
9 0.5939462485543062 0.3983724594116258 0.047893671939110406 0.025818206168510115
9 0.7800840198088446 0.5023310766993404 0.054143671939110224 0.02592730032431163
9 0.8770134165390839 0.4095589699616373 0.06351867193911005 0.026090941558013548
3 0.8692141398845191 0.6779816874942333 0.05589717292769336 0.03064207386326192
3 0.6697725553978389 0.669035561278065 0.04802100593149916 0.028943206168510115
3 0.5899776260443547 0.6075292711000231 0.040081171939110406 0.02568183847375849
3 0.49564535281265015 0.4958047926103785 0.043078837946721474 0.022611385551659247
3 0.3007758631927735 0.5415870767026357 0.04783000494291585 0.024255706168510117
3 0.2022627673373866 0.48053475405718976 0.05095500494291585 0.024310253246410875
11 0.8854997371855997 0.3495936347342897 0.07965300790866543 0.03886367694751698
11 0.19581781326932318 0.30320464082666493 0.07990767589344294 0.04511367694751698
5 0.5712196502646425 0.721963918015768 0.05490767589344294 0.04467730032431163
8 0.40360509144394363 0.44033031412073403 0.06071200692008212 0.03384889448011279
8 0.8859228429268186 0.4557754508869138 0.08583934091247088 0.037410271103318495
2 0.5989931872993305 0.5030735961811009 0.05752333992388792 0.03223184740221221
2 0.3017441611018764 0.3737546943973874 0.07796317391627658 0.03571140340856669
6 0.2937803997703509 0.7147791148520826 0.06428267589344294 0.04484094155801373
6 0.7035639876798914 0.3487600174465751 0.06390067391627667 0.035465941558013546
0 0.5068136630790427 0.386702527999882 0.05745967292769336 0.03066934740221221
7 0.6163677352084335 0.33552758603483124 0.0737213428896375 0.04656708279171564
1 0.4915202214054501 0.6628013778377262 0.06297484387822046 0.05106366801906326
10 0.8736907342570313 0.7303663478026587 0.09910334486680342 0.056378459414921166