9 0.3507019565563687 0.7999230666127378 0.025599984006999678 0.052435519237293705
9 0.3582155592377771 0.6911110618034144 0.027089758672817866 0.04624008293962447
9 0.36004223591664025 0.6012400299522489 0.0255090773392725 0.044623019237293705
9 0.3635405005967759 0.5019394343987525 0.028670440006363408 0.047857146641955416
9 0.3669296772756391 0.41201383884525633 0.0255090773392725 0.044623019237293705
9 0.36964669195577476 0.3127405251429255 0.02718066534054513 0.05405258293962447
9 0.36602279996818327 0.221497966249918 0.02561816534054513 0.05399801923729371
9 0.37408129531350093 0.1329711795894292 0.025727253341817757 0.0633730192372937
3 0.63576368264641 0.1269567594490108 0.028834072008272392 0.061919646641955414
3 0.6369710992998197 0.22453116389551453 0.03030566534054522 0.054161710344286275
3 0.6335001066200021 0.3214880094490108 0.028670440006363408 0.047857146641955416
3 0.6247058146085481 0.4061358279606651 0.030160214672181596 0.04166171034428619
3 0.6330626599300032 0.49330844574668 0.0286340773392725 0.04473214664195542
3 0.6272479172501857 0.5903471368536726 0.030214758672817865 0.046349210344286185
3 0.6260206772358681 0.6958158868536726 0.03025112133990877 0.04947421034428619
3 0.6318246872215505 0.8010391001931836 0.03186816534054522 0.05421627404661713
11 0.31242617998090993 0.12965769583149797 0.03837270401018138 0.07630952885594056
11 0.28962809655477784 0.8137698010036412 0.04460452267663584 0.07496528366526398
5 0.6989631166454555 0.13177817950461118 0.04302384134309047 0.07334821996293311
5 0.6950513932209142 0.803516770248784 0.044549978675999566 0.07027778366526398
8 0.2852320452339591 0.7217732739617991 0.05063634667409058 0.05643353847458741
8 0.301969390634956 0.2229538280454831 0.04767497867599957 0.0703869110699257
2 0.6978865865690954 0.6940872065464532 0.050727253341817755 0.0642460384745874
2 0.6963642806333652 0.22089524320694204 0.05076361600890866 0.0673710384745874
6 0.30640180462286565 0.3118253550873251 0.03822725334181776 0.06380952885594056
6 0.2904655325827766 0.6075743647059719 0.03815452800763595 0.05755952885594055
0 0.6906404446212748 0.3101214343139346 0.04127952800763594 0.05766865626060227
0 0.6911740572485948 0.5998287750581074 0.04438634667409058 0.05621528366526398
7 0.30291263060950263 0.41034470064082135 0.04771134134309048 0.07351191106992569
1 0.6919933119430481 0.3951958387604383 0.05392497867599957 0.07060516587924912
4 0.6954262999284124 0.5028446476534457 0.05381589067472685 0.06123016587924894
10 0.2907660719287305 0.5146328965571374 0.05069089067472685 0.06112103847458741