9 0.8950553098033545 0.7403540966021869 0.06615562101845249 0.03742857123840295
9 0.8032773334808778 0.7495310344818396 0.055127115756780753 0.035611498100139014
9 0.7056596098598243 0.685306839952673 0.04860409997176518 0.030778527735416717
9 0.4143058387425498 0.7601490646857982 0.04731461575678071 0.035429660144236055
9 0.30887561512149614 0.6961067081125345 0.04869510523343701 0.032341027735416715
9 0.20998235978923713 0.7711632191304513 0.05687162628012441 0.038772865691319505
3 0.20238487848743728 0.4795387635833679 0.056143584186749605 0.0262728656913195
3 0.3067006521649606 0.4841515687698609 0.04814907366340595 0.022966027735416717
3 0.41212389953412465 0.48091550636517333 0.04502407366340595 0.022893292553055743
3 0.592212488911959 0.5776417699485412 0.04364358418674961 0.02598192496187508
3 0.8819813732257653 0.4621563614198257 0.06074007892507751 0.02481946846486114
11 0.5233692965785878 0.8194130022811107 0.05916216837349921 0.05130923328249999
11 0.8995677755319005 0.8043984128065965 0.08250866311182747 0.050292247150208524
5 0.19644642065139922 0.4178745649701387 0.07093412628012437 0.039100174011944544
5 0.5850006864364149 0.4135247185617704 0.056689615756780755 0.0356478656913195
8 0.6921068021226083 0.5197727589306245 0.06900760523343692 0.032813806420763925
2 0.40170931527678794 0.530443380890208 0.06588260523343692 0.032741071238402954
6 0.2996440992658934 0.7659470826375692 0.06541216837349921 0.05145470364722229
6 0.3058122573278104 0.5897839729301734 0.05807010523343692 0.03255923328249999
0 0.6970056757013096 0.630746626521805 0.06119510523343692 0.03263196846486114
0 0.693729486281123 0.574496626521805 0.06110409997176518 0.03106946846486114
7 0.295699322886947 0.832535170593472 0.08212923151356133 0.07056837955902787
1 0.41597767065139923 0.41276491840927054 0.061741136803468065 0.04200696846486114
4 0.8830048179076238 0.5200234128065965 0.09557010523343692 0.03343205547083343
10 0.8035433730140038 0.6869401155038883 0.08884966837349921 0.05200021751493047