9 0.35238361431520826 0.1865440973582989 0.031236711894930557 0.06002961664125004
9 0.4467300785849881 0.2818221893982643 0.02465916327441171 0.05363414627652778
9 0.3405232649264637 0.47255433254066004 0.025730340343633085 0.04429551386770836
9 0.3221849434660232 0.658291810789167 0.027292840343632996 0.04433188145888885
9 0.38104760911528396 0.7590016320275698 0.027456614653892507 0.04745688145888884
9 0.30607086329915545 0.8612895242200349 0.031072937584671046 0.056904616641249815
3 0.623105550090857 0.18502319063253525 0.03099105042954129 0.055342116641249994
3 0.6141046070791191 0.3866220582237158 0.028937227498762753 0.04593074905006951
3 0.5527742814348071 0.4673258911456255 0.027129066033373662 0.041206881458888844
3 0.4412425599289381 0.5656341449453477 0.02556656603337366 0.041170513867708355
3 0.48495385911528394 0.7614200768410768 0.024331614653892684 0.04738414627652787
3 0.42313553256646086 0.8663608435585768 0.02778416327441171 0.05370688145888884
11 0.2915689450479029 0.18278201130225719 0.04471935775648763 0.07907055737069446
11 0.24386411239464434 0.8840899381639933 0.05474945499752559 0.09178876291777768
5 0.6654413777713339 0.4816812915062158 0.04661605042954129 0.055705792553055744
8 0.40036741293572725 0.1814033088893059 0.03863313206674714 0.0820500870059723
8 0.3836170884230691 0.665197080640799 0.03452548620519007 0.06322735182361114
2 0.44660616858993685 0.46329039494534763 0.03090916327441153 0.05377961664125017
2 0.31558970545181086 0.7692111269935766 0.03863313206674714 0.08205008700597212
6 0.658718907735803 0.7592068794621186 0.04686171189493056 0.06039329255305574
6 0.2897597043201571 0.36655759925815995 0.040611711894930555 0.060247822188333446
0 0.3280431970840678 0.5614349945847572 0.03715916327441153 0.053925087005972296
7 0.2757580800553261 0.4546206437110767 0.05352114767057934 0.06835126291777768
1 0.6071132213943273 0.5648016096104866 0.049986711894930556 0.06046602773541672
10 0.6749137115562464 0.18153582114149364 0.054913229307785014 0.09491376291777782