9 0.28828125 0.8607318776718846 0.03125 0.06340928213245363
9 0.28046875 0.7706608071387713 0.03125 0.05403428213245363
9 0.2828125 0.6801040032987052 0.03125 0.05403428213245363
9 0.28046875 0.5761295571387712 0.03125 0.044659282132453626
9 0.2765625 0.4853908968722146 0.0328125 0.044704746239076346
9 0.271875 0.3852545045523465 0.03125 0.043096782132453625
9 0.2703125 0.29458404044572384 0.034375 0.04787521034569897
9 0.26171875 0.18183398785929908 0.03125 0.05559678213245363
3 0.55625 0.8529039719576744 0.021875 0.05844899749271733
3 0.55625 0.7536852219576745 0.0234375 0.05693196159934022
3 0.55390625 0.6590857757977405 0.025 0.04760242570596276
3 0.5453125 0.5736794732113157 0.0234375 0.04130696159934022
3 0.553125 0.4856255437444291 0.025 0.04447742570596276
3 0.54609375 0.388545955264627 0.025 0.044477425705962935
3 0.54375 0.283790259104693 0.0234375 0.04755696159934022
3 0.5484375 0.17689540142456106 0.025 0.053852425705962895
11 0.225 0.864359331353666 0.04375 0.07939799498543501
11 0.19765625 0.16981370948776914 0.05 0.07645485141192579
5 0.6140625 0.17333614390271368 0.040625 0.07305706677218975
5 0.61875 0.8453475362225816 0.0375 0.07296613855894449
8 0.21484375 0.7718763146606187 0.053125 0.07342077962517113
8 0.19375 0.26579379922121243 0.059375 0.061102636051661816
2 0.61484375 0.757733875956025 0.040625 0.06680706677218975
2 0.6140625 0.28583614390271367 0.04375 0.06221049498543509
6 0.21796875 0.682904742873864 0.046875 0.06386392319868044
6 0.19765625 0.37918870948776917 0.046875 0.05761392319868044
0 0.60859375 0.6661457695295343 0.034375 0.05725021034569906
0 0.6078125 0.3770605374762229 0.0328125 0.05564224623907625
7 0.2109375 0.581137654394062 0.059375 0.07204013605166182
1 0.60859375 0.5817707695295343 0.04375 0.070022994985435
4 0.6109375 0.47558896568946835 0.040625 0.05743206677218975
10 0.19921875 0.47532792359439185 0.0625 0.06431856426490726