9 0.1369171752572102 0.3614620431934521 0.05952953610435348 0.02967421189493056
9 0.2260160366935287 0.3505444753510562 0.05327044574527386 0.027784163274411532
9 0.319402422330344 0.4081312460432711 0.047011355386194255 0.02589411465389251
9 0.6064847866935287 0.33060495307696164 0.04390453610435365 0.028855340343633084
9 0.702996172330344 0.38802794945891705 0.04388635538619425 0.025730340343632994
9 0.8033916029503073 0.3148184215306129 0.05170794574527378 0.027702276119281777
3 0.13066613349551598 0.6304577046588413 0.05953862646343313 0.031236711894930557
3 0.4242802989901689 0.5041663630720128 0.05014544574527382 0.027620388964152198
3 0.5994570401113742 0.5988603081199158 0.047038626463433174 0.03058161465389251
3 0.7025774949318345 0.5942370058813522 0.0470477168225127 0.03214411465389251
3 0.8095769286750558 0.5940964857549641 0.056422716822512695 0.032635437584671224
11 0.13493249444085512 0.2998661239261467 0.07834316861791084 0.041594357756487635
11 0.5013523799794746 0.2783198360482199 0.053343168617910844 0.04028416327441153
5 0.4209547902095701 0.6730391938047074 0.05962953005422929 0.04686171189493056
5 0.8115388835937118 0.6595986550222696 0.06744203005422947 0.04727114767057934
8 0.32160929606330263 0.5657799717330116 0.06894998789975162 0.03797803482570909
2 0.6138058864223822 0.548904573723748 0.06273634933607006 0.04390048620519007
6 0.7135251270526084 0.3234331829505736 0.056468168617910666 0.040447937584671044
6 0.7055439345287883 0.48708292514865753 0.050172716822512696 0.03230788896415202
0 0.3258337086310892 0.5108877538451873 0.06266362646343318 0.03140048620519007
0 0.3237990308397962 0.45788558457788187 0.06110112646343317 0.03131859905006031
1 0.5927797932346323 0.6726253567404348 0.06126475292686635 0.05944359905006032
4 0.1341274767814618 0.5724814303485818 0.09709316861791084 0.04257700361804453
10 0.2233132175098838 0.41238605608375084 0.0876999878997516 0.03896068068726617
7 0.7216876058771736 0.2628674971749249 0.07529089149054773 0.05393058344622812