9 0.8516694143656153 0.14563963834151944 0.0631818384737585 0.04197348428423431
9 0.7566490150142384 0.25640166398208264 0.05210797077900686 0.03365156203449331
9 0.5563023672877146 0.1562690390845265 0.045994338473758486 0.041172963606069854
9 0.36232054220663673 0.1520118403656528 0.04443183847375849 0.04110018899896399
9 0.2619308043815013 0.22392968982753353 0.0490920649348082 0.039756012820281586
9 0.156715424511885 0.15376920120007304 0.05693183847375849 0.041682385855810855
3 0.8511508116851021 0.4294880994663899 0.05819432954530477 0.024567660462916762
3 0.6488206984545771 0.43969366108659846 0.047284103084255236 0.02562073821317572
3 0.5657939642828897 0.386483077959656 0.04103410308425506 0.025329639784752268
3 0.46065072240056465 0.2756612020286425 0.04429547077900686 0.03328768899896399
3 0.2655115462638265 0.3394819152204277 0.050490923701106104 0.030453787427387448
3 0.15577230762791222 0.2789147504142847 0.056795470779006776 0.0338698858558109
11 0.8505375624991762 0.08079588834151943 0.08217730032431163 0.056909279569504576
11 0.1344489123370204 0.08756415839600211 0.08382162094116259 0.06166955417661044
5 0.5551622017009881 0.49409652481650285 0.05517842370110611 0.030672111248705038
8 0.8564075073036008 0.1931139518237548 0.08524775324641069 0.05392982878371626
8 0.35565353084255097 0.2180007134011821 0.06644320616851021 0.04993153349844599
2 0.24972508482031053 0.15178286207727454 0.07907957386326192 0.0583262303552929
2 0.5700257224005646 0.27056697953123254 0.05536933847375849 0.041609611248705033
6 0.6622835860381265 0.09112772849777526 0.06345457386326192 0.05759848428423429
6 0.28018947523993837 0.5084673556671337 0.05997501785690744 0.037140435070022446
0 0.4631017922066367 0.147317878207325 0.05717730032431163 0.0557448858558109
7 0.5714131241875735 0.08128615570991497 0.07159435633066594 0.07671235731976359
1 0.472943991068251 0.4424120543860074 0.05992047077900686 0.03401543507002245
10 0.8582190178536122 0.47607200103796654 0.09903751785690744 0.03895980024766903