9 0.5531777904457238 0.2417338828597166 0.023147994985435006 0.0448964201718165
9 0.6124271068222021 0.12673964665452653 0.02654577962517113 0.054435194482076024
9 0.6221527624699054 0.32653492876670215 0.02310253087881229 0.04333392017181659
9 0.5838477465682808 0.6235227934205947 0.023147994985435006 0.04489642017181659
9 0.6526408621659714 0.7020738393275803 0.026454851411925873 0.0513101944820761
9 0.653715280350087 0.79278072648271 0.0282446719450391 0.059204581637205676
3 0.3880053638153241 0.8575646800098976 0.02663670783841656 0.057560194482076096
3 0.4758557386507219 0.5423314263918529 0.023147994985435006 0.04489642017181659
3 0.3579144177218971 0.38811199513875994 0.030960494985435093 0.04530585594746528
3 0.34944503668480015 0.2852736001817141 0.032522994985435094 0.04538774310259504
3 0.3338989415410805 0.18124119742275213 0.03293217194503919 0.059450243102595036
11 0.7152521739235963 0.7832961838550847 0.03968227711788863 0.07696529172311414
11 0.6881391268139548 0.4161872489839472 0.039091243731793845 0.05665279172311397
5 0.3071428425699302 0.579341182723431 0.045477636051661906 0.061667840343633
5 0.27010922618081656 0.19397357078307192 0.0487844924781526 0.06808161465389255
8 0.42671720816762093 0.6552308960886997 0.034721992478152684 0.0673446302577247
2 0.4019455625490476 0.36859071121756204 0.04529577962517113 0.05541784034363299
6 0.4558397891920826 0.2577893300553261 0.029898100158284535 0.06241146879233552
6 0.6150412929530062 0.21658339665452653 0.03454013605166182 0.06109463025772479
0 0.4818222453146396 0.6398239020815935 0.02985263605166182 0.06084896879233561
0 0.5339386747815261 0.6292681823847468 0.02985263605166182 0.06084896879233561
7 0.6738252595669114 0.19315918475959595 0.047767561757624755 0.0867497274987628
1 0.2857128087881239 0.40754474785229344 0.05797763605166191 0.06232293758467104
4 0.44469563301565407 0.8428570488476617 0.04022784639736088 0.09571529172311415
10 0.5920443429656416 0.7169861883776406 0.03678459765100204 0.08461401741285464