9 0.8175859746736875 0.6533015977840162 0.06413774310259504 0.03306856426490725
9 0.7265924824756038 0.6629697659681316 0.05780585594746519 0.031324207838416565
9 0.6378442429910534 0.6000271482588697 0.0513101944820761 0.026454851411925873
9 0.3461646760531687 0.6732590259307545 0.04678646879233552 0.02944345909205772
9 0.2495220494134885 0.612106228754606 0.0466226944820761 0.02631845909205772
9 0.14349337743264967 0.6853966277383916 0.05155585594746528 0.031142351411925874
3 0.1576155896662645 0.401044359791703 0.05459896879233552 0.029670779625171128
3 0.26267490389061576 0.405788032594672 0.04834896879233552 0.02948892319868044
3 0.3665402103130509 0.4035459195042638 0.04506019448207601 0.026272994985435005
3 0.5370397388071819 0.4992124575092121 0.041935194482076096 0.02618206677218975
3 0.8372621460886996 0.38204872341083673 0.059204581637205676 0.02824467194503919
11 0.8165723513133679 0.7172959016240821 0.08189845318850324 0.04450616943775678
11 0.4453557705806732 0.7304373769469688 0.05229284034363317 0.04520485141192587
5 0.5472822772509356 0.33354199340258944 0.056734678878243724 0.04065374373179385
5 0.15936951944901945 0.33780857389832575 0.07087906603337357 0.04262542069139794
8 0.6422085956591583 0.44232830852542654 0.06718085594746519 0.03159699247815269
2 0.35162453923672315 0.45000338235724513 0.058379066033373485 0.04226170783841639
6 0.2540225209193575 0.5113477108079174 0.05624335594746528 0.031278743731793845
6 0.23354184532047406 0.6788761916075876 0.06150406603337357 0.04235263605166182
0 0.6362994323847467 0.4955442367386718 0.06084896879233561 0.02985263605166182
0 0.6358180755327704 0.5493822905787379 0.05928646879233561 0.029807171945039103
7 0.220110109115284 0.7416717083006349 0.08419793758467105 0.0586141335443795
1 0.3773382694490195 0.3314663310244617 0.06668288896415202 0.051864028371529966
4 0.8302851277713341 0.4407561336773934 0.09859463025772479 0.03563127461060631
10 0.734514525103229 0.6011146236482636 0.08962906603337366 0.04317098997087001