9 0.5125 0.834375 0.02734375 0.0546875
9 0.45234375 0.73125 0.0234375 0.04140625
9 0.5171875 0.63828125 0.02265625 0.0421875
9 0.51796875 0.45703125 0.021875 0.03984375
9 0.42890625 0.25546875 0.02734375 0.0515625
9 0.52890625 0.17578125 0.0234375 0.0609375
3 0.2609375 0.13671875 0.034375 0.059375
3 0.25234375 0.33671875 0.03359375 0.0484375
3 0.30546875 0.425 0.03125 0.04296875
3 0.41171875 0.53671875 0.025 0.0484375
3 0.3453125 0.725 0.0296875 0.0515625
3 0.3984375 0.83046875 0.028125 0.05390625
11 0.56875 0.86328125 0.03125 0.0734375
11 0.58515625 0.1796875 0.0296875 0.075
5 0.18828125 0.425 0.05234375 0.059375
8 0.48125 0.16015625 0.03125 0.08046875
8 0.45703125 0.6375 0.03671875 0.06015625
2 0.41171875 0.434375 0.0390625 0.05234375
2 0.5125 0.7453125 0.02890625 0.0734375
6 0.571875 0.3578125 0.02890625 0.05546875
6 0.16953125 0.7 0.0546875 0.053125
0 0.5203125 0.54296875 0.0296875 0.05546875
7 0.5734375 0.4453125 0.03359375 0.06796875
1 0.2390625 0.51484375 0.0625 0.0609375
10 0.20703125 0.12734375 0.059375 0.0984375