9 0.8466285185431561 0.33068510201104234 0.06268180718159222 0.03270470364722229
9 0.7552495396203949 0.3238700979269798 0.05328862646343317 0.029361498100138928
9 0.6673586541799713 0.3890210128208686 0.047020445745273774 0.026091027735416716
9 0.37316374746591724 0.32435322188333365 0.040788626463433175 0.029070557370694507
9 0.27902286202549365 0.3893586664125003 0.04545794574527386 0.02605466014423614
9 0.17238249746591722 0.3196799864166321 0.05329771682251274 0.030923998100139016
3 0.1965183924725064 0.6030925516711113 0.05327953610435347 0.027798998100139017
3 0.3004791846269841 0.5961359964846183 0.04390453610435348 0.027580792553055566
3 0.4036223653451433 0.595411257502535 0.04389544574527382 0.026018292553055745
3 0.5683030097625574 0.4929798545764935 0.04075226502711473 0.022820557370694418
3 0.8716138412428425 0.6023971010611119 0.05952044574527378 0.026381968464861138
11 0.8430949732654204 0.26653168303309094 0.07525453005422947 0.04549564437666671
11 0.472746111829102 0.26416256392329907 0.050254530054229286 0.044913762917777864
5 0.19849852810932173 0.6656471030578821 0.06587043969514968 0.04371493882958344
5 0.5829689768796577 0.6581872804882991 0.05647725897699054 0.04037173328249999
8 0.6742484827333902 0.5477966007767714 0.06422612646343318 0.029616071238402774
2 0.38748428093799203 0.5489356477951393 0.051762487899751616 0.03557513050895835
6 0.2878069886853185 0.49113937195958357 0.054851126463433084 0.029397865691319504
6 0.2614449974659172 0.32175293911392383 0.06117384933607006 0.042043336056041714
0 0.6683075549420971 0.4945261304120492 0.0595477168225127 0.03106946846486114
0 0.6654916271508042 0.44132839522968803 0.0595568071815924 0.03263196846486114
7 0.2477415666495621 0.25970688079329884 0.07845225292686617 0.05806837955902786
1 0.41493204918656057 0.6659965144363892 0.059665891490547726 0.051381968464861136
4 0.8633609797083281 0.5436033293096187 0.0970658975406721 0.0350672906531944
10 0.76192626561629 0.38497125208729227 0.09086134933607007 0.04273432028847228