9 0.18287963593140288 0.2581039123713949 0.0533068071815924 0.03155907220870704
9 0.29302679557232325 0.26030728268650793 0.04707498789975162 0.034647710772388506
9 0.3844557714700223 0.2569328186926656 0.04080680718159231 0.031486349336070064
9 0.48525065700864173 0.25517539685330093 0.04551248789975162 0.034638620413308986
9 0.5751080425472612 0.2533543425003789 0.04238748789975162 0.03462043969514968
9 0.6798182684449602 0.2500571465587133 0.05019998789975162 0.03466589149054773
9 0.7697074702403583 0.24276734220579135 0.05332498789975162 0.03468407220870704
9 0.8626625847017388 0.2456519685710286 0.06113748789975162 0.034729524004105096
3 0.22652860021983284 0.5443050327847038 0.054832945745273864 0.02531816256778665
3 0.32971723273339015 0.5339674964839586 0.047020445745273864 0.025272710772388508
3 0.4313024586310892 0.5306521198241338 0.04545794574527377 0.025263620413308985
3 0.5281729134515494 0.5319969720870701 0.04233294574527378 0.025245439695149585
3 0.6141785911446466 0.520778191836449 0.04389544574527378 0.025254530054229285
3 0.7024462056060271 0.5236355471244474 0.04700226502711473 0.02214771077238851
3 0.7977768863241863 0.5210650590283041 0.054823855386194255 0.023755662567786474
3 0.896246202580965 0.5161690016503201 0.05952044574527378 0.025345433645025395
11 0.8552227894240033 0.1815440167756305 0.07840680113146803 0.048892017953980904
11 0.1629398406536672 0.19392323770335987 0.07686248184962743 0.05200792759490129
5 0.8958916785768599 0.57710650165032 0.0814408975406721 0.03328519867214012
5 0.23476328103618793 0.6060737797596417 0.061155668617910844 0.03785452400410509
8 0.2551864279876847 0.18430331888905732 0.05972043364502548 0.05972043364502548
8 0.7622904008603216 0.17475314041039325 0.0753454336450254 0.05981133723582168
2 0.339473506933887 0.602776583817976 0.056486349336070066 0.04095225292686635
2 0.8099450882177802 0.578169031900941 0.07053066861791076 0.03790906615858276
6 0.6731824490649236 0.18204748994285508 0.06279089149054791 0.050363614363184706
6 0.3684904038853838 0.1810561199223296 0.059665891490547726 0.050345433645025486
0 0.4309433894474443 0.5923708698241337 0.050181807181592396 0.03154089149054773
0 0.7177666785768599 0.5760702007152435 0.0595568071815924 0.03159543364502539
7 0.5723966538853837 0.18224241178221973 0.07224770472226431 0.06448065651766237
1 0.6357036123200812 0.5810617068635636 0.07835225897699054 0.0395170179539809
4 0.5270644105246831 0.5882424269075301 0.05803066861791084 0.03783634328594587
10 0.4653972201421624 0.17615097218526587 0.06288179508134384 0.0659886143631847