9 0.16161185793893612 0.3223909476422728 0.06388271753501132 0.03223417984777566
9 0.2519457595105127 0.3198336334215475 0.05599744292790545 0.03035334486680368
9 0.34353394602827736 0.3274644026989194 0.05130994292790536 0.030162343878220456
9 0.4459140833318303 0.33241584094965204 0.04200771753501122 0.031342841901054186
9 0.5364299214211714 0.3337647767289268 0.04349744292790554 0.029844008897248565
9 0.6363207595105127 0.3354957144853678 0.04505994292790536 0.029907675893442943
9 0.7261645095105127 0.3391565667665454 0.04825771753501122 0.031597509885831696
9 0.8368472983856421 0.33820817349634713 0.05443494292790518 0.0302896778706093
3 0.1732022911469319 0.5879841141441756 0.06046661910658786 0.0258568458553869
3 0.2724574284504848 0.5928082184025195 0.05585189371369372 0.027228344866803766
3 0.3669522911469319 0.5958788216722801 0.048112168320799585 0.0284725098858317
3 0.4518174427185084 0.5930986729648745 0.04491439371369381 0.026782675893442943
3 0.5412802030575907 0.6053214417479549 0.04491439371369381 0.026782675893442943
3 0.637228403843379 0.6061119620139099 0.0449871683207995 0.02834517589344294
3 0.741879516539826 0.6095964007589341 0.04818494292790554 0.030035009885831698
3 0.8484933895753553 0.6217382565001527 0.060684942927905536 0.0305443458553869
11 0.15710198635114891 0.2590460306460784 0.08016268899896399 0.04693334980971962
11 0.8479260394943019 0.2747186764620967 0.07718323821317555 0.04993101581733086
5 0.18388938812761327 0.6500211991251476 0.07518409057054054 0.0404923488211363
5 0.8514407611631425 0.6850195065001528 0.0721318651776464 0.04192751482874755
8 0.2488892260120667 0.25420863342154754 0.07747433664159917 0.05618101581733077
8 0.7547389656729845 0.26624299018853037 0.06653683664159918 0.05573534684397004
2 0.2713166135205074 0.6520240509120334 0.06758991439185813 0.044861513840164416
2 0.7444458984666955 0.6814395672608369 0.06148546360606986 0.0477318458553869
6 0.3397689371369372 0.2633700692008222 0.06282963978475227 0.04310801285158128
6 0.6407492402800903 0.26315779946633977 0.06453768899896399 0.046296679847775656
0 0.3616869023956369 0.6502479866913082 0.060976041356328815 0.0367943458553869
0 0.6495143881276133 0.6689939639910761 0.05487159057054054 0.03966467787060921
1 0.4454262016098486 0.6567791709877081 0.07086046360606986 0.04811384783255317
4 0.5527121627347191 0.666609110227024 0.061412688998963995 0.04616934585538672
10 0.5438378529765374 0.2584291957022875 0.0651198858558109 0.05879667984777566
7 0.4395870006191725 0.2635385069572632 0.07278683664159899 0.05599001482874755