9 0.18727858774164124 0.6164731934692453 0.06068519448207601 0.027073420688572547
9 0.2760921042499846 0.623546594287552 0.0544351944820761 0.02685516587924912
9 0.3746247795101838 0.5621874536360463 0.04810330732694625 0.025074411069925695
9 0.6568441372666713 0.630600114621154 0.04514208163720568 0.028090283665263983
9 0.7624080625268705 0.5689954373091595 0.0481851944820761 0.026636911069925516
9 0.8568817588179689 0.6392682425739699 0.05616146879233561 0.030034729581579888
3 0.8921011273170487 0.3554909540993824 0.05616146879233561 0.030034729581579888
3 0.7836302080497433 0.3616268814113769 0.04834896879233561 0.029761911069925696
3 0.678697046584354 0.3605951494675443 0.0481851944820761 0.026636911069925696
3 0.48990121946970405 0.46189229855657044 0.041853307326946344 0.02485615626060227
3 0.20835024705932392 0.346495510166801 0.05459896879233552 0.02998016587924912
11 0.17879438036926643 0.6786011712367267 0.08009029172311406 0.040228185116542824
11 0.5447026633859532 0.6861730467424719 0.058379066033373485 0.04258929328391083
5 0.5076199067156908 0.29221471561694584 0.05385534034363317 0.04555060217691818
5 0.902765310379164 0.29015613077840474 0.0787734531885036 0.04486112141421188
8 0.39452012041964374 0.40417405699409087 0.06413774310259512 0.03343254809323426
2 0.6858411612382467 0.40730645836055174 0.058297178878243726 0.04102679328391083
6 0.7735735345985665 0.46842251843468546 0.05624335594746519 0.031597229581579886
6 0.7681501294647554 0.6337573417556632 0.06290279172311415 0.039627984390903315
0 0.39273961442674993 0.4598064981010834 0.06084896879233561 0.030198420688572546
0 0.3868481405460317 0.5116690984639032 0.06084896879233552 0.030198420688572546
7 0.7697812285148156 0.694749405457994 0.08090916327441153 0.055853185116542824
1 0.6795358502932558 0.28699395836055175 0.06840916327441171 0.05541667549789597
4 0.2059522653766896 0.40528023312495903 0.09102779172311407 0.04061013103285873
10 0.27997069877748915 0.5631448076270631 0.08617651741285455 0.03732143992586625