9 0.8560211655900218 0.8643611454072719 0.0631818384737585 0.04233798620519025
9 0.7644512743563199 0.8689457468321813 0.0569045649348082 0.040447937584671224
9 0.6702842629922341 0.7983256303692664 0.050600017856907445 0.03699538896415202
9 0.3705376331226178 0.8576851837394838 0.04443183847375849 0.041355340343633175
9 0.26933937175853206 0.7866965750784851 0.0475295649348082 0.03995661465389251
9 0.16723535511944057 0.8571961035726161 0.053806838473758486 0.041846663274411354
3 0.8523775629095086 0.5803170160540582 0.061319329545304765 0.025068599050060314
3 0.5589530710271834 0.6806700616223594 0.044240923701106105 0.030417840343633172
3 0.3802571010589555 0.5696495952048731 0.04574887662320544 0.02737472749876275
3 0.2762826672115796 0.5681103493887446 0.04415910308425506 0.025730340343632994
3 0.16934687459790582 0.5570323292623567 0.05356137662320544 0.02778416327441171
11 0.8572330637235828 0.9293277261399664 0.08373980032431164 0.0574650192218769
11 0.48198760187302964 0.9237373089088259 0.06350912094116268 0.06108798620519025
5 0.5563616793864442 0.5155397065794053 0.0567409237011061 0.031072937584671046
5 0.16803951907801876 0.4975344985296619 0.0676784237011061 0.03164614767057934
8 0.6607843522767715 0.6257955331282284 0.06614319724005639 0.033126760515449584
2 0.3668434375041191 0.6213382479638351 0.05369774431795715 0.035596663274411536
6 0.2688911327155806 0.6779799943457905 0.056850017856907444 0.03732293758467105
6 0.25400865219734126 0.8586158406823173 0.06973184740221221 0.05985303482570927
0 0.6613240945661337 0.6844711702833581 0.06307274431795715 0.03608798620519007
0 0.6634399736249712 0.7424474445936177 0.06627956493480802 0.040939260515449584
7 0.2512733900224766 0.9257214535271874 0.07943412986961632 0.07909435775648746
1 0.3868440661559195 0.5058737002478273 0.06153751785690744 0.03756859905006031
4 0.8513275316599206 0.6404732660540582 0.09903751785690744 0.039533890773174464
10 0.7686399423753831 0.8081720211424408 0.09166139448011297 0.06412445499752559