9 0.8376944009585175 0.24003777282575472 0.059574987899751616 0.034720433645025396
9 0.7534688710024842 0.34814518861499516 0.05327044574527377 0.02530907220870695
9 0.5462199732654204 0.250061170857406 0.0439318071815924 0.031504530054229284
9 0.35638985880403984 0.24661294222923247 0.043949987899751616 0.034629530054229286
9 0.26379329264545703 0.316389111043535 0.0470477168225127 0.02996021077238851
9 0.1524790636245 0.24620790036934234 0.05644998789975162 0.03470225292686626
3 0.8665496122218854 0.5175587848278072 0.059493174668035206 0.020657933645025394
3 0.6664950700674076 0.5257702188656161 0.04700226502711473 0.02214771077238851
3 0.5777416422761148 0.472127068398078 0.03918976502711473 0.02210225897699054
3 0.46585069633444903 0.3667850625443455 0.04234203610435348 0.026807939695149764
3 0.27877742233034397 0.42663626463433124 0.04545794574527395 0.025263620413308985
3 0.16582342525721022 0.3697272136010589 0.05327044574527386 0.02530907220870695
11 0.8318261960398615 0.17437641138943624 0.07528180113146803 0.048873837235821636
11 0.12082051834676436 0.1819590480082102 0.08154998184962739 0.052035198672140126
5 0.5810115671405415 0.581524794295777 0.056431807181592394 0.03157725292686635
8 0.35913760890223567 0.3114748729473917 0.05960225897699045 0.039407933645025484
8 0.849140440186129 0.28698095051885186 0.0846658914905479 0.05049087939029935
2 0.24467565398357963 0.2451817315550398 0.0783886204133089 0.0457670179539809
2 0.5713512625912277 0.3619299117822197 0.051762487899751616 0.03467498184962743
6 0.648150632808145 0.18737079419758115 0.059656801131468026 0.048782933645025485
6 0.30905475390882486 0.5940055718159236 0.05644089754067192 0.03313975292686635
0 0.4556358798812787 0.2425026800307882 0.058067030054229286 0.04408634328594587
7 0.5560131297830828 0.17824071301188374 0.06913179508134384 0.0660249757995032
1 0.4906956393492484 0.5278725534691592 0.06269998789975162 0.034738614363184796
10 0.8803348562699572 0.5652968480595237 0.10021816861791066 0.038081782981095456