9 0.8312616516917706 0.315626853536041 0.06010235182361114 0.03263196846486114
9 0.7343846920606246 0.4186083428024647 0.05054551386770836 0.02460126291777769
9 0.5452696003049997 0.3246258727220829 0.04440461664124999 0.029143292553055568
9 0.3595684896476733 0.31879736607256914 0.04440461664124999 0.029143292553055568
9 0.25731435220486076 0.38442432570371504 0.04433188145888893 0.026018292553055565
9 0.15658896001239558 0.3172751529260415 0.055342116641249994 0.029397865691319504
3 0.828858124621944 0.5866296845580896 0.0568318814588892 0.02630923328249999
3 0.6272774408263537 0.5921023538203813 0.04745688145888884 0.026091027735416716
3 0.545792357904444 0.5369985861529509 0.04273301386770836 0.02441942496187508
3 0.4498460379003122 0.43225849439732594 0.042769381458888846 0.02598192496187508
3 0.25406010600458295 0.4906925094993054 0.044259146276527786 0.022893292553055566
3 0.14913752308267325 0.43613425569958314 0.05367051386770836 0.024673998100139018
11 0.833515789134583 0.2523274197404507 0.07914329255305566 0.04556837955902786
11 0.13544196504638867 0.25295873299815963 0.07605466014423615 0.04705814437666671
5 0.5314551413394438 0.6497713430868051 0.05559668977951375 0.0403353656913195
8 0.8364024401607637 0.3631376331713187 0.07896145459715279 0.03775587955902786
8 0.350301286000451 0.3814792040284719 0.060175087005972294 0.035756968464861136
2 0.25026622483003447 0.3182180974552081 0.07899782218833336 0.03931837955902786
2 0.5545153541047219 0.43060311578822874 0.05697735182361115 0.03255923328249999
6 0.65128451738309 0.2651579941129856 0.058685322188333444 0.03884560087368065
6 0.25554660477031194 0.6616589729301734 0.06028418977951393 0.04044446846486114
0 0.45562587205649285 0.31812325921496487 0.05399782218833345 0.038736498100138926
7 0.5624584067257636 0.2570746968102773 0.06995013050895835 0.0531626740119445
1 0.4483711908263537 0.5962664430105551 0.06039329255305557 0.04513196846486114
10 0.8315824279085758 0.6373200155801382 0.09800239532659738 0.0506922906531944