9 0.3338546229697575 0.1665788268875074 0.029161394480112967 0.06084896879233552
9 0.326829101459402 0.2559721975342938 0.02907957386326192 0.05616146879233552
9 0.33075471671852175 0.3467200282669884 0.03217730032431154 0.05476274310259503
9 0.32860760998081867 0.447296560379164 0.030451159090609536 0.04530585594746537
9 0.3255019752399384 0.5376758989137749 0.030505706168510206 0.04843085594746519
9 0.32177873173276017 0.6373892938708206 0.030505706168510206 0.04843085594746519
9 0.3210168469918798 0.727891463138126 0.032095479707460586 0.050075243102595125
9 0.3143322447184037 0.8368160837849125 0.03064207386326192 0.056243355947465545
3 0.5976083948805594 0.8782001588633974 0.02907957386326192 0.05616146879233561
3 0.5918339074624612 0.770964190975573 0.028970479707460584 0.049911468792335614
3 0.5931315803527883 0.6664404652858325 0.025790932629559827 0.0466226944820761
3 0.5984309606294418 0.5675902074839165 0.025709112012708778 0.041935194482076096
3 0.5906536424482227 0.4797626588633975 0.025763659090609535 0.0450601944820761
3 0.5978155316533298 0.3981817882166111 0.025818206168510115 0.04818519448207601
3 0.6000308222384089 0.30151150610443544 0.025872753246410873 0.05131019448207601
3 0.5990802025150622 0.20233369968200035 0.026036394480112968 0.06068519448207601
11 0.2712046185055306 0.15470959068231732 0.04511367694751698 0.08041784034363308
11 0.24966577272158083 0.8435740168470275 0.05136367694751698 0.0807453889641522
5 0.6618345361142615 0.8909325322237173 0.0419341298696164 0.07712906603337366
5 0.6617847540571897 0.2173279358871904 0.04190685633066593 0.07556656603337357
8 0.24406856330665977 0.7464942989592033 0.05723184740221221 0.05919793758467105
8 0.2626438705341255 0.24558357417397395 0.051254582791715644 0.07449538896415202
2 0.6630231148487873 0.7801588065339767 0.04791139448011279 0.06183161465389251
2 0.6602552560857846 0.30857041157693094 0.047938668019063255 0.06339411465389251
6 0.26735073579324525 0.3363723484842335 0.041715941558013545 0.06462906603337348
6 0.24910884496328495 0.6328002911572872 0.046348894480112965 0.06174972749876275
0 0.6531615507280535 0.3940575322237173 0.03686480032431163 0.05500840456798421
0 0.6551094289728165 0.6845187579134577 0.03845457386326192 0.056652791723114146
1 0.6546615953703221 0.4799950322237173 0.04802048863591431 0.06808161465389251
4 0.6588735827884203 0.5871491129564119 0.04796594155801355 0.0649566146538925
10 0.24981618262626454 0.5391731218899818 0.057340941558013545 0.06544793758467123
7 0.2620377187471166 0.43444135628614955 0.05750458279171564 0.07482293758467104