9 0.36008242998090995 0.140625 0.03819089067472685 0.059375
9 0.35047052530236505 0.228125 0.03346702800763594 0.05625
9 0.3548574859564111 0.32109375 0.03353975334181776 0.0625
9 0.3537120619430481 0.41953125 0.033321577339272504 0.04375
9 0.348760385264185 0.509375 0.025581802673454224 0.05
9 0.34679734858373107 0.6109375 0.035029528007635945 0.05625
9 0.346533171904868 0.70078125 0.033321577339272504 0.04375
9 0.3351587725573232 0.80546875 0.03822725334181776 0.0625
3 0.6163087752228232 0.8140625 0.03186816534054522 0.053125
3 0.6104774932368227 0.7109375 0.0286340773392725 0.04375
3 0.6124678019175948 0.60703125 0.028688621339908772 0.0484375
3 0.6182825445974123 0.51015625 0.02543635200509069 0.0375
3 0.6107160399427298 0.421875 0.028670440006363408 0.046875
3 0.6187381726209567 0.33671875 0.0286340773392725 0.04375
3 0.622181893300456 0.2421875 0.028706802673454313 0.05
3 0.6209744766470463 0.14453125 0.025654528007635947 0.05625
11 0.2968920866486372 0.1328125 0.038409066677272286 0.078125
11 0.27252241255573234 0.8171875 0.04460452267663584 0.0734375
5 0.6849551606460919 0.1515625 0.04149770401018138 0.075
5 0.6803076405554143 0.81953125 0.04460452267663584 0.0734375
8 0.26970704256845907 0.7234375 0.04907384667409058 0.0546875
8 0.28718927530236504 0.228125 0.053961341343090476 0.071875
2 0.6823835966343197 0.23828125 0.05076361600890866 0.065625
2 0.6839149932368226 0.7109375 0.05381589067472685 0.059375
6 0.2916489612905929 0.31484375 0.0413704346753633 0.0640625
6 0.2733507579169584 0.61171875 0.039735209341181486 0.0578125
0 0.6750790792886839 0.32890625 0.03815452800763595 0.05625
0 0.6764121232495494 0.6171875 0.04282384667409058 0.0546875
7 0.2865972872772299 0.41328125 0.049292022676635926 0.0734375
10 0.27523197859645776 0.5171875 0.052253390674726855 0.059375
4 0.6791018659293668 0.5203125 0.050727253341817755 0.0625
1 0.6780035372772298 0.41328125 0.05083634134309047 0.071875