9 0.21411062537805609 0.5992658461016505 0.05370688145888887 0.02685516587924912
9 0.31496330413965323 0.5316294235989794 0.04429551386770836 0.02496528366526398
9 0.4086418753780561 0.5924726651614589 0.04429551386770836 0.02496528366526398
9 0.6972491272779171 0.5292260983790851 0.04738414627652787 0.023511911069925694
9 0.7862220147207297 0.5894517810485572 0.05367051386770836 0.02529266587924912
9 0.876737911947188 0.5815995863133676 0.0599568814588892 0.027073420688572547
3 0.8955190538553129 0.3135390670760739 0.06002961664124982 0.030198420688572546
3 0.5971562486688198 0.4279488297747636 0.04429551386770818 0.02496528366526398
3 0.4274412010817711 0.3251933959241652 0.04447735182361114 0.03277778366526398
3 0.32424346589941 0.3256696002780017 0.04447735182361114 0.03277778366526398
3 0.2208820765567364 0.3191145546318382 0.055414851823611146 0.03315972958157998
11 0.5084613438429172 0.648410151914615 0.05407055737069442 0.04248016587924912
11 0.8765937480032295 0.6425916500156984 0.07903418977951375 0.041790685116542825
5 0.22095350531833358 0.2549974909295073 0.06355466014423614 0.04749504809323426
5 0.6065097988213196 0.25873503830495137 0.055705792553055744 0.045659729581579975
8 0.7005708829775003 0.3696055617185963 0.06955008700597212 0.036775802902557685
2 0.414415177430417 0.3702157192451429 0.05410692496187508 0.04404266587924912
6 0.31657839589527814 0.4330555143431523 0.05381598423243057 0.03154266587924894
6 0.2992305077868755 0.5947296243246188 0.05853985182361114 0.0332688569862416
0 0.6956301162600004 0.42607381652791976 0.06002961664124999 0.030198420688572546
0 0.6960671805645491 0.47844484837908513 0.06010235182361114 0.033323420688572546
7 0.2912192924561464 0.6536507565386039 0.07605466014423615 0.04793155771188111
1 0.43666942429628486 0.25137395000784923 0.060720600873680655 0.05988592068857255
4 0.8905964709334031 0.37078857188539727 0.09782055737069442 0.044007949544513106
10 0.7926161786646879 0.528241462536903 0.08673758700597212 0.03737600362819702