9 0.1797669683590716 0.6700652637997176 0.06388271753501132 0.030778441558013726
9 0.26993820409104796 0.675528285310073 0.054434942927905364 0.02905230032431163
9 0.36194376757328334 0.6700128965120031 0.051382717535011314 0.030560253246410873
9 0.46357904218038914 0.669802616480231 0.04193494292790554 0.02883411201270878
9 0.554276816787495 0.6697832512211113 0.04349744292790554 0.02886138555165907
9 0.6528234786981539 0.6704087682672398 0.04193494292790554 0.028834112012708957
9 0.7442661160017068 0.669594516238645 0.048330492142117265 0.03206820616851012
9 0.8554947144301301 0.6739080949731708 0.05443494292790554 0.02905230032431163
3 0.845411123240417 0.3902597978952701 0.05130994292790518 0.028997753246410872
3 0.7402698589723935 0.3991320117744181 0.04803939371369381 0.025818206168510206
3 0.6355823589723935 0.40095933888409085 0.04803939371369381 0.02581820616851016
3 0.5376713978475228 0.3971951850684871 0.04178939371369381 0.025709112012708868
3 0.45138929549015805 0.408083866480231 0.04491439371369381 0.025763659090609535
3 0.3658691724546288 0.40175777435302445 0.048112168320799495 0.027380706168510162
3 0.2673588978475229 0.4019135073068959 0.05599744292790545 0.02907957386326192
3 0.17055667245462877 0.405166966721817 0.05741439371369372 0.02598184740221221
11 0.18037058994685884 0.7333874241081432 0.078600188998964 0.04508640340856669
11 0.8709784733214704 0.7377524066615682 0.07889128742738763 0.05133640340856669
5 0.1754581881703945 0.3425305990270653 0.0783818651776464 0.04039890340856669
5 0.8447711143490768 0.3261563875868446 0.07064213978475209 0.041825035713814976
8 0.27139585028594104 0.7403993088490235 0.07576628742738745 0.05128185633066593
8 0.7774104098392349 0.7432950689985885 0.06482878742738762 0.051090941558013546
2 0.2654111000810533 0.34330612053742077 0.067662688998964 0.044895488635914305
2 0.736958614349077 0.3280382617744181 0.06312073821317572 0.047938668019063255
6 0.3626201637681764 0.7348975568204287 0.06133991439185813 0.04322389448011279
6 0.6608949979285762 0.7429831976503889 0.05821491439185813 0.04316934740221221
0 0.6427912373846063 0.33750081088091366 0.05487159057054072 0.03842730032431154
0 0.3555459485094767 0.34798789204777625 0.057923815963434676 0.03691934740221221
1 0.438994149295265 0.343403757713933 0.07249573821317572 0.04810230925276535
4 0.5450258254739474 0.3368616570653099 0.06312073821317572 0.047938668019063255
10 0.5663637479285761 0.7446332467568844 0.0651198858558109 0.057340941558013545
7 0.4620208502859411 0.737071937097082 0.071224336641599 0.05432503571381488