9 0.6890625 0.1515625 0.03125 0.06171875
9 0.69375 0.24296875 0.02890625 0.05234375
9 0.6265625 0.33046875 0.02421875 0.04609375
9 0.684375 0.625 0.028125 0.04140625
9 0.6171875 0.71875 0.025 0.0453125
9 0.684375 0.82578125 0.0296875 0.05390625
3 0.4015625 0.8 0.0265625 0.05390625
3 0.4109375 0.69609375 0.0265625 0.04375
3 0.4140625 0.59296875 0.025 0.04375
3 0.5203125 0.42890625 0.02265625 0.040625
3 0.41796875 0.125 0.02421875 0.059375
11 0.753125 0.15546875 0.04296875 0.075
11 0.746875 0.52578125 0.04375 0.05078125
5 0.3390625 0.79765625 0.0421875 0.065625
5 0.35546875 0.41328125 0.0390625 0.05625
8 0.46796875 0.32265625 0.02890625 0.0640625
2 0.46015625 0.609375 0.03515625 0.0515625
6 0.515625 0.709375 0.02890625 0.0546875
6 0.684375 0.73671875 0.03984375 0.0609375
0 0.52109375 0.32890625 0.0296875 0.059375
0 0.57421875 0.33203125 0.03046875 0.06015625
7 0.74609375 0.75078125 0.05625 0.078125
1 0.34375 0.58125 0.05 0.05859375
4 0.4765625 0.13359375 0.0328125 0.09609375
10 0.6328125 0.2359375 0.04140625 0.08984375