9 0.44945562021691715 0.19588631223938108 0.023728391490547906 0.05109161910658786
9 0.5156396773003137 0.2950365957378271 0.025236349336070062 0.04178939371369372
9 0.4560788458200286 0.3945785233642516 0.02209316861791084 0.03851884449948191
9 0.46884753229372456 0.5755930829175455 0.022093168617910663 0.038518844499482084
9 0.5683622398446592 0.7653341331652145 0.023710210772388506 0.04796661910658777
9 0.4743991372871353 0.8585875194353101 0.023801114363184793 0.06359161910658813
3 0.7430855047735779 0.8601672518575176 0.03470225292686635 0.05785104135632899
3 0.741140688811387 0.6601308645539647 0.03468407220870695 0.05472604135632882
3 0.6797441256778662 0.5783864048768363 0.031486349336070064 0.042080492142117266
3 0.5682748396717086 0.48181315777232037 0.025254530054229285 0.04491439371369381
3 0.621031159248137 0.28666763171747245 0.02837953005422946 0.04505994292790536
3 0.5610834666261211 0.18546469664744988 0.02531816256778665 0.05585189371369372
11 0.4173951583643742 0.8606187462759463 0.030151108313060605 0.08107021753501123
11 0.3899942618056608 0.17827712716935848 0.03636474687674207 0.07511131596343476
5 0.7960276558302913 0.5627143631062227 0.05031816256778647 0.05701628742738727
8 0.5161850988450907 0.3887865957378271 0.03471134328594587 0.059413541356328904
8 0.5228729987234537 0.8670935322555916 0.03170451795398073 0.07958049214211727
2 0.4554561562230749 0.28754727336425157 0.030142017953980728 0.07950771753501122
2 0.5743435533709633 0.5851928688971909 0.036219301131468026 0.050111315963434676
6 0.41947476707021814 0.681076795490158 0.030023843285945873 0.059195217535011224
6 0.7975482074527388 0.28707866232043433 0.050363614363184796 0.06482878742738744
0 0.45975835772388535 0.49003657257846334 0.029987481849627427 0.052945217535011226
7 0.4127202521412993 0.5940669470617346 0.03478406615858276 0.07191354135632899
1 0.7416577975172309 0.48051613916107055 0.0597204336450254 0.06214043507002263
10 0.7977775499531179 0.8634956131062225 0.05992042154477702 0.09651543507002244