9 0.5452239874246889 0.858727643730043 0.024528441558013547 0.06263635538619425
9 0.557688805605908 0.7712912762436004 0.022775026785361162 0.05168976502711473
9 0.5039928356376799 0.6694060684962739 0.022693206168510116 0.04700226502711473
9 0.5837384314150391 0.3979674057320955 0.022665932629560005 0.045439765027114644
9 0.5301515556026126 0.28983219798476906 0.024201159090609537 0.04388635538619425
9 0.6019777370143565 0.20352251414335187 0.025872753246410873 0.05014544574527387
3 0.32416242857237004 0.13939988504764012 0.032286394480112966 0.0595568071815924
3 0.3246106676153214 0.24800727058625954 0.03206820616851021 0.0470568071815924
3 0.31731459050564864 0.3526629543294809 0.032013659090609534 0.0439318071815924
3 0.4107803981368562 0.5485390565924172 0.025763659090609535 0.04389544574527378
3 0.2787046891289722 0.8188919423274283 0.03220457386326192 0.05486930718159222
11 0.6028182991130862 0.8715639870159888 0.03584777110331849 0.08457498789975162
11 0.631020760149565 0.5091912520431034 0.03532957386326192 0.05488748789975162
5 0.2394645056853381 0.5155078670936593 0.04780230032431163 0.05339771077238851
5 0.25955050365344795 0.12574138514583597 0.04812958279171564 0.0721477107723885
8 0.3451496696472116 0.6380101018701528 0.038645488635914306 0.06584316861791084
2 0.36424413758354934 0.3498106651018694 0.043114800324311545 0.05337043969514967
6 0.43212315868686774 0.2658220053627532 0.03066934740221221 0.056422716822512695
6 0.5926242820636622 0.2917583123479538 0.03223184740221221 0.056431807181592394
0 0.4020581887219351 0.6453731499765588 0.03223184740221221 0.05643180718159222
0 0.45499227394928266 0.6566197221852659 0.03061480032431163 0.0532977168225127
7 0.649628258524712 0.29365261045435986 0.04500458279171564 0.07212953005422928
1 0.24243732143092522 0.3451953670936592 0.06361821509696401 0.06442611436318471
4 0.33483195820369566 0.8262504452542945 0.04845686525911965 0.09089771077238851
10 0.49845017330065955 0.7631333425985748 0.03587504464226861 0.08613748789975162