9 0.8611664086966805 0.18610873559118185 0.06293635200509087 0.04004667984777566
9 0.768115842695726 0.18286567186474817 0.055087489337999784 0.03660334486680372
9 0.6775362960295895 0.1904646076440229 0.05354317067154533 0.0381021778706093
9 0.5728397053628168 0.19394904638904711 0.04418635200509051 0.03928267589344294
9 0.4798527740292714 0.1961747326626134 0.04418635200509051 0.03928267589344294
9 0.379053342695726 0.19871875391715166 0.04418635200509069 0.03928267589344299
9 0.2860755020289532 0.20172569019071793 0.05043635200509069 0.03953734387822054
9 0.17506527669477143 0.19999604692051975 0.055087489337999784 0.03660334486680368
3 0.8659106420671332 0.4594825685949875 0.05962953866963616 0.024294345855386902
3 0.7667191640674516 0.4658691728533313 0.05025453866963616 0.023912343878220454
3 0.6713975734006787 0.4689716096211892 0.047165901336727066 0.0269100098858317
3 0.5853964387332697 0.4670045444118808 0.042460220003181705 0.025156508897248565
3 0.4979873454009969 0.47838239619876666 0.04087953866963616 0.023530341901054186
3 0.39874132340067875 0.4800815004571105 0.044022720003181706 0.025220175893442942
3 0.2955981420671333 0.4827210222059404 0.044022720003181706 0.025220175893442942
3 0.19020211740131504 0.49326854444906176 0.054978401336727156 0.027228344866803766
11 0.8588402926877716 0.12054740258737626 0.07870680267345449 0.053183349809719574
11 0.15947609201940818 0.13653838338436647 0.07721702800763604 0.05936968281352519
5 0.1924736894095874 0.5541423774528674 0.06755112667090887 0.033987680836358794
5 0.8627134640754056 0.5205792360854735 0.07539998933799978 0.03743101581733086
8 0.25159086668522646 0.12653203060889737 0.06947725334181776 0.06530134783255324
8 0.7649993860200446 0.11655492235903978 0.07414657200827239 0.0639298488211364
2 0.7728515327418602 0.522677588366651 0.07074885200509051 0.04036501482874755
2 0.3002861894095874 0.5497493547154544 0.05514203333863614 0.04129084486680377
6 0.6767544986871353 0.12327710764402289 0.05999316534054522 0.05554434585538689
6 0.36799711668522644 0.12178883939241518 0.06626134667409059 0.05736151384016443
0 0.6813816480744512 0.5209333576440229 0.05659544533736351 0.03197951186299815
0 0.39315494207508744 0.5373674184418882 0.055014764003817974 0.030353344866803765
7 0.5712221140197263 0.1221058798871443 0.07576361600890884 0.06868101581733078
10 0.46564427601845376 0.11702840213026573 0.06644316000954512 0.07298651384016445
4 0.48925778274186016 0.534233148175933 0.05977498933799978 0.036794345855386726
1 0.5978060794079966 0.5259020419404228 0.07543635200509069 0.04055601581733086