9 0.7128143819014918 0.19835645657224732 0.03341467787060921 0.054580492142117173
9 0.6367373601526618 0.29813382464537785 0.030035009885831698 0.04818494292790545
9 0.6975700893924153 0.39959147084027097 0.0331600098858317 0.048330492142117085
9 0.6797419663509909 0.587399685894083 0.029907675893442943 0.045059942927905536
9 0.5702529253247892 0.7772005864322022 0.02716467787060921 0.05428939371369381
9 0.6703391555531258 0.8757900978047417 0.03379667984777566 0.06395549214211727
3 0.3967424880626398 0.8669607915612166 0.025729511862998145 0.05734161910658777
3 0.40336119707361917 0.6661067669541108 0.02372134288963732 0.046331344499482084
3 0.4630173813700191 0.5851329028099217 0.023530341901054186 0.04164384449948209
3 0.5749364026245573 0.4893731007002258 0.026782675893442943 0.044914393713693636
3 0.5281754436507591 0.29229473945152085 0.025220175893442942 0.04484161910658786
3 0.5925655488976862 0.1911903118250963 0.027037343878220453 0.051164393713693725
11 0.779458053840602 0.17641299007069336 0.05630834980971962 0.08059933664159917
11 0.7343698220550287 0.8795551066960818 0.04712435079830275 0.08485018899896417
5 0.3533704673395742 0.5675022930089587 0.039728344866803676 0.05643409057054054
8 0.622237236579765 0.8845079722880129 0.04718801779449713 0.08641268899896418
8 0.6344161733848039 0.3935190992524838 0.03979201186299815 0.05799659057054054
2 0.5714837973776303 0.5933157380037788 0.036794345855386726 0.060976041356328815
2 0.7033346111412451 0.29653924544737686 0.05056768577927464 0.09280823821317571
6 0.3582621916735927 0.29377369458053526 0.039728344866803766 0.05643409057054054
6 0.733942693613578 0.6979412336605526 0.0446068458553869 0.06133991439185813
0 0.6935272351340713 0.498810220840271 0.04135451186299814 0.0580693651776464
7 0.7485410458947556 0.6086069059102936 0.062176347832553346 0.07151543507002245
1 0.4121499011416826 0.48883579156121665 0.0430443458553869 0.06126713978475227
10 0.3464878200778623 0.8708820041338292 0.04782468775644109 0.10203768899896418