9 0.48464252599726143 0.85 0.02672763605166182 0.059375
9 0.3937113006078677 0.753125 0.026454851411925783 0.05
9 0.4959737972426554 0.56796875 0.024710494985435004 0.04375
9 0.5098186515575751 0.3875 0.02461956677218957 0.040625
9 0.45337608643473803 0.28671875 0.026272994985435005 0.04375
9 0.5217289328320989 0.19296875 0.026454851411925873 0.05
3 0.4097063059516371 0.1765625 0.02810827962517113 0.053125
3 0.34748979928771945 0.27421875 0.030915030878812377 0.0421875
3 0.3980113218532616 0.47109375 0.02618206677218975 0.040625
3 0.2836101895625235 0.56328125 0.032522994985435094 0.04375
3 0.22269777012476671 0.64296875 0.03582985141192578 0.05
3 0.2152931324237522 0.84375 0.03601170783841656 0.05625
11 0.5776295918450144 0.178125 0.033568669437756785 0.0796875
11 0.5415601157307048 0.85390625 0.033523205331134065 0.078125
5 0.16770404473537295 0.54609375 0.054670779625171174 0.053125
8 0.4360231695707707 0.85625 0.033568669437756785 0.0796875
8 0.44915393619731114 0.378125 0.03435827962517113 0.053125
2 0.389496476709542 0.57578125 0.04226170783841656 0.05625
2 0.5144954428612287 0.28046875 0.033477741224511345 0.0765625
6 0.5428822379923132 0.67421875 0.02985263605166182 0.059375
6 0.1702824416075875 0.26953125 0.05788670783841652 0.05625
0 0.5063550192668369 0.4796875 0.029670779625171305 0.053125
7 0.5524140138565605 0.58828125 0.03642088479802066 0.0703125
1 0.22397442827975236 0.46484375 0.06427310015828454 0.0609375
10 0.16214540037044084 0.84453125 0.06844377461060622 0.096875