10 0.7053759774860076 0.83515625 0.032522865691319326 0.0546875
10 0.6326450326725006 0.73125 0.027580792553055743 0.04375
10 0.695233992019306 0.634375 0.032268292553055564 0.04375
10 0.6822943148732296 0.44765625 0.029070557370694416 0.040625
10 0.5785659835668404 0.25390625 0.026236498100139016 0.053125
10 0.6787094943004168 0.159375 0.03270470364722229 0.0625
3 0.4066526563445141 0.1515625 0.027871733282500033 0.05625
3 0.4097452080156253 0.3515625 0.02605466014423623 0.0453125
3 0.4687403079393754 0.4359375 0.022820557370694418 0.040625
3 0.5773360175705212 0.53671875 0.022893292553055743 0.04375
3 0.5263404812857297 0.72890625 0.026091027735416716 0.046875
3 0.5866441612815979 0.8359375 0.0262728656913195 0.0546875
12 0.7692209251493063 0.859375 0.05189111474138901 0.08125
12 0.7419180091180557 0.15625 0.04556837955902786 0.078125
5 0.3556227120996879 0.44296875 0.038736498100138926 0.053125
9 0.6320072934060769 0.63671875 0.03582970364722229 0.0625
9 0.6324520901401043 0.15234375 0.04088087955902786 0.078125
2 0.5756988227570142 0.4328125 0.030996733282499987 0.05625
2 0.6985609734019451 0.74375 0.04088087955902786 0.078125
6 0.7376701862641323 0.34296875 0.042079703647222286 0.0625
6 0.3565910257386464 0.71953125 0.03888196846486114 0.059375
0 0.6913803337749311 0.5359375 0.038736498100139016 0.053125
8 0.7490635875746532 0.4296875 0.054797909194305564 0.071875
1 0.41312804720579904 0.53046875 0.04513196846486114 0.059375
11 0.35727025218420155 0.14453125 0.04912979065319458 0.096875
7 0.7953995093749999 0.9016203703125001 0.761267446875 0.10648148125000001 0.33635275 0.11574074062499999 0.3371515 0.8773148140625 0.7953995093749999 0.9016203703125001