10 0.67265625 0.1484375 0.0296875 0.0625
10 0.6796875 0.23828125 0.02890625 0.05234375
10 0.67578125 0.33046875 0.0296875 0.04921875
10 0.67734375 0.43203125 0.02890625 0.04140625
10 0.67890625 0.52265625 0.02890625 0.0421875
10 0.68125 0.62109375 0.028125 0.04140625
10 0.68203125 0.7125 0.03046875 0.04609375
10 0.68828125 0.8234375 0.028125 0.053125
3 0.4046875 0.8265625 0.02890625 0.05078125
3 0.41171875 0.72109375 0.02578125 0.04609375
3 0.41171875 0.61640625 0.025 0.04609375
3 0.40625 0.51875 0.02578125 0.03984375
3 0.415625 0.43203125 0.025 0.04453125
3 0.4078125 0.346875 0.0265625 0.04765625
3 0.40625 0.2484375 0.028125 0.0546875
3 0.4078125 0.1515625 0.025 0.05703125
12 0.7359375 0.14609375 0.04296875 0.0765625
12 0.75234375 0.8359375 0.04921875 0.0765625
5 0.3453125 0.159375 0.0390625 0.0765625
5 0.340625 0.82890625 0.04140625 0.06875
9 0.74453125 0.23671875 0.05 0.0734375
9 0.75625 0.7421875 0.05078125 0.0625
2 0.34765625 0.24921875 0.04296875 0.065625
2 0.340625 0.72109375 0.04609375 0.0609375
6 0.740625 0.328125 0.0421875 0.06015625
6 0.75390625 0.62578125 0.0421875 0.05625
0 0.3484375 0.6265625 0.03671875 0.05234375
0 0.35390625 0.3390625 0.0359375 0.05703125
1 0.35078125 0.42265625 0.04765625 0.0703125
4 0.34609375 0.52890625 0.04765625 0.0609375
11 0.75390625 0.53125 0.05546875 0.0625
8 0.74453125 0.42734375 0.05390625 0.06953125
7 0.3317057296875 0.1145833328125 0.3212890625 0.874421296875 0.77734375 0.887152778125 0.7552083328125 0.09548611093750001 0.3317057296875 0.1145833328125