10 0.678125 0.146875 0.03046875 0.0625
10 0.68515625 0.2375 0.0296875 0.05546875
10 0.61953125 0.3296875 0.02421875 0.05
10 0.684375 0.61796875 0.02890625 0.0453125
10 0.6203125 0.71796875 0.02578125 0.0453125
10 0.690625 0.8203125 0.0296875 0.05078125
3 0.40625 0.82109375 0.028125 0.05234375
3 0.4140625 0.715625 0.02734375 0.046875
3 0.41484375 0.61171875 0.02421875 0.04375
3 0.515625 0.4359375 0.025 0.04140625
3 0.40703125 0.14140625 0.0265625 0.0578125
12 0.7421875 0.14453125 0.04140625 0.0796875
12 0.74453125 0.515625 0.04296875 0.05
5 0.35 0.434375 0.0390625 0.0546875
5 0.34296875 0.82265625 0.03984375 0.06953125
9 0.46171875 0.33359375 0.0296875 0.065625
2 0.4609375 0.62421875 0.03984375 0.05703125
6 0.51953125 0.71875 0.0296875 0.0546875
6 0.68671875 0.73046875 0.040625 0.059375
0 0.51484375 0.33671875 0.02734375 0.05859375
0 0.56875 0.334375 0.02890625 0.0578125
8 0.74921875 0.740625 0.05703125 0.08046875
1 0.34296875 0.6046875 0.05 0.0640625
4 0.465625 0.1453125 0.0328125 0.09765625
11 0.6234375 0.2328125 0.03984375 0.08828125
7 0.3369140625 0.10532407343750001 0.3229166671875 0.8663194437499999 0.7802734375 0.88773148125 0.76171875 0.0949074078125 0.3369140625 0.10532407343750001