10 0.8112759268093344 0.5859127505570051 0.05013635538619425 0.024019302673454136
10 0.7210276558302914 0.5174269272358681 0.04389544574527395 0.0255090773392725
10 0.6143236587571576 0.574922348583731 0.04389544574527378 0.025509077339272324
10 0.43298730034590116 0.5621876332750027 0.04075226502711473 0.022347714672181596
10 0.2573918818261863 0.4618801926320925 0.053252265027114644 0.02249316534054522
10 0.1516691226528041 0.5537415233131828 0.06263635538619425 0.02416475334181776
3 0.18292717125018948 0.2861722153087284 0.058003397540672005 0.03348520934118149
3 0.3806243278660478 0.29090352661522967 0.04706589754067201 0.033357940006363315
3 0.4544208970496927 0.3517677539385938 0.040788626463433175 0.028597714672181595
3 0.5394549480829649 0.4640672119271397 0.04075226502711473 0.022347714672181596
3 0.7391731469514967 0.4133025012333228 0.047020445745273774 0.025545440006363405
3 0.8317151709556019 0.4731673025541415 0.053252265027114734 0.02249316534054522
12 0.14028671593874995 0.6116903833147737 0.07830680718159236 0.032159066677272106
12 0.8217821556338997 0.6459508218889597 0.07209316861791075 0.038336341343090476
5 0.4818732104778009 0.23581548993477575 0.051853391490547726 0.05059998400699968
9 0.1490617522394952 0.5084562953135009 0.08454771682251275 0.030669292011454095
9 0.6264736799325924 0.5146206479153675 0.05486930718159222 0.031886346674090585
2 0.43471745110802706 0.45669161127468455 0.050181807181592396 0.03183180267345413
2 0.7221679750139363 0.5791365865690954 0.07830680718159222 0.032159066677272106
6 0.7592487767345796 0.23805705323045928 0.06279089149054773 0.050727253341817755
6 0.3207600111182898 0.6103716892902747 0.05953862646343318 0.028815890674727028
0 0.5189838876799188 0.5713439099300033 0.0532977168225127 0.03030566534054522
8 0.40676114363184707 0.6203092159452753 0.07054884933607006 0.04144316000954511
1 0.557986258584207 0.29196494525782163 0.05969316256778647 0.05537839067472685
11 0.18183230386194266 0.23227505597550113 0.09409543364502548 0.06046588001272664
7 0.0881874859375 0.634433528125 0.86220409375 0.6752350890625001 0.9191970968750001 0.2253227546875 0.1557865390625 0.21695206875 0.0881874859375 0.634433528125