10 0.6237120646786365 0.8671566107574502 0.042501760515449585 0.06607953333863606
10 0.6337255517883377 0.7805014954248595 0.03099105042954129 0.055014764003817974
10 0.6345687567858633 0.6898310420909958 0.03090916327441153 0.05345226400381797
10 0.6414948654468621 0.5875054734245413 0.03033595318850324 0.04251476400381797
10 0.6477658768668227 0.4976799047580867 0.03198034034363317 0.044095445337363516
10 0.6553913483726918 0.3969259267584049 0.030417840343632995 0.04407726400381806
10 0.6600589162150877 0.3078634267584049 0.03222600180902226 0.04878294533736342
10 0.6720410170741703 0.19856115209258665 0.030827276119281776 0.05188976400381797
3 0.35722392752350673 0.8656191933879519 0.029510437584671045 0.05655908267027243
3 0.36246470545181086 0.765619193387952 0.029346663274411534 0.05343408267027261
3 0.3682410719147257 0.6703157840547247 0.027456614653892507 0.047165901336727246
3 0.3797351718692972 0.5852413500556792 0.028855340343632997 0.044059082670272434
3 0.3757271025565633 0.4976413527211793 0.027129066033373485 0.04091590133672725
3 0.3854097190194781 0.4023833967218156 0.027292840343632996 0.0440409013367272
3 0.3909780455683013 0.29613339672181566 0.030417840343632995 0.04407726400381797
3 0.3917360413844298 0.1921726027211793 0.032389776119281774 0.05190794533736347
12 0.6851032660581174 0.8741247734324954 0.048008132066747145 0.08175907733927232
12 0.7359364207376433 0.18757874610117717 0.050723696291098366 0.07398294000636332
5 0.32713795284981906 0.18673057737904336 0.0442280348257091 0.06922271467218159
5 0.29517430687672036 0.8562981900461342 0.04447369629109836 0.07391021467218124
9 0.6985283582107729 0.7820372707669954 0.057219357756487635 0.07874316534054522
9 0.7365328850074231 0.28061113076858624 0.056072937584671224 0.05686816534054513
2 0.3206655455683013 0.2953152367122706 0.049822937584671045 0.056795440006363315
2 0.30292593114155136 0.768053302713225 0.050478034825709096 0.06929544000636341
6 0.6978090632082984 0.6913486360995863 0.04390048620519007 0.0629727146721816
6 0.7282113726829513 0.3946463587682681 0.04357293758467105 0.056722714672181596
0 0.32356481626051614 0.3891561433799978 0.041846663274411534 0.053579533338636055
0 0.3123219425615121 0.6782640967138616 0.042256099050060315 0.061392033338636055
8 0.7076145104039079 0.5937469301002226 0.056973696291098365 0.07405566534054522
11 0.7232571997976013 0.4891776087682681 0.05936171189493056 0.060029528007635946
4 0.31532186906490667 0.4867760307129069 0.050068599050060315 0.06148294000636341
1 0.31444104251608357 0.5930805747135433 0.05055992198083885 0.0708579400063634
7 0.7027015640625 0.923665171875 0.7649030734375 0.1345557359375 0.30880187187499997 0.142566821875 0.2807295296875 0.901962440625 0.7027015640625 0.923665171875