10 0.66875 0.14921875 0.028125 0.059375
10 0.67734375 0.2390625 0.028125 0.0546875
10 0.675 0.3296875 0.03125 0.05234375
10 0.67890625 0.43046875 0.0296875 0.04375
10 0.68359375 0.52109375 0.0296875 0.04609375
10 0.6890625 0.62109375 0.0296875 0.04609375
10 0.69140625 0.71171875 0.03203125 0.0484375
10 0.7 0.82109375 0.0296875 0.0546875
3 0.4171875 0.84765625 0.02734375 0.0546875
3 0.42109375 0.740625 0.02734375 0.0484375
3 0.41796875 0.6359375 0.025 0.0453125
3 0.4109375 0.53671875 0.025 0.04140625
3 0.4171875 0.44921875 0.02578125 0.04453125
3 0.40859375 0.3671875 0.02578125 0.04609375
3 0.4046875 0.2703125 0.02578125 0.04921875
3 0.40390625 0.17109375 0.025 0.05859375
12 0.73125 0.140625 0.04296875 0.078125
12 0.76484375 0.83125 0.05 0.07734375
5 0.353125 0.85703125 0.03984375 0.07578125
5 0.34140625 0.1828125 0.040625 0.0734375
9 0.76875 0.734375 0.05625 0.05703125
9 0.74140625 0.23203125 0.05 0.07265625
2 0.35 0.74609375 0.04765625 0.059375
2 0.34453125 0.27421875 0.04609375 0.0609375
6 0.73828125 0.32265625 0.04140625 0.06171875
6 0.76171875 0.6203125 0.0453125 0.059375
0 0.353125 0.36015625 0.0359375 0.05234375
0 0.35625 0.65078125 0.03671875 0.0546875
1 0.353125 0.44609375 0.046875 0.06640625
4 0.35078125 0.553125 0.04609375 0.06171875
11 0.759375 0.5265625 0.05703125 0.06171875
8 0.7453125 0.42109375 0.05546875 0.07109375
7 0.3255208328125 0.13773148125 0.3330078125 0.9010416671874999 0.7906901046875 0.8796296296874999 0.7493489578125 0.0896990734375 0.3255208328125 0.13773148125