10 0.532360411856666 0.8025255503433797 0.02460126291777769 0.05095500494291585
10 0.46897201871427024 0.7091058141835442 0.025945557370694417 0.04164367193911023
10 0.5315103459365966 0.6043108848300601 0.022747822188333443 0.03839133794672147
10 0.523992052717951 0.42431963730151806 0.022747822188333443 0.03839133794672165
10 0.429864112272847 0.24317440806176477 0.024528527735416715 0.04783000494291585
10 0.5266683367216318 0.1416663047920041 0.024892203647222288 0.06345500494291585
3 0.2576637635833679 0.16355452813743943 0.03568423328249999 0.05765067391627663
3 0.25378996191225667 0.3635226946393423 0.03561149810013893 0.054525673916276676
3 0.3128908985576385 0.43994593178776087 0.03219555737069442 0.04189833992388792
3 0.42170089447357595 0.5268318250579591 0.026018292553055745 0.04476867193911023
3 0.3631941441892355 0.7266845864266657 0.029143292553055568 0.04489600593149916
3 0.42027798594486043 0.8227027405712788 0.0262728656913195 0.055706171939110406
12 0.5838086894951735 0.13465495943090883 0.029979747150208347 0.08083350593149906
12 0.5913899197404506 0.814949954487993 0.037646776785486225 0.07490184091247096
5 0.195993686076701 0.46578287300424315 0.0512728656913195 0.05672484387822045
9 0.4711540741851037 0.6153558141835442 0.035720600873680654 0.059213173916276673
9 0.47837630708635404 0.13738998167403021 0.03306837955902786 0.07939833992388783
2 0.5290191659407285 0.7113421348300601 0.03150587955902786 0.07933467292769336
2 0.41863240549149267 0.42392965954463957 0.0370648953265972 0.04990184091247092
6 0.5765014165094093 0.31446979342329756 0.031033100873680653 0.05902217292769345
6 0.1864498062333327 0.741691456996632 0.05145470364722229 0.06453734387822045
0 0.5306037689986106 0.509125718822449 0.030887630508958354 0.05277217292769336
8 0.5807330151988885 0.40093387543852 0.0360115416031249 0.07171317391627667
1 0.2480451889264926 0.5432738616355366 0.06075696846486114 0.0617943458553869
11 0.20299444737895816 0.16500162300424312 0.061557055470833434 0.0961693458553869
7 0.19126715 0.1379014859375 0.170611628125 0.8995949375000001 0.6194868812500001 0.8541313921875 0.6085511593749999 0.080427625 0.19126715 0.1379014859375