10 0.22340776206571755 0.18697471247102043 0.03623016587924912 0.054525673916276586
10 0.30257196161023064 0.2869375617864484 0.032886911069925695 0.048148339923887826
10 0.24216522966639795 0.38901471494247836 0.03590278366526398 0.045150673916276675
10 0.3281771738534334 0.6850713142579063 0.031378974772256464 0.04964717292769336
10 0.2683061552491119 0.7801490509120335 0.03628472958157989 0.05608817391627667
10 0.28087313183546697 0.8719373028891997 0.03655754809323426 0.06390067391627667
3 0.5143229387447399 0.18478610726127442 0.02529266587924912 0.05408000494291585
3 0.5149355523544035 0.29169002326888566 0.02496528366526398 0.04470500494291585
3 0.52166175670824 0.3949423572612744 0.02496528366526398 0.04470500494291585
3 0.43195195988095014 0.5738393369953194 0.02485615626060227 0.041580004942915846
3 0.5568354311098276 0.866018861215607 0.023839293283910833 0.057141337946721646
12 0.18747278438305415 0.49834595258518866 0.05821429328391083 0.05854201186299797
12 0.213876604793625 0.874668372052841 0.0542906851165428 0.08022601087441501
5 0.5948785458157995 0.5703362880976333 0.033105165879249124 0.054398339923887915
5 0.5757961520842511 0.1802697036109529 0.03370536660488845 0.07158583992388783
9 0.49236615942546313 0.6730381823564147 0.03187004809323426 0.06370967292769336
2 0.47217018819658574 0.3851243468811511 0.03299603847458741 0.05127333992388783
6 0.40868555235440346 0.28736066752766704 0.03154266587924912 0.05433467292769345
6 0.23045142494974175 0.2769776299615064 0.049166675497895974 0.06753500988583169
0 0.43778778683012487 0.6739348374896109 0.030198420688572546 0.060521005931498985
0 0.3817287597882829 0.6771115756266128 0.03644842068857255 0.060775673916276675
8 0.16549854754508006 0.27121044961943913 0.07136905771188107 0.07780134783255317
1 0.5897123522617364 0.4000556215957305 0.04275298439090349 0.06259284190105419
4 0.498268962960993 0.8644125988583173 0.03608632213985139 0.09508700692008247
11 0.32916180969561565 0.7802883137636147 0.049821439925866254 0.0862850098858317
7 0.1321129046875 0.125004403125 0.20225810000000002 0.9236037171874999 0.629839528125 0.8994189453124999 0.59667373125 0.13584348125 0.1321129046875 0.125004403125