10 0.8218451412304069 0.490625 0.04731137662320535 0.025
10 0.7254144261334428 0.4265625 0.041061376623205345 0.025
10 0.625696844152506 0.4875 0.04103410308425506 0.0234375
10 0.4466814999967047 0.48125 0.04100682954530477 0.021875
10 0.2543655405817836 0.384375 0.047311376623205434 0.025
10 0.1662127499967047 0.48125 0.05978410308425506 0.0234375
3 0.1591506777582959 0.2109375 0.056850017856907485 0.034375
3 0.35756090421934555 0.209375 0.04750229139585782 0.0359375
3 0.4398200251605081 0.2671875 0.041225017856907444 0.034375
3 0.5386314464259823 0.378125 0.0411159237011061 0.028125
3 0.7321263019458695 0.31875 0.047420470779006865 0.03125
3 0.8354791728870319 0.3765625 0.05679547077900686 0.03125
12 0.16250709739891694 0.5375 0.07551819724005648 0.0296875
12 0.841576988632619 0.546875 0.07242047077900686 0.03125
5 0.45261825973923264 0.15 0.05723184740221221 0.05625
9 0.6324320393639676 0.42578125 0.0569045649348082 0.0375
9 0.15599227028924417 0.4328125 0.07872501785690744 0.034375
2 0.4362058758091313 0.3734375 0.05698638555165925 0.0421875
2 0.7319332073830309 0.48671875 0.0770806972400564 0.0296875
6 0.729839278813956 0.14296875 0.06041139448011279 0.059375
6 0.3428531164736405 0.53046875 0.058303423701106104 0.028125
0 0.5311655941525061 0.4875 0.053643197240056395 0.0296875
8 0.4281184606294418 0.53671875 0.06932274431795715 0.0328125
1 0.537125673294069 0.20234375 0.062082988635914306 0.065625
11 0.15505746712555882 0.15546875 0.09802048863591431 0.065625
7 0.1139737765625 0.5618489578125 0.8827366218750001 0.5758463546875 0.8836612640625001 0.1315104171875 0.125832146875 0.1471354171875 0.1139737765625 0.5618489578125