10 0.7156944691304512 0.19835645657224732 0.03248649810013902 0.054580492142117173
10 0.6414192081125345 0.29813382464537785 0.029216027735416716 0.04818494292790545
10 0.7039717998681594 0.39959147084027097 0.032341027735416715 0.048330492142117085
10 0.6894332551309024 0.587399685894083 0.029143292553055745 0.045059942927905536
10 0.5833429900289231 0.7772005864322022 0.026236498100139016 0.05428939371369381
10 0.6850671845580896 0.8757900978047417 0.034267203647222286 0.06402826674922295
3 0.41153876558013813 0.8669607915612166 0.024746733282500034 0.05734161910658777
3 0.41464950104683973 0.6661067669541108 0.02292966014423605 0.046331344499482084
3 0.4728451671749996 0.5851329028099217 0.022820557370694418 0.04164384449948209
3 0.5830033768061454 0.4893731007002258 0.026018292553055565 0.044914393713693636
3 0.5328436419081248 0.29229473945152085 0.024455792553055567 0.04484161910658786
3 0.5954183367216318 0.1911903118250963 0.026163762917777868 0.051164393713693725
12 0.7819013505893402 0.17641299007069336 0.05494337955902786 0.08059933664159917
12 0.7491115007624993 0.8795551066960818 0.0472399823325695 0.08492296360606985
5 0.362979857904444 0.5675022930089587 0.038772865691319505 0.05643409057054054
9 0.6371563614198257 0.8845079722880129 0.04571384992375016 0.08641268899896418
9 0.6407632850505205 0.3935190992524838 0.03880923328249999 0.05799659057054054
2 0.5813661819926385 0.5933157380037788 0.035756968464861136 0.060976041356328815
2 0.7079345608860762 0.29653924544737686 0.048984320288472286 0.09280823821317571
6 0.3630941863610414 0.29377369458053526 0.038772865691319505 0.05643409057054054
6 0.7455176413394439 0.6979412336605526 0.043569468464861316 0.06133991439185813
0 0.701662457828194 0.498810220840271 0.04037173328249999 0.0580693651776464
8 0.758546277832326 0.6086069059102936 0.06097517401194459 0.07151543507002245
1 0.4203397226458329 0.48883579156121665 0.04200696846486114 0.06126713978475227
11 0.36139329521541597 0.8708820041338292 0.04607752583555565 0.10203768899896418
7 0.7659196328125 0.9330570843749999 0.806330878125 0.13488308124999998 0.3455191109375 0.136014340625 0.3394985578125 0.8987129265625 0.7659196328125 0.9330570843749999