10 0.8131873224805526 0.856415607216778 0.06462906603337366 0.041352253341818114
10 0.720508499549774 0.8668633058959593 0.056816566033373664 0.04126134667409076
10 0.6311018407979183 0.7999763452419133 0.050484678878243726 0.03962612133990895
10 0.3218662816619497 0.8754057959500479 0.05212906603337357 0.04120680267345449
10 0.223824929332529 0.8094000826305017 0.0552540660333735 0.041243165340545215
10 0.1168102894638658 0.884818800644501 0.061585953188503316 0.04287839067472703
3 0.14523734113660253 0.5807670999761374 0.05443519448207601 0.02561816534054522
3 0.2535444860936484 0.584972247294729 0.04810330732694634 0.023982940006363408
3 0.35831387324877817 0.5821915979471843 0.04489642017181659 0.022384077339272324
3 0.52778649027752 0.6856240385900945 0.04530585594746519 0.030196577339272324
3 0.8337233090244268 0.568851972549369 0.06208392017181623 0.022584072008272393
12 0.42878798903432447 0.9358427619350937 0.057799211894930556 0.06001134667409076
12 0.8089258683875382 0.9228309478835509 0.0811548247398008 0.05872156667727211
5 0.150733746609098 0.5205835779758192 0.07343085594746528 0.030523841343090476
5 0.542099053031533 0.5168104039226854 0.05616146879233561 0.028761346674090405
9 0.6356266457500153 0.6242496392425496 0.07046963025772471 0.03361247867599957
2 0.3406859599743666 0.6354893206158659 0.07071529172311405 0.03829997867599957
6 0.23667016734674143 0.6983807666295471 0.05821529172311406 0.03815452800763595
6 0.2106012330414307 0.8829466706317743 0.06561171189493056 0.060102253341817756
0 0.6301025848050245 0.7445530485757769 0.06479284034363317 0.044477253341817756
0 0.6316108531223902 0.6859774799093223 0.06446529172311415 0.03822725334181776
8 0.19601975463815674 0.9526051899665923 0.08205558344622807 0.07590906667727211
1 0.3710871901866629 0.5172387599459116 0.06101274310259504 0.03194089067472685
4 0.828885322819237 0.6313701538829145 0.09908595318850325 0.04331474267981754
11 0.7283486550222695 0.8066525118953229 0.09233798620519007 0.06353633601209055
7 0.8739349359374999 0.49570705937500004 0.1087705515625 0.4958268515625 0.045702884375 0.9708806593749999 0.8544275765625 0.9341432203125001 0.8739349359374999 0.49570705937500004