10 0.18650777475176042 0.5105727786441829 0.05583350593149907 0.028761346674090405
10 0.28718159539827637 0.44921656063018356 0.041580004942915846 0.023910214672181594
10 0.3827925257403436 0.5129785212842295 0.043078837946721474 0.022365896005727137
10 0.5640743592384407 0.5116507365929579 0.04151633794672147 0.022347714672181596
10 0.7620078404553604 0.4202428445655956 0.05270850593149916 0.028724984006999677
10 0.8457700282118015 0.5193155965547779 0.06189250494291585 0.024146572008272395
3 0.8739136383644635 0.2508923132161417 0.060775673916276675 0.03506589067472685
3 0.6735634698853943 0.2446257739099587 0.04983817391627667 0.03493862133990877
3 0.5874468977560034 0.2987780192552763 0.04502333992388792 0.0317590773392725
3 0.4800575034972222 0.4063279846037756 0.04945617193911023 0.02556362133990877
3 0.2890704061589605 0.34211258529600175 0.05277217292769336 0.030287484006999675
3 0.18576633402956982 0.39646482531031924 0.05427100593149907 0.028743165340545128
12 0.15989353661475852 0.5671591333147736 0.07471083992388783 0.03210452267663584
12 0.8441557900747997 0.5756110498886414 0.07620967292769336 0.03056020401018138
5 0.5826718730414242 0.1815905192552763 0.06153967787060921 0.0538158906747269
9 0.8594531848278726 0.4714775332193234 0.08252333992388791 0.03219542934436319
9 0.3811225963868595 0.4528131806174568 0.06090300790866543 0.03819089067472685
2 0.5824012534972222 0.405137107256549 0.054716674904859805 0.03968066534054504
2 0.27557027475176044 0.5095364426320925 0.07458350593149907 0.028979522676635838
6 0.6654896206071473 0.5644024719128222 0.05739600593149916 0.028779528007635946
6 0.30690786908709144 0.16604043395927462 0.055353344866803766 0.05530566534054513
0 0.47823235973273237 0.5149944599379574 0.05745967292769336 0.030342028007635947
8 0.5780532876033417 0.5669831265913671 0.07015067391627668 0.03517497867599957
1 0.4948973004177419 0.23341719593413943 0.06348417984777566 0.06320907200827239
11 0.8810921269957568 0.19687697521486908 0.10085684585538672 0.060520424013362994
7 0.11628693125 0.594632446875 0.8935705 0.6018716921875 0.9102502953125 0.187093109375 0.1537637125 0.150301103125 0.11628693125 0.594632446875