10 0.814221212706539 0.11539616559002186 0.04124504809323426 0.0631818384737585
10 0.820404236120184 0.20663877435631983 0.03946429328391084 0.05690456493480818
10 0.7514508502780017 0.3030967629922341 0.036121038474587405 0.050600017856907445
10 0.8160291831328083 0.6002251331226177 0.04059028366526398 0.04443183847375849
10 0.7468302606301371 0.703714371758532 0.03913691106992552 0.0475295649348082
10 0.8190921518297969 0.8031728551194405 0.040917665879249034 0.053806838473758486
3 0.5303273623437192 0.12894006290950855 0.02400298439090349 0.06131932954530476
3 0.6357762318590147 0.4183280710271834 0.02965278366526398 0.044240923701106105
3 0.5279116242398008 0.6005696010589554 0.02658234736759475 0.04574887662320535
3 0.5281893880347989 0.7044076672115797 0.02496528366526398 0.04415910308425506
3 0.5189830244251352 0.8115343745979059 0.026855165879248945 0.05356137662320535
12 0.8791468082600353 0.11192056372358275 0.05601687622353566 0.08373980032431154
12 0.8801140197006297 0.48667510187302965 0.05999504809323426 0.06350912094116268
5 0.4707415089008567 0.4266741793864443 0.030089293283910835 0.0567409237011061
5 0.459526178871639 0.8149145190780187 0.030471239200226742 0.06767842370110629
9 0.5791393406593548 0.3185968522767715 0.03197917549789597 0.06614319724005649
2 0.579818864621154 0.6121559375041191 0.034667665879248945 0.05369774431795715
6 0.6381546650766409 0.7079536327155808 0.036339293283910834 0.056850017856907444
6 0.8189954373091595 0.7165086521973413 0.05865080290255768 0.06973184740221221
0 0.6377876543616857 0.31601159456613376 0.03499504809323426 0.06307274431795715
0 0.6957092817663474 0.3118774736249712 0.03979167549789597 0.0662795649348082
8 0.8861283736068287 0.7168983900224767 0.07772818511654264 0.0794341298696164
1 0.4640400971979588 0.5962190661559195 0.03650298439090331 0.06153751785690744
4 0.5904836123437193 0.12789003165992047 0.03781251324684387 0.09903751785690745
11 0.7595758635248456 0.20457744237538308 0.0625396947351895 0.09166139448011294
7 0.4585211671875 0.098413059375 0.43483589375 0.8605147000000001 0.9038327609374999 0.8638953468749999 0.894732753125 0.0624597609375 0.4585211671875 0.098413059375