10 0.1484375 0.3342573376750565 0.0625 0.032598484284234355
10 0.23828125 0.33141062758364326 0.053125 0.030599336641599174
10 0.33046875 0.33961057940288886 0.05 0.03201628742738745
10 0.43203125 0.3427784288647696 0.040625 0.03001713978475227
10 0.52265625 0.3454368560769093 0.0421875 0.03008991439185813
10 0.62109375 0.34767790632457835 0.040625 0.03001713978475227
10 0.7125 0.351153970840271 0.046875 0.03343323821317572
10 0.8234375 0.3500709679447868 0.053125 0.030599336641599174
3 0.8265625 0.6338102671589986 0.05 0.030453787427387448
3 0.72109375 0.6218667311793532 0.046875 0.02718323821317572
3 0.61640625 0.6169908325032607 0.046875 0.02718323821317572
3 0.51875 0.6179111695591446 0.040625 0.026892139784752266
3 0.43203125 0.6044971788647696 0.04375 0.027037688998963992
3 0.346875 0.6083434627775003 0.046875 0.02874573821317572
3 0.2484375 0.6053211625298314 0.0546875 0.030672111248705038
3 0.1515625 0.5992466368892682 0.05625 0.02761988585581072
12 0.14609375 0.2708669257643977 0.0765625 0.04731595574818694
12 0.8359375 0.28659066480163375 0.0765625 0.05356595574818694
5 0.159375 0.6621105099247975 0.0765625 0.04262845574818712
5 0.82890625 0.6979819290696574 0.06875 0.045389582712657625
9 0.23671875 0.2664941029765374 0.0734375 0.053420406533975305
9 0.7421875 0.2783179383752823 0.0625 0.05291098428423435
2 0.24921875 0.6639512998333842 0.065625 0.0468065334984459
2 0.72109375 0.6929604811793532 0.0609375 0.049713209677128486
6 0.328125 0.27465766749223003 0.059375 0.044952935070022626
6 0.62578125 0.2752399801458959 0.05625 0.0448073858558109
0 0.6265625 0.6807451174494489 0.053125 0.039974336641598995
0 0.3390625 0.6618858397419711 0.05625 0.03855738585581072
1 0.42265625 0.6689042812221345 0.0703125 0.050149857319763666
4 0.52890625 0.6785404545053326 0.0609375 0.049713209677128486
11 0.53125 0.2708371164159915 0.0625 0.05916098428423426
8 0.42734375 0.275372605043452 0.06875 0.05632708271265772
7 0.1145833328125 0.6736310750000001 0.874421296875 0.7194377640625 0.887152778125 0.26397605468749996 0.09548611093750001 0.24923900468750002 0.1145833328125 0.6736310750000001