10 0.5010125440979633 0.08827136816039552 0.02671298620519007 0.06372830732694627
10 0.4840087505658269 0.17486396540143354 0.024659163274411533 0.0542714201718165
10 0.5317291983272632 0.275204802127022 0.024331614653892684 0.048021420171816584
10 0.44108210764494593 0.5479672727283799 0.025812227498762753 0.04654080732694617
10 0.48773470036342825 0.6538178030315331 0.02408595318850324 0.04333392017181659
10 0.41489034260694063 0.7355458378572421 0.027456614653892687 0.0481851944820761
3 0.6871947105401934 0.802301811399276 0.04357293758467105 0.05837906603337366
3 0.6927630370890167 0.6960518113992761 0.03839411465389251 0.04875840456798421
3 0.70528072648271 0.5909958192011923 0.03683161465389269 0.048676517412854635
3 0.6211900887617533 0.3967312420865422 0.030417840343633172 0.04522396879233561
3 0.7662380744011166 0.12657147105564306 0.03715916327441153 0.054926517412854536
12 0.44636266564926075 0.0755533621675017 0.032219357756487634 0.07959896879233552
12 0.40265145070211245 0.4338948066495778 0.03090916327441153 0.05459896879233561
5 0.7519189518337662 0.8160500508838264 0.05368492198083885 0.0729328889641521
5 0.7910588534610744 0.42600490502226956 0.0526203889641522 0.05262038896415215
9 0.6921410758714546 0.3065322879935278 0.04562676051544958 0.06783595318850325
6 0.5878232315710926 0.6766201379480993 0.03724105042954129 0.056489017412854635
6 0.42794694256151206 0.6499392085040286 0.03247166327441153 0.05468085594746519
0 0.635642092379798 0.29936491915576374 0.03921298620519007 0.0643834045679843
0 0.5816506331984008 0.288949719585305 0.03608798620519007 0.06421963025772479
8 0.37687576549229057 0.6432664846233104 0.03937676051544958 0.06750840456798421
1 0.7821331535519315 0.5963174050222695 0.07194359905006031 0.0645405348257091
4 0.7129869216421545 0.11689657790761951 0.057874454997525505 0.09340916327441154
11 0.5428514840574834 0.18190850350650298 0.0391244549975255 0.09242651741285454
2 0.65762447648271 0.5934933774326497 0.048014776119281774 0.05393722749876275
7 0.4282377765625 0.023726149999999998 0.32450105156250003 0.7828739703125 0.76187155625 0.8615244640625 0.83426729375 0.1057504953125 0.4282377765625 0.023726149999999998