10 0.6149710290964457 0.8435912940801782 0.026818564264907252 0.06279090133672724
10 0.5175528083259054 0.7432725734006788 0.023284387305303154 0.04869203866963616
10 0.6113840616911178 0.5592708380808145 0.02461956677218975 0.0408977200031817
10 0.6161755471096415 0.37501401674885987 0.024710494985435004 0.044022720003181706
10 0.5538226481258558 0.271979376074133 0.02461956677218957 0.0408977200031817
10 0.6197993376218722 0.17746685475013252 0.029670779625171128 0.05345226400381797
3 0.345902780350087 0.8295266047103617 0.03284124373179385 0.0550511266709087
3 0.3431629105957611 0.6280004673774525 0.02948892319868044 0.047202264003817974
3 0.3995061873179384 0.5513385173854066 0.029397994985435095 0.04407726400381797
3 0.5062215370805115 0.46120496073358785 0.026136602665567034 0.039353401336727066
3 0.450379399379497 0.25984190806013363 0.026454851411925873 0.05029090133672707
3 0.5053731247688908 0.16363961740131505 0.026454851411925873 0.05029090133672711
12 0.6810179824490228 0.1609975174251776 0.04602320533113406 0.07863407733927245
12 0.6737011714163138 0.8489605940881322 0.04124477711788863 0.07545453333863605
5 0.28402593982522084 0.5281271893698165 0.04846624373179385 0.055232940006363404
9 0.555791976576528 0.36650153540736025 0.03454013605166182 0.059756808004454334
9 0.5675193675762478 0.8500680134070422 0.03526756175762476 0.08475680800445459
2 0.5053386501709198 0.5650657573997242 0.032704851411925875 0.05036362667090888
2 0.6161635237526764 0.26723787941595073 0.033523205331134065 0.07848862667090888
6 0.6645438171013941 0.6684463907542687 0.03297763605166182 0.05973862667090888
6 0.273680507059629 0.25309991736949833 0.05181856426490725 0.06308180267345423
0 0.6158920537735589 0.472633904081769 0.03284124373179385 0.055051126670908876
8 0.6721540771305239 0.581064569422314 0.04575042069139812 0.06925907733927232
1 0.33724421654739817 0.4514288767106798 0.05489810015828454 0.06155566534054522
11 0.29282324445670965 0.8304709393698164 0.05755173871722885 0.09907384667409067
7 0.69823293125 0.9024976875 0.70795193125 0.1181542421875 0.25461361718750003 0.0943669265625 0.2778002375 0.8576884734375 0.69823293125 0.9024976875