10 0.16635085481581152 0.4262301393855613 0.063810194482076 0.02718254809323426
10 0.2542636126177277 0.41611604020386794 0.05435330732694634 0.02529266587924912
10 0.35268782451265823 0.4721626543616857 0.04810330732694625 0.025074411069925695
10 0.6306213947299033 0.3990599379421316 0.041935194482076096 0.026418656260602268
10 0.7337331066248338 0.4549428609929569 0.041853307326946344 0.02485615626060227
10 0.8263466525318194 0.3851809432996093 0.0544351944820761 0.02685516587924912
3 0.8637016468776098 0.6648585196158118 0.056489017412854635 0.036284729581580064
3 0.7571240982570908 0.66231885137431 0.050239017412854636 0.03606647477225646
3 0.6532587918346557 0.666728587579312 0.04695024310259512 0.03283234736759475
3 0.46730360244096225 0.5683431951985257 0.04522396879233561 0.02965278366526398
3 0.18664450192056395 0.6939806345762378 0.057969630257724794 0.03477679328391083
12 0.15937383649844583 0.3677727986413884 0.08132524310259504 0.034032748818873595
12 0.5222865943003618 0.34805548784946444 0.056489017412854635 0.03628472958157998
5 0.4840827459276701 0.7391641266868716 0.057144114653892686 0.04878472958158007
5 0.8733499638154946 0.7294840148064884 0.07128850180902227 0.05083830290255768
9 0.37045625791345776 0.6319915221477006 0.06915279172311398 0.039846239200226743
2 0.659436870758328 0.6203347372164922 0.057226001809022264 0.05034722958158007
6 0.747526690975573 0.5538615106301371 0.0548446302577247 0.034667665879248945
6 0.7375298139972086 0.39297857433246797 0.057969630257724704 0.03477679328391083
0 0.36898893317365694 0.5741244584453697 0.057887743102595035 0.03321429328391083
0 0.3623394634768103 0.5219171177011969 0.057723968792335524 0.030089293283910835
8 0.7400096828349726 0.33575635137431004 0.07408595318850324 0.0446974303072194
1 0.6555859317033189 0.7410019012816428 0.06421298620519007 0.06462798439090331
4 0.18139375791345777 0.6385937301297341 0.09612472749876275 0.04858632213985139
11 0.2581565745126582 0.4754637583527025 0.08617651741285455 0.03732143992586625
7 0.158282621875 0.763455534375 0.9184617796874999 0.7434318249999999 0.88164315625 0.2953289171875 0.10630227343750001 0.3468631609375 0.158282621875 0.763455534375