10 0.13985174598186448 0.12947924835064736 0.06297271467218155 0.04244356426490725
10 0.23214833398313717 0.11742186605990916 0.055160214672181594 0.04221624373179385
10 0.32432619597391027 0.18268550171585965 0.04887385200509069 0.038909387305303154
10 0.6306312873170008 0.10192226887112547 0.0504727146721816 0.042079851411925794
10 0.7314119899745466 0.1661546019406512 0.05359771467218159 0.04217077962517117
10 0.8354006033179552 0.08893522090355425 0.059865896005727136 0.04391513605166186
3 0.8193643339433663 0.3932051837565357 0.053415901336727155 0.02654577962517113
3 0.7108342186107752 0.390896189166812 0.0471477200031817 0.02480142319868044
3 0.6061285372772298 0.3955047843105317 0.04400453866963616 0.023147994985435093
3 0.4323557772915473 0.295128014252272 0.044095445337363516 0.030960494985435006
3 0.13103763060950263 0.41713837272382676 0.06119203866963625 0.023648100158284537
12 0.5211931999920458 0.043408738388024504 0.05537839067472685 0.060966243731793844
12 0.14140570265754587 0.06305026629733601 0.0787977093411815 0.06008570533113407
5 0.8163206026018666 0.4534296299164698 0.07222044533736352 0.0317788489046432
5 0.4249234432686394 0.4640371386254514 0.055014764003817974 0.029716243731793844
9 0.3269682959500478 0.35833035939599156 0.06913180800445443 0.03481292069139794
2 0.6215904526177749 0.3419478752976162 0.06918635200509068 0.03950042069139794
6 0.72308986529282 0.2772966904204533 0.05668635200509069 0.039136707838416565
6 0.7416415126511826 0.09244431730091512 0.06319089067472702 0.06119356426490723
0 0.327587008633047 0.23804059144930295 0.0630090773392725 0.045568564264907255
0 0.32846770862509284 0.29658887734268025 0.06293635200509069 0.03931856426490725
8 0.7533880819939548 0.030615710610061693 0.07899770401018139 0.061231421220123386
1 0.595999011935094 0.4606213189502677 0.05973862667090888 0.03297763605166182
4 0.13332738395132043 0.35459290861720405 0.09734771467218155 0.04344377461060622
11 0.22676085264163753 0.17771450837977723 0.08978975334181778 0.06509145407749281
7 0.9030307328125 0.001709803125 0.0954208921875 0.052543342187499995 0.09379097812500001 0.4909188734375 0.8593137078125 0.47743052343750003 0.9030307328125 0.001709803125