10 0.813713575517783 0.8746856701783173 0.03783319994353027 0.060976041356328635
10 0.700251044018339 0.78603408498446 0.028094178896842868 0.05428939371369381
10 0.7850223442159832 0.5827336106250233 0.033798147326811724 0.04520549214211726
10 0.7763089549228533 0.39299902253568203 0.0369231473268119 0.045351041356328815
10 0.7006271444842144 0.2975366652159185 0.03241765785015538 0.04825771753501122
10 0.7636515182746771 0.18905638523212914 0.037651189420186526 0.05785104135632886
3 0.5381444281203841 0.8922369274170275 0.02377069994353036 0.060321069892376046
3 0.5171207546263874 0.6918002797743924 0.02460515785015538 0.047893844499482086
3 0.5650584547110918 0.6052121164159916 0.02415013154179633 0.040081344499482086
3 0.6631935758707188 0.49758801509208406 0.029019642065139982 0.0434246683207995
3 0.5913809471009328 0.3080310554149555 0.02763915258848364 0.04647689371369372
3 0.6410330656297238 0.1973696912707664 0.028094178896842868 0.05428939371369372
12 0.8789745544710955 0.8714922036767632 0.05280575256024882 0.07725601282028158
12 0.8258484104104042 0.16000889412346928 0.05629477360693613 0.08365156203449331
5 0.4559109678652716 0.6040241439185815 0.03452618942018652 0.057705492142117266
9 0.7116472154461972 0.39310387634078897 0.04252069994353036 0.061194365177646405
9 0.7675211149803218 0.8842211819651414 0.05491428413027997 0.08670378742738763
2 0.7705833287133161 0.281316659839235 0.0498627630835923 0.08023546360606985
2 0.6748051810335687 0.6033114762169545 0.03737817363517095 0.053163541356328815
6 0.8542189362246532 0.6872434822128105 0.05189569994353036 0.061631012820281585
6 0.4260135523343698 0.3314941724546288 0.036088689420186525 0.05777826674922295
0 0.7867752890390158 0.49243609635699964 0.047117194681858446 0.059850188998963993
8 0.8574433757860142 0.5954562425518928 0.06962923151356151 0.0718065334984459
1 0.5037576626883042 0.5158734805601807 0.03801521046687384 0.06410104135632881
11 0.4913072254754306 0.9040798019002988 0.043324336746998426 0.10174659057054072
7 0.8996072953124999 0.920297584375 0.8458530890624999 0.1144236390625 0.38911816093749996 0.176258140625 0.47024711874999997 0.933773575 0.8996072953124999 0.920297584375