10 0.8513988751272269 0.5020640697994816 0.05566964664195524 0.029079573863261744
10 0.750374577666965 0.5604202662287591 0.04144345553496294 0.024146612012708957
10 0.6551414340202345 0.4939537406612139 0.04295139183263199 0.02261138555165907
10 0.473864152169069 0.49000876014297445 0.04138889183263199 0.02258411201270878
10 0.27541178320192783 0.5755529736183806 0.05254464664195542 0.029025026785361164
10 0.192232206252753 0.4741620231319133 0.061755955534962846 0.024501168019063258
3 0.16252738120249483 0.7414489346581548 0.06057540145127884 0.03541139448011279
3 0.3628274815653145 0.7535336976437982 0.049637901451278846 0.03522047970746058
3 0.4492535656860654 0.7019496525944925 0.04484127404661713 0.032013659090609534
3 0.5572619839275672 0.5976497106294418 0.0493105192372937 0.025845479707460584
3 0.7478621912766286 0.6673424220729578 0.052599210344286364 0.030587526785361162
3 0.8514757753973796 0.6160583859521057 0.05410714664195524 0.02905230032431163
12 0.8783408318433162 0.44631863027006285 0.07452877404661713 0.03253185633066593
12 0.1941741629688422 0.417980206979289 0.07603671034428627 0.030996629869616397
5 0.45334584336087963 0.8191371525944925 0.06123016587924894 0.05416139448011279
9 0.17827139917384413 0.5215455377424099 0.08234127404661713 0.03266822402541773
9 0.6564608865599724 0.5540963538917387 0.060684528855940556 0.03853639448011279
2 0.45491823392756725 0.5958632938281945 0.05448909255827132 0.03998980032431163
2 0.7623363751272271 0.5005094780793122 0.07441964664195541 0.02940685633066593
6 0.3727629544386545 0.4343706404196278 0.05723214664195542 0.02910684740221221
6 0.7290006077888499 0.8426872954497522 0.055034729581580066 0.05561480032431163
0 0.5597198066155726 0.48916505478524314 0.05728671034428636 0.03066934740221221
8 0.46020839073632364 0.4343354586008468 0.06995040145127884 0.03557503571381489
1 0.5414162730351267 0.7699241310841372 0.06312004809323427 0.06356366801906325
11 0.15503482893290932 0.7951915434244528 0.10051092068857255 0.06109323295387146
7 0.1258216609375 0.8041159765625 0.8820427328125 0.8628610015625 0.92210446875 0.42014583125 0.1449157265625 0.3903138296875 0.1258216609375 0.8041159765625