10 0.25762021067798563 0.5531777904457238 0.044259146276527786 0.023147994985435006
10 0.1444467570307634 0.6124271068222021 0.05370688145888893 0.02654577962517113
10 0.344355838052812 0.6221527624699054 0.042696646276527785 0.02310253087881229
10 0.6399781157882287 0.5838477465682808 0.04425914627652787 0.023147994985435006
10 0.720463743163055 0.6526408621659714 0.050581881458888846 0.026454851411925873
10 0.8111251107542354 0.653715280350087 0.05843074905006951 0.0282446719450391
3 0.8681252188461108 0.3880053638153241 0.0568318814588892 0.02663670783841656
3 0.5557141781929162 0.4758557386507219 0.04425914627652787 0.023147994985435006
3 0.39819457855350665 0.3579144177218971 0.04444098423243057 0.030960494985435093
3 0.2951968651226386 0.34944503668480015 0.04447735182361114 0.032522994985435094
3 0.19080030585208307 0.3338989415410805 0.05853985182361114 0.03293217194503919
12 0.8034385909026035 0.7152521739235963 0.07587282218833344 0.03968227711788863
12 0.43585170060999945 0.6881391268139548 0.05556032218833344 0.039091243731793845
5 0.5877850618360067 0.3071428425699302 0.06039329255305557 0.045477636051661906
5 0.2016663770904859 0.27010922618081656 0.06671602773541671 0.0487844924781526
9 0.667088742497465 0.42671720816762093 0.06638871941479181 0.034721992478152684
2 0.3799706022048608 0.4019455625490476 0.05414329255305557 0.04529577962517113
6 0.27083068512677044 0.4558397891920826 0.06159211664124999 0.029898100158284535
6 0.23429050703076335 0.6150412929530062 0.06013871941479163 0.03454013605166182
0 0.6532976930105552 0.4818222453146396 0.06002961664125017 0.02985263605166182
0 0.6442668787060065 0.5339386747815261 0.06002961664124999 0.02985263605166182
8 0.2125960385659022 0.6738252595669114 0.08542966014423614 0.047767561757624755
1 0.4155106715434026 0.2857128087881239 0.060684233282499986 0.05797763605166191
4 0.8550790517680206 0.44469563301565407 0.0946228221883331 0.04022784639736088
11 0.7336008292190968 0.5920443429656416 0.08361258700597211 0.03678459765100221
7 0.9138304796875 0.3226885828125 0.161532628125 0.2503090515625 0.063151865625 0.6953407375 0.8502372453125 0.741044471875 0.9120867921875 0.3229635875 0.9138304796875 0.3226885828125