10 0.16640761890927241 0.4541184501137307 0.0613466030842551 0.025920512851581277
10 0.2554564821397972 0.456966218896811 0.053506829545304765 0.024039677870609212
10 0.33548094723676114 0.5242439022046279 0.04725682954530477 0.0237850098858317
10 0.6269456984545771 0.49474338049297906 0.04100682954530477 0.023530341901054186
10 0.7156048238599666 0.5647149822798649 0.04413182954530477 0.02365767589344294
10 0.8216133161493289 0.5104824215191808 0.053534103084255144 0.02560217787060921
3 0.7889952796214397 0.7886419136105154 0.05372501785690744 0.03653967787060921
3 0.6872009545403619 0.7712223088578799 0.04755683847375849 0.0409725098858317
3 0.5855020868456101 0.7592714541052444 0.04747501785690744 0.0362850098858317
3 0.423327594963285 0.6371205869953194 0.04580342370110611 0.02997134288963732
3 0.1147941205308302 0.7174514382507327 0.05994774431795715 0.0352318458553869
12 0.17244338473758497 0.3973737015966055 0.0723659237011061 0.031053681824941927
12 0.5337218039744643 0.43161202771750984 0.053670470779006864 0.03341467787060921
5 0.7807248579489285 0.8515411616333491 0.06032957386326192 0.05710684585538672
5 0.39583166070887205 0.8061915805695288 0.06024775324641087 0.052419345855386726
9 0.3117276217486462 0.6840990632693231 0.06945911201270878 0.04342634783255317
2 0.6019259277550006 0.7162217910633828 0.05087275324641087 0.052037343878220454
6 0.7040963538917386 0.6657363128122127 0.05534206493480802 0.039728344866803766
6 0.7356485426103785 0.5054182367284892 0.061482970779006864 0.03373301285158128
0 0.32480827434643395 0.6284220662350727 0.05992047077900677 0.033669345855386903
0 0.3316798372526472 0.5748341512160446 0.05992047077900677 0.033669345855386903
8 0.7503735158250173 0.4544924066904331 0.07872501785690744 0.037558349809719616
1 0.5672663299457513 0.8326943666528146 0.062082988635914306 0.06810801285158127
4 0.1263395466675683 0.6632732742202878 0.09769320616851021 0.05082235376405233
11 0.24321162661991017 0.5158000494291588 0.08492047077900677 0.03468801779449713
7 0.0731580203125 0.778795965625 0.8207369671875 0.869435996875 0.8998547921875 0.43254336406249994 0.1255370140625 0.36716224375 0.0731580203125 0.778795965625