10 0.44117660470910813 0.19477370715815123 0.024364800324311632 0.053261355386194253
10 0.5035890556026127 0.28967766188041555 0.024173885551659068 0.04232385538619425
10 0.4416736623403157 0.3901089330558503 0.022638659090609536 0.04387726502711455
10 0.4455820921305017 0.5690560896717086 0.022638659090609536 0.04387726502711473
10 0.5360047203785603 0.7602265112164857 0.02280230032431163 0.053252265027114734
10 0.4398643315804902 0.8518640444921687 0.02291139448011297 0.05950226502711473
3 0.7077785345025895 0.856548041074323 0.03379434740221221 0.056440897540672094
3 0.7135723871798076 0.6589054266129426 0.03206820616851012 0.0470568071815924
3 0.6572053847441757 0.5757565833269969 0.03195911201270896 0.04080680718159222
3 0.5495213441590966 0.4782452581914235 0.02568183847375849 0.039207945745273774
3 0.609948149758414 0.28404580629782955 0.028915932629560003 0.04547612646343317
3 0.5538675194817605 0.18449071301188372 0.024255706168510117 0.047011355386194255
12 0.3819700109636392 0.8562152012062227 0.03255912986961631 0.07518180718159258
12 0.383745934254413 0.1725623638722054 0.03573867694751698 0.07832498789975158
5 0.7730622098252534 0.5631480198988885 0.05098184740221221 0.05654089149054773
9 0.501157756496117 0.38420436670087577 0.03379434740221221 0.05644089754067192
9 0.48654841680783784 0.8630742552645574 0.031051176947516978 0.0782977168225127
2 0.4427742865278891 0.28229188787631043 0.0325591298696164 0.0751818071815924
2 0.550832653818899 0.5821696889095828 0.03848184740221221 0.05646816861791084
6 0.7849208762194636 0.2866264265147468 0.0525716209411625 0.05811248184962743
6 0.3929598782513538 0.6742294030016209 0.03072389448011297 0.0595477168225127
0 0.4408321367727705 0.48308222823539015 0.03532957386326174 0.05488748789975162
8 0.38742867289362254 0.5882509963857627 0.03713753571381497 0.06895907825883114
1 0.7206287309285718 0.4784594025106417 0.058930715096963834 0.06439884328594588
11 0.7623433035773131 0.8638974536421099 0.06106595941492117 0.09722043364502539
7 0.35551500625 0.1299748328125 0.35695320937499997 0.9055249109375 0.7748994765624999 0.8905935765624999 0.8031364562500001 0.1308427296875 0.35551500625 0.1299748328125