10 0.8423307793646166 0.35054634741262375 0.06224744292790518 0.030608012851581278
10 0.7536321524001461 0.3391048286295434 0.05450771753501123 0.0318521778706093
10 0.6620075785788286 0.3400678093521715 0.052945217535011226 0.03178851087441492
10 0.5605178531859344 0.3343669545995361 0.045132717535011226 0.03147017589344294
10 0.46843951509659315 0.32826685182406695 0.04200771753501122 0.031342841901054186
10 0.3693663143108049 0.32109899756572313 0.04505994292790545 0.029907675893442943
10 0.2779964516143578 0.3165932282883512 0.048330492142117085 0.0331600098858317
10 0.16894893734633415 0.3051052885547438 0.052945217535011316 0.03178851087441492
3 0.825271596156621 0.6159803464240405 0.05726884449948209 0.024167011862998144
3 0.726834096156621 0.6119693256637939 0.05109161910658777 0.025474843878220455
3 0.6315943707637268 0.606523138895936 0.04803939371369381 0.0269100098858317
3 0.5459479691921503 0.5967714541052445 0.04818494292790554 0.030035009885831698
3 0.457302846156621 0.6009867688202614 0.043351893713693815 0.026719008897248563
3 0.35990130728149156 0.5915388315581118 0.04647689371369372 0.026846342889637498
3 0.25681269458504447 0.586555559809282 0.044914393713693636 0.026782675893442943
3 0.15023520885306813 0.5892574540680634 0.051164393713693725 0.027037343878220453
12 0.850746900952404 0.2874879318993041 0.08016268899896417 0.04693334980971962
12 0.16021394623767432 0.24056528608328587 0.07725601282028158 0.05149351581733077
5 0.14643381265817504 0.6540693705699663 0.070787688998964 0.04655134783255317
5 0.8114594991759396 0.6772534274506798 0.0768193651776464 0.04211851581733086
9 0.7582147985950392 0.2743247456257378 0.07420378742738745 0.052928681824941926
9 0.2549635200589919 0.2397296393530466 0.06192211124870504 0.057106845855386903
2 0.7248499110865985 0.6713761591618911 0.06602741439185814 0.044797846843970035
2 0.25264742535462215 0.6591799763111849 0.06155823821317572 0.049294345855386903
6 0.6681527247737217 0.27535139334456027 0.06141268899896417 0.0461693458553869
6 0.3696617208447802 0.24753416357333435 0.05672518899896399 0.045978344866803765
0 0.6360421222114689 0.6622783903788108 0.05799659057054054 0.03979201186299797
0 0.34605282299725726 0.6535931625847512 0.05472604135632882 0.03653967787060921
8 0.5668085485950392 0.26652553859192485 0.0744948858558109 0.059178681824941924
1 0.5515943476043631 0.6604028725843136 0.07249573821317572 0.04974001482874755
4 0.4427822737830455 0.6606655163488033 0.061412688998963995 0.04616934585538672
11 0.4641929708447802 0.25138601684309503 0.06682793507002263 0.061985346843970036
7 0.9006027874999999 0.2702119984375 0.10896130156249999 0.2125162671875 0.09806107343750001 0.6706230046874999 0.8576842062500001 0.6937479484375 0.9006027874999999 0.2702119984375