10 0.6798051623249435 0.12845602513933163 0.03245293507002245 0.06023881802583092
10 0.6811257597199096 0.21735940076615226 0.030672111248705038 0.05550585391920828
10 0.672180945204217 0.3089020430860203 0.032161836641599176 0.05398881802583091
10 0.6666693457423363 0.4104872751393317 0.03008991439185813 0.04300585391920819
10 0.6632296685301966 0.5010895430860203 0.031725188998963996 0.044613818025830906
10 0.6600982063718688 0.6018253289793976 0.033360463606069854 0.04622178213245363
10 0.6551688037668348 0.690910561032709 0.03343323821317572 0.04778428213245363
10 0.655470556662319 0.8016889366595296 0.032161836641599176 0.05398881802583091
3 0.4145076480569199 0.12915367326518742 0.027619885855810898 0.05697742570596289
3 0.4076154851128038 0.22687811942512143 0.030599336641599174 0.05394335391920828
3 0.40399387138289944 0.3213866373718101 0.025766287427387447 0.05068196159934022
3 0.40471515529563024 0.40640649505194204 0.027037688998963992 0.044477425705962935
3 0.3919732526905964 0.4957190476383668 0.026892139784752266 0.04135242570596294
3 0.3913674770500332 0.5924803873718101 0.030162688998963995 0.044568353919208194
3 0.38492907837394075 0.6972133514784329 0.03030823821317572 0.04769335391920819
3 0.37216790509074243 0.8036906720115462 0.030599336641599174 0.053943353919208195
12 0.7423415496284965 0.1258562108744244 0.04724318114108108 0.07627299498543505
12 0.7188053105912605 0.8154499082879996 0.05200345574818712 0.07797188730530316
5 0.3509716869320494 0.13646371958340603 0.04099318114108108 0.07609113855894437
5 0.3074333170014012 0.8032336824363874 0.046879308105551944 0.06846049498543527
9 0.7481313232021451 0.219310694181377 0.057962357319763666 0.07190374373179384
9 0.7278956743211648 0.7207822659681316 0.05596320967712849 0.062483279625171126
2 0.31472574028459954 0.6969154862764535 0.0510573858558109 0.05765938730530316
2 0.34842242163056847 0.22469950547678336 0.04680653349844599 0.0668979949854351
6 0.7362070579006641 0.30781926471449034 0.046660984284234354 0.06377299498543501
6 0.7323905833363394 0.6075237480214429 0.04658820967712849 0.062210494985435
0 0.3489253817219817 0.31440686315691535 0.03870293507002263 0.0604206744523216
0 0.326904716710951 0.6029381657433401 0.04004711124870504 0.05577863855894449
8 0.7346744830458892 0.407728336501245 0.05952485731976367 0.07194920783841656
1 0.3419069402418183 0.3980915413701607 0.050149857319763666 0.07167642319868044
4 0.33141674235151414 0.5060631657433401 0.04807793507002263 0.06069345909205772
11 0.7384287216733497 0.5113845339148202 0.05916098428423418 0.06413670783841638
7 0.741342171875 0.8690029953125 0.7649760984375 0.0754098546875 0.3397380765625 0.09009469375 0.28652526875 0.8487174874999999 0.741342171875 0.8690029953125