10 0.28702460847312483 0.1377605213290361 0.03270470364722229 0.06432010523343701
10 0.3879311854111109 0.22706667405869405 0.02623649810013893 0.05458108418674958
10 0.2803147879003121 0.42604177132903603 0.030705792553055566 0.04547909997176518
10 0.265776243163055 0.614914555529903 0.032268292553055564 0.04557010523343692
10 0.3274930335319091 0.7119645898013574 0.029216027735416716 0.04851309471009326
10 0.2532723239007632 0.8169320818382623 0.0356478656913195 0.056689615756780755
3 0.5620427922687152 0.12096234527479063 0.02645470364722229 0.06395608418674961
3 0.556551939210833 0.32335159790562656 0.026091027735416716 0.048331084186749605
3 0.49761139067385385 0.40870453995664907 0.024383057370694416 0.04199007892507769
3 0.387525916225069 0.5126401530120066 0.025945557370694417 0.04208108418674961
3 0.4361231511230897 0.7040772241151638 0.024528527735416715 0.04824007892507769
3 0.37427515492281177 0.8137854240586939 0.027798998100138927 0.05467208944842161
12 0.22227177745107624 0.1376309896884178 0.05181837955902786 0.08103716837349917
12 0.18788306003305483 0.8441463001976441 0.05352634992375007 0.08737817363517095
5 0.6083125013311802 0.41239941637794775 0.038772865691319325 0.05687162628012441
9 0.3356075788378471 0.12868935821720875 0.042588849923750074 0.08674113680346807
9 0.3281307727983328 0.6175243450630291 0.04215243882958344 0.06799113680346806
2 0.3891812948341663 0.40799815564284253 0.0325228656913195 0.05650760523343697
2 0.25930607798482574 0.7252983186840828 0.044042247150208345 0.0821446420651398
6 0.6057816876922215 0.6887344032237681 0.03884560087368065 0.05999662628012441
6 0.22493891650940948 0.32472146601089447 0.048402438829583436 0.06835515785015547
0 0.2688304676118398 0.5172128028990672 0.04193423328249999 0.05861613680346807
8 0.21118358140329824 0.4129040054734333 0.0594126740119445 0.07211719468185844
1 0.5500986514074301 0.5000506057981344 0.03888196846486132 0.061559126280124235
11 0.6106075788378471 0.11267243216296333 0.046004790653194405 0.09942314732681176
7 0.20567759218749998 0.088000665625 0.1620111390625 0.88865035625 0.6230002640625 0.8456190593749999 0.632615015625 0.0833615640625 0.20567759218749998 0.088000665625