10 0.6587703477840161 0.8252706891649538 0.03150606426490725 0.06370967292769336
10 0.6676572659681316 0.7343910211801761 0.029716243731793844 0.05583350593149916
10 0.6664106662055584 0.6431439386706621 0.029579851411925873 0.051146005931499164
10 0.668607315189344 0.5408320221687593 0.03086956677218957 0.04183467292769336
10 0.6735879833734596 0.4501115216744678 0.029352530878812465 0.043333505931499164
10 0.6788414361973112 0.35001602118017616 0.029397994985435005 0.044896005931499075
10 0.6814556223281153 0.26017227118017616 0.03105142319868044 0.04808467292769345
10 0.6901523238983257 0.1490119366934958 0.029670779625171305 0.05427100593149907
3 0.3931226157307048 0.8368753285180002 0.02516513605166182 0.06033000494291585
3 0.395228336501245 0.7376884120160975 0.026591243731793845 0.055706171939110226
3 0.39876016495191724 0.6431253285180002 0.02792642319868044 0.04795733893530461
3 0.4074879587628534 0.5577144105332227 0.026272994985435005 0.04476867193911023
3 0.40148566284034615 0.46900207901229185 0.026272994985435005 0.04476867193911023
3 0.407406705397641 0.37278099501990314 0.02783549498543505 0.044832338935304604
3 0.41123405054136064 0.2680616615218059 0.02948892319868044 0.04802100593149907
3 0.406513109791703 0.16212999650277785 0.02985263605166182 0.060521005931499026
12 0.7220061336773934 0.8242546758190809 0.04602320533113406 0.07990767589344294
12 0.7546240008579298 0.13233908984952575 0.050619777117888634 0.07697367688202612
5 0.33163118626381816 0.8315776748676788 0.039636813011266 0.07496550790866544
5 0.343231859791703 0.1647085098486507 0.04110838479802066 0.07190417490485981
9 0.7332822659681316 0.7317170073400117 0.05530727711788863 0.07716467787060921
9 0.7566063865138803 0.22511683886094258 0.05498902837152997 0.0662271778706093
2 0.3357396762346883 0.7440140078714843 0.044096992478152595 0.06734400889724856
2 0.33933631848804935 0.2717715933467479 0.04704013605166191 0.06122134288963732
6 0.7304504341522471 0.6413148418266921 0.04239810015828453 0.06259284190105419
6 0.7517250067304245 0.33924300585713696 0.045568564264907255 0.06428267589344294
0 0.3438453444188038 0.653166173384804 0.037665136051661816 0.06083934091247105
0 0.34517949003737713 0.3659526748676788 0.039045779625171126 0.05465300790866543
1 0.34315267412311723 0.5696997573771927 0.04731292069139794 0.07059634288963731
4 0.3407982154267709 0.46289134186387315 0.045477636051661816 0.06115767589344294
11 0.7496874821198183 0.4360861723590398 0.05806856426490725 0.06479201186299796
8 0.7372663869760987 0.541155674336206 0.05517088479802066 0.07247717787060921
7 0.7406252546875 0.8726853015625 0.7812553656250001 0.0797236765625 0.32325873125000004 0.1203502796875 0.31583181875 0.87843395625 0.7406252546875 0.8726853015625