10 0.13103299477857563 0.8793857167218171 0.057268292553055565 0.04473184740221221
10 0.2382473891552424 0.802544752842669 0.05090918977951393 0.03993525324641105
10 0.3374284651432979 0.8695356095803721 0.04785692496187508 0.043005706168510474
10 0.5322688396683326 0.8528588039810548 0.04465918977951393 0.039826159090609534
10 0.7387571886421521 0.7383621071480355 0.05705008700597229 0.03535684740221221
10 0.8276540748506938 0.8445791051194405 0.06344555737069442 0.041715941558013725
3 0.8359263954235064 0.5562705815804903 0.05988414627652787 0.02291139448011297
3 0.6328377630146871 0.5582536416440345 0.04742051386770836 0.024255706168510117
3 0.5478802283454162 0.6183065259778775 0.041206881458888844 0.025709112012708958
3 0.44042879141569385 0.7388838530875503 0.04767508700597212 0.03519320616851011
3 0.24253745849378414 0.6853299793037188 0.05069098423243057 0.030560253246410873
3 0.13083558586861047 0.7536590137997177 0.05708645459715278 0.03691934740221221
12 0.10757600456222143 0.9477362962671219 0.08114220364722229 0.06389095048646709
12 0.8245459522255201 0.9110126286583909 0.08255923328249999 0.057668224025417915
5 0.5402515259324648 0.5098900539810549 0.06002961664124999 0.02916139448011279
9 0.33274227156406183 0.8024572037361736 0.06991376291777787 0.05120003571381489
9 0.8381382863817007 0.7967592138857386 0.08412173328249999 0.05769549756436802
2 0.5505850414156939 0.7369610685915514 0.05410692496187508 0.04311480032431163
2 0.2264000461653465 0.8753782808458463 0.08263196846486114 0.06079322402541791
6 0.2668685773192357 0.5123191732973643 0.053852351823611144 0.03217730032431163
6 0.6386811874078812 0.9111331797934813 0.06700696846486114 0.060520488635914305
0 0.4405534651432978 0.8677355560096498 0.05912173328249999 0.05725912094116268
8 0.5469294452916659 0.9275724318220762 0.07209451196784719 0.07778980925276535
1 0.4545854764455551 0.5668315750843732 0.061737587005972296 0.03543866801906326
11 0.8432856069545135 0.5085052374246889 0.10076371941479172 0.034558006492821744
7 0.8751777625000001 0.9215174484374999 0.872080809375 0.48294769375 0.8720883859375 0.4826221734375 0.10656188281250001 0.49175443750000003 0.06428795625 0.9659327203125001 0.8751777625000001 0.9215174484374999