10 0.3709033130679506 0.1680792259695408 0.027765435070022625 0.06083108418674961
10 0.3688378529765374 0.25755895492285347 0.02747433664159917 0.054581084186749604
10 0.3777462801886771 0.34845697070786896 0.027256012820281582 0.04989358418674961
10 0.380841355043452 0.4483659654461972 0.028454639784752267 0.042172089448421345
10 0.3827185322555917 0.5388544575536894 0.027037688998963992 0.04520608418674961
10 0.3849231951997078 0.6363741996611816 0.026892139784752266 0.04208108418674961
10 0.38918050971540047 0.7277804496611816 0.03030823821317572 0.04851309471009344
10 0.38795195760570467 0.8352289286144942 0.02747433664159917 0.054581084186749604
3 0.6696022179447868 0.8602036257154271 0.03223461124870504 0.05641659997176518
3 0.6576950692686945 0.7551066020379037 0.030162688998963995 0.045388094710093266
3 0.652819170592602 0.6504191020379038 0.03187073821317572 0.04860409997176518
3 0.6529218703449329 0.5522546178229193 0.03008991439185813 0.043825594710093264
3 0.6395078796505579 0.4649898362528882 0.03001713978475227 0.04226309471009344
3 0.6433177762597356 0.3795073625612474 0.02860018899896417 0.04529708944842135
3 0.6396597752262784 0.28424036519208334 0.03074488585581072 0.05788809471009326
3 0.6328039995857152 0.18722885729957556 0.02932793507002245 0.06092208944842144
12 0.3082577638537389 0.16131401550266689 0.04426373035529289 0.08049113680346806
12 0.3260705417661044 0.8448699681476203 0.04709763192686944 0.07442314732681155
5 0.7330290171589986 0.8670143388131368 0.04702485731976367 0.07286064732681155
5 0.6964491226212445 0.19872707039728543 0.04426373035529281 0.08049113680346806
9 0.317797815339753 0.7508924549934406 0.04964043507002262 0.06210515785015538
9 0.3047389656729845 0.2530464891943076 0.053638730355292895 0.08103716837349921
2 0.7304604811793531 0.7616820967056446 0.05291098428423417 0.06541216837349921
2 0.6996340887085137 0.2838378177664495 0.0499315334984459 0.06835515785015547
6 0.31506434367091246 0.340910510240995 0.04182793507002262 0.06165013154179624
6 0.3148290190210254 0.6369664628859484 0.04331766046291676 0.060178636803468064
0 0.6983862659206534 0.374144299350598 0.04026543507002263 0.06155912628012432
0 0.7166462301458958 0.6658235651356137 0.041536836641599 0.05540013154179633
1 0.7054410947043698 0.45870130987394175 0.05483735731976367 0.07331567363517096
11 0.3104989298982269 0.5439977128859483 0.052765435070022626 0.062287168373499215
4 0.7151864298982269 0.5675680756589573 0.052765435070022626 0.062287168373499215
8 0.31499803122213443 0.43985624445597954 0.050222631926869446 0.07460515785015538
7 0.285264003125 0.10953328437500001 0.30171159531249997 0.8948161328124999 0.7544862 0.9136845109375 0.7077029484375 0.1531829671875 0.285264003125 0.10953328437500001