10 0.51640625 0.140625 0.021875 0.06015625
10 0.52421875 0.228125 0.0234375 0.053125
10 0.46640625 0.321875 0.0234375 0.04765625
10 0.52734375 0.6015625 0.02578125 0.04375
10 0.46796875 0.70234375 0.0234375 0.04453125
10 0.53203125 0.7953125 0.02421875 0.05
3 0.246875 0.14453125 0.03515625 0.05546875
3 0.3625 0.43203125 0.0296875 0.04375
3 0.2578125 0.61328125 0.0359375 0.04296875
3 0.25859375 0.71796875 0.03359375 0.04296875
3 0.2515625 0.82265625 0.0375 0.053125
12 0.57265625 0.1359375 0.0296875 0.07890625
12 0.578125 0.4953125 0.02890625 0.04921875
5 0.190625 0.4390625 0.04921875 0.05390625
5 0.18671875 0.8265625 0.05234375 0.0703125
9 0.30234375 0.3328125 0.0421875 0.0671875
2 0.30234375 0.6234375 0.0515625 0.0546875
6 0.36640625 0.7140625 0.03671875 0.05234375
6 0.528125 0.7078125 0.03046875 0.05703125
0 0.36015625 0.3328125 0.03515625 0.0578125
0 0.41484375 0.32890625 0.03203125 0.0609375
8 0.58046875 0.7109375 0.034375 0.0703125
1 0.18125 0.61171875 0.06796875 0.0609375
4 0.303125 0.1453125 0.0515625 0.09453125
11 0.4640625 0.228125 0.03359375 0.0859375
7 0.1813151046875 0.11574074062499999 0.1731770828125 0.874421296875 0.6181640625 0.8547453703125001 0.5973307296875 0.08506944375 0.1813151046875 0.11574074062499999