5 0.5243329551564446 0.8527844741545489 0.03252481252120454 0.08263271753501159
2 0.523566574123586 0.7636128122438903 0.03693949400955034 0.075038541356329
0 0.5243354112395616 0.6735871257261257 0.03348711179556503 0.06551799214211709
1 0.5221702213136955 0.5891757384225726 0.03381449400955017 0.07489299214211709
4 0.512909294001701 0.48083669954744324 0.03655754809323426 0.06410104135632881
0 0.5102803126060225 0.3831440622438903 0.03154266587924912 0.05450771753501123
2 0.5015923041685021 0.2912112733687608 0.036393856986241604 0.059413541356328814
5 0.4986359405588384 0.18414363606520784 0.03203373920022692 0.06857021753501132
3 0.583926209965768 0.8562690390845266 0.02405754809323426 0.06351884449948172
3 0.5788443511654279 0.7555605636916324 0.025347229581580068 0.05577911910658777
3 0.5755432471744111 0.6610293136916324 0.023511911069925694 0.047893844499482086
3 0.5795189298438832 0.5732018279596559 0.026527783665263982 0.04491439371369381
3 0.5670337988110244 0.4845759756022911 0.02485615626060227 0.04171661910658777
3 0.5691468811176768 0.38822751447742065 0.02496528366526398 0.04484161910658786
3 0.5671354586150057 0.2858109898703148 0.025074411069925695 0.04796661910658786
3 0.557202408707673 0.18063333829873818 0.02685516587924912 0.05428939371369372
10 0.8627506144122717 0.8409350217161309 0.03968254809323426 0.06424659057054072
10 0.8666171696770822 0.7499825359841547 0.04102679328391083 0.0580693651776464
10 0.8602456293883962 0.6571593351983662 0.03935516587924894 0.05487159057054054
10 0.8582069250345598 0.5539615605912604 0.03902778366526398 0.045496590570540715
10 0.8572768528947083 0.4601023986806016 0.04215278366526363 0.04564213978475244
10 0.8568279303920374 0.35761309946638997 0.04053571996293322 0.044006865177646404
10 0.8535813901033513 0.2646443494663899 0.04387897477225664 0.05040241439185813
10 0.8559300853866952 0.1526345010379665 0.04102679328391083 0.05806936517764645
12 0.9275943644122717 0.8379148755212379 0.05596231252120454 0.08372433664159899
12 0.9195560757680484 0.13715074214662634 0.06500993030721922 0.0747859842842343
9 0.9344767922724205 0.7436918405750499 0.06500993030721958 0.07478598428423418
9 0.9314236479078997 0.23050048180754415 0.07082342068857272 0.06257708271265772
6 0.9289956293883963 0.6539572524857086 0.06155754809323426 0.06526543507002262
6 0.9339261437315486 0.34697950641465003 0.06144842068857272 0.06214043507002263
8 0.9316717068857251 0.551322404057285 0.07761905771188111 0.07849318114108109
11 0.9388715932760615 0.44378173180754416 0.07874504809323427 0.06606595574818694
7 0.942184984375 0.8841285828125001 0.940277909375 0.08256845 0.4722106484375 0.1426255984375 0.5076976875 0.8974094156250001 0.942184984375 0.8841285828125001