10 0.7376039854185237 0.16275681730091512 0.03279577962517131 0.05403428213245363
10 0.7328362659016247 0.27295853140753784 0.03573892319868044 0.04787521034569906
10 0.7340828656641978 0.3642511211409811 0.03243206677218957 0.04153428213245362
10 0.7334941807870348 0.46496417498104703 0.03569345909205772 0.04631271034569906
10 0.7332237446562306 0.5547397288211131 0.03560253087881229 0.04318771034569906
10 0.7340838995125111 0.6593135685545564 0.03582985141192587 0.05100021034569906
10 0.7392822133817069 0.748929998021443 0.035920779625171304 0.05412521034569906
10 0.7342333490376574 0.8419669441813771 0.036148100158284534 0.06193771034569906
3 0.45034802632646587 0.21638924881286575 0.026591243731793845 0.05541492570596294
3 0.45828489528936894 0.31919600006650695 0.026363923198680438 0.04760242570596294
3 0.4592359783588947 0.42064483979995027 0.02631845909205772 0.046039925705962936
3 0.45563595374828836 0.5175425718532616 0.02622753087881229 0.042914925705962934
3 0.4648541778840409 0.6031390910535915 0.026272994985435005 0.044477425705962935
3 0.4599417058598595 0.6914885372135255 0.02323892319868044 0.04751149749271768
3 0.46029339535587593 0.7867101090002802 0.025028743731793847 0.0553694615993404
3 0.46289790663864705 0.8849884846271008 0.02672763605166182 0.06010242570596276
12 0.7985231695707707 0.8322904158098471 0.050710705331134066 0.07953438730530316
12 0.8022575188046185 0.14058028892938518 0.05379024122451135 0.0780628155185485
5 0.40196040663864707 0.8867615847853854 0.03517663354437946 0.08220474623907634
5 0.3883792237400411 0.2267788310244617 0.03927310015828454 0.06202863855894434
9 0.8097313865138803 0.23247227223633776 0.061102636051661816 0.061102636051661816
9 0.8074782839148202 0.7391398093833563 0.06155727711788863 0.07672763605166182
2 0.38923937859632146 0.331352670757905 0.04226170783841656 0.05743206677218975
2 0.4028984325028945 0.8008695488920081 0.03954588479802066 0.07140363855894413
6 0.8022572379923132 0.6503046299164698 0.05181856426490725 0.06395485141192588
6 0.810341488783736 0.345639861969781 0.05172763605166182 0.06082985141192587
0 0.39751722835889464 0.4224406720115462 0.032704851411925785 0.050909282132453625
0 0.4071433147936327 0.7086365847853854 0.03297763605166186 0.060284282132453626
8 0.8044084228694761 0.5495461119697811 0.0661538489046432 0.07373902837152997
1 0.40406143039132336 0.6267644591585648 0.041335705331134065 0.07926160266556703
4 0.39940868580159977 0.5183980296916781 0.03918217194503919 0.058903638558944316
11 0.8129914641731297 0.44235573759660163 0.06744356426490725 0.06440949247815268
7 0.8168308078125 0.8782461046875 0.8256777468750001 0.0823665609375 0.3653518015625 0.18654023749999998 0.38685697812500003 0.9341230968750001 0.8168308078125 0.8782461046875