10 0.5679136869646751 0.1702399569865321 0.025363614363184794 0.06366439371369373
10 0.5744313316766767 0.2588486927185084 0.02374657220870695 0.05421661910658786
10 0.5145018197728201 0.35139575764848585 0.023710210772388506 0.04796661910658786
10 0.5761468051384889 0.6355931292362731 0.025236349336070062 0.04178939371369381
10 0.5161900221573934 0.7328276941662505 0.023673849336070064 0.04171661910658777
10 0.5820372150739969 0.8320143649682494 0.02530907220870695 0.05428939371369381
3 0.3014366548673424 0.8416075729927481 0.03469316256778665 0.05628854135632864
3 0.3083047992847564 0.7356486714211715 0.034656801131468115 0.05003854135632881
3 0.308128058163551 0.6317060341176186 0.03151362041330889 0.046767992142117264
3 0.4138654946372468 0.45611318279371105 0.028379530054229284 0.045059942927905536
3 0.2999085755283567 0.16400911186787756 0.031577252926866174 0.057705492142117176
12 0.6265301628623743 0.16906275475300175 0.0317136083130606 0.08114299214211718
12 0.6314479043763631 0.5326714904849781 0.03469316256778647 0.05628854135632881
5 0.24272629284184877 0.45595686331561963 0.04719316256778665 0.05687073821317572
5 0.23655654343102395 0.8448374267978551 0.04727497579950315 0.07093323821317554
9 0.35429102761834236 0.3533113604201355 0.03789088544042354 0.06893409057054053
2 0.3541718111886131 0.6424466350272413 0.04875566256778665 0.05694351282028158
6 0.4169212751824555 0.7368002566150287 0.03312157220870695 0.05465326674922295
6 0.5778678655415351 0.7427335411469318 0.03313975292686635 0.05777826674922295
0 0.41209443725926276 0.3575665208830522 0.031577252926866174 0.057705492142117176
0 0.4644609131569618 0.3560982202210984 0.028452252926866352 0.05755994292790536
8 0.6348672992847565 0.7508585643062957 0.04260565651766228 0.07383991439185814
1 0.2339183985226306 0.6266867402800903 0.0628545240041051 0.06384848428423436
4 0.3553909610669761 0.16424886042013548 0.04429542154477702 0.09578768899896399
11 0.515051786497137 0.25686450764848584 0.03486587939029935 0.08597604135632882
7 0.23173504843749998 0.1288807796875 0.2208040234375 0.8884155140625 0.66944916875 0.8959977046875001 0.6495533515624999 0.11824023125000001 0.23173504843749998 0.1288807796875