10 0.8710490938758003 0.7398055288727785 0.056142992142117265 0.0325228656913195
10 0.7531124230738013 0.6707262609210075 0.04818494292790554 0.029216027735416716
10 0.6697413050006708 0.7405828596104866 0.04364299214211727 0.03223192496187508
10 0.3636154294839421 0.6858531131258683 0.04825771753501131 0.030778527735416717
10 0.28571306141081154 0.7558369983844793 0.05465326674922295 0.03404899810013902
10 0.1934527868037057 0.7521288105048265 0.06104881596343468 0.03731946846486114
3 0.12837348056018066 0.47747299620027783 0.058831344499482 0.023220600873680653
3 0.4473653831652145 0.5738635658231601 0.046331344499482084 0.02292966014423605
3 0.5961774106678044 0.46807077355444493 0.04484161910658777 0.024455792553055567
3 0.6974488122393812 0.46418466698118116 0.04484161910658777 0.024455792553055567
3 0.7960489780789812 0.45321275902114644 0.04960189371369381 0.02612739532659738
12 0.5791570004097756 0.8063695541396532 0.05687073821317572 0.04814786569131968
12 0.20659279569504582 0.8164276998475002 0.07725601282028158 0.05018314437666689
5 0.40542182402620536 0.4105634788171878 0.06424659057054054 0.03895470364722229
5 0.7845442437947471 0.3905127372696534 0.0674443651776464 0.040589938829583436
9 0.33101048304138 0.5219899816669795 0.07013271753501123 0.031287674011944586
2 0.6178191242738744 0.5138378684442019 0.060976041356328815 0.035756968464861136
6 0.7272519363083676 0.5678915484400701 0.057705492142117266 0.03255923328249999
6 0.781314505786459 0.7400581423798964 0.06766268899896417 0.04527743882958344
0 0.34683884429008505 0.5769866061920143 0.06224744292790545 0.029543336056041626
0 0.3579433182352371 0.6310928779435072 0.06395549214211708 0.03270470364722229
8 0.8045743773742462 0.8038121710652437 0.08408820967712849 0.06282861474138883
1 0.5734076906515939 0.398084928664688 0.06155823821317572 0.04825696846486114
4 0.1434933664159915 0.5340139369297223 0.09996576674922303 0.03510365824437507
11 0.2687759644301302 0.6937909400638544 0.09124573821317572 0.0489479526972918
7 0.0785127171875 0.4073118359375 0.162655715625 0.8362158015625001 0.9582268375 0.82676848125 0.8235295015625 0.367422734375 0.07616758125 0.406606915625 0.0785127171875 0.4073118359375