10 0.16970590264170107 0.35238361431520826 0.06002961664124999 0.031236711894930557
10 0.26036531060173573 0.4467300785849881 0.05363414627652778 0.02465916327441171
10 0.45557066745933994 0.3405232649264637 0.04429551386770836 0.025730340343633085
10 0.641708189210833 0.3221849434660232 0.04433188145888885 0.027292840343632996
10 0.7394358679724302 0.38104760911528396 0.04745688145888884 0.027456614653892507
10 0.8449604757799651 0.30607086329915545 0.056904616641249815 0.031072937584671046
3 0.15560180936746476 0.623105550090857 0.055342116641250036 0.03099105042954129
3 0.35712794177628415 0.6141046070791191 0.04593074905006951 0.028937227498762753
3 0.4404866088543745 0.5527742814348071 0.041206881458888844 0.027129066033373662
3 0.5437408550546523 0.4412425599289381 0.041170513867708355 0.02556656603337366
3 0.7370174231589232 0.48495385911528394 0.04738414627652787 0.024331614653892684
3 0.8445766564414232 0.42313553256646086 0.05370688145888884 0.02778416327441171
12 0.16878048869774281 0.2915689450479029 0.07907055737069446 0.04471935775648763
12 0.8705975618360068 0.24386411239464434 0.09178876291777768 0.05474945499752559
5 0.44956870849378416 0.6654413777713339 0.055705792553055744 0.04661605042954129
9 0.1623466911106941 0.40036741293572725 0.0820500870059722 0.03863313206674714
9 0.645740419359201 0.3836170884230691 0.06322735182361114 0.03452548620519007
2 0.44139710505465235 0.44660616858993685 0.05377961664125017 0.03090916327441153
2 0.7526638730064233 0.31558970545181086 0.0820500870059723 0.03863313206674714
6 0.7267306205378814 0.658718907735803 0.06039329255305574 0.04686171189493056
6 0.35219240074184005 0.2897597043201571 0.060247822188333446 0.040611711894930555
0 0.5448150054152427 0.3280431970840678 0.053925087005972296 0.03715916327441153
8 0.4406918562889233 0.2757580800553261 0.06835126291777768 0.05352114767057934
1 0.5351983903895133 0.6071132213943273 0.06046602773541672 0.049986711894930556
11 0.14971417885850638 0.6749137115562464 0.09491376291777782 0.054913229307785014
7 0.12081766875 0.6946350453125001 0.8820204890625 0.6706731593749999 0.9123036296875 0.21391282031249997 0.11909315000000001 0.27206453124999996 0.12081766875 0.6946350453125001