10 0.3554022252354553 0.830327452927302 0.03452548620519007 0.06432010523343692
10 0.34592432666036477 0.7391942187123176 0.03090916327441153 0.05476309471009326
10 0.40852614597309866 0.6477809924604281 0.027456614653892507 0.048331084186749605
10 0.3352779172311404 0.3566169371422865 0.030254066033373484 0.04226309471009326
10 0.39755218792335534 0.258953710890397 0.02737472749876284 0.046768584186749604
10 0.3247554177969673 0.1558356871422865 0.03247166327441153 0.05485409997176514
3 0.6089190558566082 0.1651449847796818 0.029346663274411534 0.05467208944842143
3 0.6049895516727368 0.2695972663497129 0.028855340343633174 0.04529708944842144
3 0.6072691039113003 0.3729042768730566 0.027292840343633173 0.04520608418674961
3 0.5096172551999244 0.5431551346667424 0.024004066033373662 0.04189907366340595
3 0.627888056872661 0.8411005400272362 0.028111711894930558 0.06083108418674961
12 0.2911350073476309 0.8301524186558478 0.04768058344622812 0.07754814732681163
12 0.27797775158187965 0.45947589760916047 0.04637038896415202 0.05254814732681172
5 0.6715418865893029 0.16384852431280783 0.04562676051544958 0.06808214206513989
5 0.6752798767512218 0.5491790795603622 0.042010437584671045 0.058525131541796324
9 0.5675293317487474 0.6463564584007354 0.031482373360319824 0.06570059471009344
2 0.560315538782438 0.35918268209237614 0.03707727611928178 0.05356461575678066
6 0.49960601085413386 0.2624133688817268 0.03099105042954129 0.05632559471009326
6 0.32942298563936323 0.24489818714228648 0.04381859905006032 0.06330363680346807
0 0.5140767831282285 0.6432006372975783 0.032799211894930555 0.06110409997176518
0 0.4607880088179689 0.6431698161944212 0.034361711894930556 0.06119510523343692
8 0.2669672512431954 0.2344303949783245 0.06034435775648763 0.08140118942018655
1 0.6781957575747735 0.38052779009782334 0.05311171189493056 0.062287168373499215
4 0.5688439275194475 0.8359194873399305 0.03788950361804453 0.09878611049510902
11 0.4072303188584486 0.7426762635071155 0.04537445499752568 0.09299113680346807
7 0.699256009375 0.8758353296875001 0.6917299031249999 0.12166249062500001 0.2323694 0.0851459484375 0.27270845 0.8797819703125 0.699256009375 0.8758353296875001