10 0.22115935988227814 0.8725699034947224 0.036664753341817756 0.06333645459715279
10 0.21361103656114122 0.7825261317432294 0.034993165340545127 0.053925087005972296
10 0.21780873524032246 0.6904113669255905 0.034956802673454225 0.05080008700597229
10 0.21589279392109453 0.5864323817432293 0.0348477146721816 0.04142508700597212
10 0.21228708326704854 0.4933545289696877 0.03488407733927248 0.044550087005972294
10 0.2095535292807297 0.3924823599917363 0.034884077339272415 0.044550087005972294
10 0.20905463729313825 0.3010397424005557 0.03804544000636338 0.04774782218833344
10 0.20176994330841022 0.18833972064906268 0.03655566534054513 0.05396145459715278
3 0.49474231055064166 0.86643423195132 0.02412839067472703 0.05992051386770854
3 0.49510648456400475 0.7679785481557296 0.02561816534054522 0.05370688145888884
3 0.49389906791059507 0.6702677467689588 0.022420440006363406 0.04738414627652787
3 0.48707745058882174 0.584929658813056 0.023910214672181594 0.041170513867708355
3 0.49591719593413935 0.4968302467689588 0.025509077339272324 0.04433188145888885
3 0.4892683012810478 0.39664840881305596 0.022420440006363406 0.04738414627652778
3 0.4888512252944109 0.2981745412218754 0.02400112133990877 0.048983013867708355
3 0.4948295999761374 0.18734614399541707 0.02561816534054522 0.05370688145888893
12 0.15627015654841453 0.8749668984607293 0.0509454293443631 0.08241376291777769
12 0.1370352813096829 0.17745546561506956 0.057104522676635926 0.07474673328250003
5 0.5550440112190053 0.8553343842117712 0.03212270401018138 0.07572735182361115
5 0.5550222126432283 0.18562129625586854 0.03204997867599957 0.06947735182361114
9 0.13123871996341077 0.2726588628415279 0.06315452800763602 0.057704703647222286
9 0.14640535522759576 0.7825248253224654 0.06181020401018138 0.07641833605604162
2 0.5561023599618199 0.2942695976426394 0.044404528007635946 0.057268292553055565
2 0.5521468252307775 0.7685247152338199 0.039844297342454024 0.06809668977951375
6 0.14978544123968612 0.6935168767092362 0.053888616008908666 0.06686149810013901
6 0.13304557328136601 0.386012848023889 0.05385225334181776 0.06373649810013901
0 0.5487432986155477 0.38943662727791717 0.028743165340545218 0.05377961664124999
0 0.546179183243186 0.6769548110735074 0.028815890674727028 0.06002961664124999
8 0.1439541592536855 0.5902282225489237 0.06806020401018138 0.07656380642076392
1 0.5471427939210946 0.5941423110735075 0.03831816000954511 0.07118532218833344
4 0.5507410559357302 0.4863843624602783 0.03506589067472703 0.060175087005972114
11 0.13269048993477572 0.48368728181947934 0.0694772533418178 0.0641001740119446
7 0.1134812828125 0.12535971875000002 0.14130471093750002 0.92425585625 0.571694825 0.9018571140624999 0.5785630140625 0.1437098015625 0.1134812828125 0.12535971875000002