10 0.17788201877395754 0.5468055342134182 0.061755955534962846 0.025565484390903493
10 0.266971800625123 0.5444766531805594 0.05388889183263199 0.023730165879249122
10 0.3436409388295579 0.47765868621285107 0.047638891832631994 0.023511911069925517
10 0.6372743769413256 0.5088615238769811 0.04138889183263199 0.02329365626060227
10 0.7224554195922642 0.4393997065464532 0.04451389183263199 0.023402783665263983
10 0.8315328084296713 0.4942558429367896 0.053943455534962936 0.025292665879248943
3 0.784265905712448 0.21587787179273005 0.05432540145127902 0.0362301658792491
3 0.6831671971822603 0.23270576244423574 0.04823909255827132 0.040699411069925695
3 0.5818775156939147 0.2440649030957413 0.048075401451278844 0.0360119110699257
3 0.425758979666398 0.3652826825846541 0.046294646641955414 0.02970734736759484
3 0.11235618937771204 0.28314482749732894 0.060520837748947974 0.03488592068857255
12 0.18690484390903378 0.6035912475529293 0.07285714664195542 0.0306349303072194
12 0.5471602976298982 0.5714557823145017 0.05421627404661713 0.03310516587924894
5 0.7726810757680485 0.15292400400671521 0.061339293283910835 0.058323420688572505
5 0.3893427861123347 0.19603417478010574 0.06112103847458741 0.0520734206885725
9 0.31145837748947974 0.3176487691524757 0.07016865626060227 0.04302580290255768
2 0.6005927993591786 0.2872147023701019 0.051746038474587405 0.051746038474587405
6 0.7056275289407585 0.33830099801626545 0.05599702885594056 0.039409729581579886
6 0.7456498721320022 0.4988193465649866 0.06202877404661713 0.033377984390903316
0 0.3274851707733905 0.37340769583149797 0.06046627404661713 0.033323420688572546
0 0.3371801185038051 0.4270411273198437 0.06046627404661713 0.03332342068857237
8 0.7630754743089204 0.549836209541678 0.07932540145127867 0.03710318511654283
1 0.559754489833199 0.170528199374877 0.06322917549789579 0.06775298439090341
4 0.126765918959292 0.3373958178786821 0.09851191106992568 0.050257949544513104
11 0.25161712993655044 0.4855654446503716 0.08546627404661714 0.034196439925866254
7 0.14148177343749999 0.6335323046875 0.9140264109375 0.572659 0.8118407124999999 0.1352606296875 0.0674159109375 0.2215513078125 0.14148177343749999 0.6335323046875