10 0.8347097504633361 0.5670786854797981 0.061701391832632166 0.02471320967712849
10 0.7414830509188232 0.6597691455712114 0.052435519237293705 0.02740156203449331
10 0.5549676867610053 0.5556145308078497 0.04138889183263199 0.023767139784752266
10 0.37471719157032873 0.5409590636871231 0.043060519237293704 0.02696491439185813
10 0.27256192532825996 0.5980202388323483 0.04467758293962456 0.028600188998963993
10 0.181049037123825 0.5295912624059967 0.05399801923729371 0.027474336641598995
3 0.8299850118112635 0.8368282593011157 0.05594246515360979 0.03848461124870504
3 0.6314656662577672 0.8299296341986718 0.04969246515360979 0.038193512820281585
3 0.551398709541678 0.7698589673256143 0.041825401451278846 0.03626713978475227
3 0.4583704505560034 0.6551906916850512 0.04478671034428618 0.031725188998963996
3 0.2602305617185963 0.704651228493266 0.04171627404661713 0.033142139784752264
3 0.1637573550025071 0.643816428245597 0.04796627404661713 0.03343323821317572
12 0.8405257300449162 0.5125731219975627 0.07452877404661713 0.03467040653397539
12 0.16342751670540495 0.47399407981717356 0.07307540145127885 0.03772263192686935
5 0.5356422455691947 0.8849381577723203 0.05659722958158007 0.057234611248705033
9 0.3663392071794253 0.6016054652586997 0.05599702885594056 0.04004711124870504
9 0.8423932756910796 0.6159528331224333 0.0823958377489479 0.03659677956950454
2 0.5644567594490109 0.6648268649682494 0.05454365626060227 0.04309933664159917
2 0.26922115971916327 0.5368280277074777 0.07441964664195541 0.0315454065339754
6 0.25794383150404415 0.8821769150110306 0.0582688569862416 0.06043238585581108
6 0.6590574752355927 0.5103812675732833 0.06030258293962447 0.02932793507002245
0 0.46922115971916334 0.5461431774170274 0.04941964664195524 0.030381012820281585
8 0.5741194800449161 0.5001650514860142 0.06838790145127885 0.03750430810555194
1 0.4538218158949475 0.830263466292157 0.061775802902557686 0.07151543507002253
11 0.8311730003785183 0.8924425585153275 0.09916667549789589 0.07013702564056316
7 0.8900638046875 0.48912242343749995 0.12421249062499999 0.443344765625 0.10239840156249999 0.8854310890624999 0.8576873421875 0.9016983203125 0.8900638046875 0.48912242343749995