10 0.58984375 0.7261188489385187 0.025 0.0544351944820761
10 0.69140625 0.8176711838550847 0.03125 0.06413774310259512
10 0.690625 0.5286496274326498 0.0296875 0.04530585594746519
10 0.70078125 0.3390548609243063 0.03125 0.04695024310259503
10 0.63671875 0.24553723428462612 0.0265625 0.048267081637205854
10 0.70859375 0.13942667514865753 0.03125 0.057887743102595035
3 0.41875 0.8296167424252264 0.025 0.0606851944820761
3 0.41953125 0.6295757988476616 0.025 0.0466226944820761
3 0.47578125 0.5445966112629905 0.0234375 0.041853307326946164
3 0.58359375 0.43972764755903776 0.0234375 0.041853307326946164
3 0.5296875 0.2495840044110141 0.021875 0.0480214201718165
3 0.58828125 0.14182573609364843 0.025 0.05443519448207601
12 0.75546875 0.815876310494765 0.0421875 0.08502345318850324
12 0.7734375 0.10946585821077284 0.0484375 0.08378850180902231
5 0.36484375 0.5386918492772029 0.0375 0.05821529172311415
9 0.64375 0.8271999920865423 0.0390625 0.08485967887824372
9 0.6390625 0.3383831535519315 0.0375 0.06446529172311406
2 0.5828125 0.5467998411366025 0.0328125 0.0642196302577247
2 0.7046875 0.2302563930364819 0.0421875 0.08502345318850332
6 0.74921875 0.631828859115284 0.04375 0.07104284034363317
6 0.35859375 0.26323814789772193 0.0453125 0.06799972749876275
0 0.70078125 0.4382736109243062 0.0375 0.05821529172311415
8 0.759375 0.5422340926069407 0.05625 0.07482293758467104
1 0.4203125 0.4529723552700967 0.040625 0.06150406603337348
11 0.36875 0.8400496313893786 0.04375 0.10073034034363308
7 0.7744140625 0.86624338125 0.7998046875 0.0715099390625 0.3388671875 0.10839813125 0.3473307296875 0.868371240625 0.7744140625 0.86624338125