10 0.81875 0.1296875 0.0390625 0.0625
10 0.828125 0.22109375 0.03828125 0.05625
10 0.7625 0.31640625 0.034375 0.05
10 0.8375 0.61484375 0.0390625 0.04453125
10 0.771875 0.7171875 0.03671875 0.04609375
10 0.84765625 0.81796875 0.0390625 0.05234375
3 0.53515625 0.13828125 0.02265625 0.0609375
3 0.65078125 0.4296875 0.028125 0.04375
3 0.54921875 0.61015625 0.025 0.0453125
3 0.553125 0.7140625 0.0234375 0.04453125
3 0.54765625 0.82109375 0.025 0.053125
12 0.88359375 0.12734375 0.05390625 0.0828125
12 0.89765625 0.50234375 0.0578125 0.06328125
5 0.4859375 0.43515625 0.02890625 0.05546875
5 0.48828125 0.8234375 0.02890625 0.0671875
9 0.590625 0.32890625 0.0296875 0.06640625
2 0.6015625 0.62265625 0.0328125 0.053125
6 0.66328125 0.71953125 0.034375 0.05703125
6 0.84453125 0.73125 0.05703125 0.06875
0 0.64921875 0.32734375 0.0328125 0.0625
0 0.70703125 0.32421875 0.03828125 0.065625
8 0.91171875 0.7328125 0.075 0.07734375
1 0.48515625 0.6046875 0.034375 0.0609375
4 0.5953125 0.13828125 0.03515625 0.0984375
11 0.7671875 0.21796875 0.05859375 0.08984375
7 0.4622395828125 0.10648148125000001 0.4651692703125 0.868634259375 0.9345703125 0.8802083328125001 0.8974609375 0.078125 0.4622395828125 0.10648148125000001