10 0.822843363690642 0.6000003473904569 0.0638650789250776 0.026348484284234353
10 0.7347063268589391 0.6068624693925289 0.05283657366340577 0.02427656203449331
10 0.6363745136482898 0.5466633699306482 0.048149073663405775 0.02405823821317572
10 0.36013126108804105 0.609000588294229 0.04658657366340595 0.023985463606069856
10 0.2555494478773917 0.5485103904039248 0.04511507892507769 0.025475188998963994
10 0.16473546110215848 0.6147838997095498 0.05145608418674961 0.027328787427387268
3 0.11847990031058356 0.33296666542531544 0.061195105233436964 0.03401543507002262
3 0.22693714241807578 0.34036825061917253 0.04869510523343701 0.03343323821317572
3 0.3319431608339272 0.33977539929526496 0.04557010523343692 0.03328768899896399
3 0.5216133346102726 0.4457472251834972 0.04520608418674961 0.027037688998963992
3 0.8001240134365283 0.33102986951636343 0.05650760523343692 0.033797111248705033
12 0.8319761690087837 0.6583950442473038 0.08637711575678075 0.03830482878371626
12 0.46820209534537777 0.6633863353987449 0.056689615756780755 0.036922111248705036
5 0.499592663394176 0.27238034573782705 0.05585515785015538 0.04934933664159917
5 0.1089753686699653 0.2675043312649157 0.07460515785015547 0.050222631926869356
9 0.6151883003388183 0.38586926509208397 0.06780912628012423 0.04055653349844608
2 0.3260880029837717 0.38650485008105323 0.055582142065139985 0.04466183664159917
6 0.2378452793627182 0.448981271297337 0.05797909997176518 0.0323073858558109
6 0.25347173741051776 0.6110831650110307 0.05807010523343692 0.0338698858558109
0 0.618897858287796 0.44322800082406033 0.05807010523343692 0.0338698858558109
0 0.6267411793909531 0.49686242307380135 0.05485409997176518 0.032161836641598995
8 0.2517125453594953 0.6681871896181365 0.07442314732681173 0.04709763192686935
1 0.32928016339417604 0.2644479135632886 0.06770271046687401 0.06548375889134013
4 0.8038790740163417 0.3876073552483398 0.09335515785015538 0.051095927212139715
11 0.7303520268024695 0.5471235963569996 0.08793961575678075 0.03837760339082212
7 0.8267308234374999 0.2617658625 0.06317505 0.25035656875 0.1081347125 0.70386716875 0.8840789375 0.681907459375 0.8267497828125 0.2614403421875 0.8267308234374999 0.2617658625