10 0.17641914482743504 0.6927671146384672 0.06058467292769345 0.0321068458553869
10 0.26570447931411545 0.7018648834215475 0.05583350593149898 0.030353344866803765
10 0.35691972832553226 0.7009019026989194 0.05433467292769345 0.03185217787060921
10 0.4584503948274351 0.7042590074515549 0.043333505931499164 0.029844008897248565
10 0.5491072283255323 0.7087329432308296 0.04495967292769336 0.03147017589344294
10 0.6499521453217266 0.7144019644853679 0.046585839923887915 0.03309634288963732
10 0.7389828118236295 0.7172497332684481 0.048148339923887916 0.0331600098858317
10 0.85014314631031 0.72723883999825 0.05433467292769336 0.03185217787060921
3 0.1585645054743885 0.4268556131555924 0.05726867193911023 0.027292011862997966
3 0.2561252549800969 0.4284910504177419 0.05427100593149907 0.030289677870609388
3 0.35068833847819414 0.4331241536875027 0.05095500494291585 0.025474843878220455
3 0.4360355894667773 0.4412815049800969 0.04476867193911023 0.026782675893442943
3 0.5247479209877082 0.43631677376317723 0.04164367193911023 0.026655341901054185
3 0.6217820884781942 0.4441703775272295 0.04489600593149916 0.029907675893442943
3 0.7264059214819998 0.4468735662722537 0.04802100593149916 0.030035009885831698
3 0.8323375865010277 0.4433904220134723 0.05427100593149916 0.03028967787060921
12 0.17818457467521073 0.7552352811403701 0.07678267589344294 0.04680601581733086
12 0.86837849315428 0.7919380099601938 0.0785361768820259 0.05155718281352524
5 0.16145474212851565 0.3637971976422728 0.07652800790866539 0.04055601581733086
5 0.8273516561589606 0.3784511715191808 0.06897017589344294 0.04648768083635888
9 0.27234841015047423 0.7692115509120334 0.07254084486680376 0.05755251482874755
9 0.774038244142863 0.7927736566904331 0.0631021778706092 0.055608012851581276
2 0.721197156653252 0.37646556577796214 0.0581600098858317 0.04916701186299814
2 0.24979965912471008 0.3689568829272559 0.06740767589344294 0.04642401384016441
6 0.3603113251695023 0.7649962361970166 0.06428267589344294 0.046296679847775656
6 0.6607251606447658 0.7873765494663397 0.06272017589344295 0.04623301285158128
0 0.3398344101132932 0.3773052352084334 0.060775673916276675 0.0367943458553869
0 0.627765491634224 0.3804580460062986 0.05621550790866543 0.039728344866803766
8 0.4604386591618911 0.7721959239534577 0.07260451186299814 0.05911501482874755
1 0.42330082612090447 0.3775864195048334 0.0722225098858317 0.04974001482874764
4 0.5308904916342241 0.3765106922422464 0.06122134288963732 0.0477318458553869
11 0.5646950776409602 0.7850235292003847 0.06479201186299796 0.05879667984777583
7 0.129156921875 0.7735163328125 0.923682225 0.8192149531249999 0.8715213421874999 0.3614670828125 0.1141490078125 0.3484804453125 0.129156921875 0.7735163328125