10 0.77890625 0.14140625 0.03671875 0.06171875
10 0.7859375 0.234375 0.034375 0.0546875
10 0.78203125 0.325 0.0359375 0.053125
10 0.7828125 0.4296875 0.03671875 0.04375
10 0.784375 0.52265625 0.0375 0.04375
10 0.7859375 0.6234375 0.0375 0.04453125
10 0.78671875 0.71640625 0.0375 0.04921875
10 0.79296875 0.82734375 0.03515625 0.0546875
3 0.50546875 0.13984375 0.02265625 0.05859375
3 0.503125 0.2390625 0.02265625 0.05
3 0.50390625 0.334375 0.02421875 0.04765625
3 0.509375 0.4203125 0.0234375 0.0421875
3 0.5015625 0.5078125 0.021875 0.040625
3 0.50390625 0.60703125 0.0234375 0.04453125
3 0.50546875 0.71015625 0.0234375 0.04453125
3 0.49921875 0.815625 0.025 0.0546875
12 0.84453125 0.14296875 0.05078125 0.07890625
12 0.85703125 0.8421875 0.05546875 0.0765625
5 0.43828125 0.8140625 0.03125 0.0671875
5 0.44453125 0.14375 0.03359375 0.075
9 0.86328125 0.75 0.0625 0.06875
9 0.85234375 0.23671875 0.0609375 0.0734375
2 0.44609375 0.23359375 0.03828125 0.0703125
2 0.43828125 0.70625 0.0390625 0.0546875
6 0.84921875 0.325 0.053125 0.059375
6 0.86328125 0.63359375 0.0546875 0.06640625
0 0.4515625 0.325 0.0296875 0.05703125
0 0.446875 0.61328125 0.028125 0.0546875
8 0.8546875 0.43046875 0.06640625 0.075
11 0.8640625 0.5359375 0.0703125 0.06484375
4 0.44609375 0.5171875 0.03359375 0.059375
1 0.45 0.40859375 0.03671875 0.07421875
7 0.4280598953125 0.10011574062499999 0.4143880203125 0.8570601859375 0.8802083328125001 0.8946759265625 0.8597005203125001 0.09375 0.4280598953125 0.10011574062499999