10 0.18588937462194394 0.6097410129856435 0.05370688145888893 0.02592730032431163
10 0.2897241958603468 0.5474649297868908 0.04429551386770836 0.024201159090609537
10 0.3804206246219439 0.6131365685849609 0.04429551386770836 0.024201159090609537
10 0.6715008727220828 0.565070810060249 0.04738414627652787 0.022693206168510116
10 0.7575279852792703 0.6298793782414679 0.05367051386770836 0.024364800324311632
10 0.848262088052812 0.6267737435005877 0.0599568814588892 0.02603639448011279
3 0.8794809461446871 0.36002262012379316 0.06002961664124982 0.029161394480112967
3 0.5762812513311802 0.4586787138758527 0.04429551386770818 0.024201159090609537
3 0.4116212989182289 0.3471666952081663 0.04447735182361114 0.032013659090609534
3 0.30856903410059 0.3422416416374438 0.04447735182361114 0.032013659090609534
3 0.2056804234432636 0.3302853380667214 0.055414851823611146 0.03220457386326192
12 0.4774761561570828 0.6742298015388324 0.05407055737069442 0.04155230032431163
12 0.8452812519967704 0.6876839699616373 0.07903418977951375 0.040426176947516976
5 0.20873399468166648 0.2662501116056718 0.06355466014423614 0.04640344155801355
5 0.5934902011786803 0.29016053895693056 0.055705792553055744 0.04470457386326192
9 0.6822416170224997 0.40581854098552544 0.06955008700597212 0.03557503571381489
2 0.396522322569583 0.39145248335761323 0.05410692496187508 0.043114800324311545
6 0.29592160410472185 0.4490956136342666 0.05381598423243057 0.03061480032431163
6 0.2710819922131245 0.609664920858437 0.05853985182361114 0.0322591209411625
0 0.6746823837399997 0.461959446829724 0.06002961664124999 0.02916139448011279
0 0.6726828194354509 0.514289560060249 0.06010235182361114 0.03228639448011279
8 0.2603432075438536 0.668095029624735 0.07605466014423615 0.0466216298696164
1 0.42426807570371505 0.2739201099808187 0.060720600873680655 0.05884889448011297
4 0.871903529066597 0.41694477596799173 0.09782055737069442 0.042315959414921125
11 0.766758821335312 0.5690782459362197 0.08673758700597212 0.03587504464226861
7 0.918891975 0.2934957453125 0.16677884375000002 0.2468252953125 0.11119942499999999 0.6946051015625 0.8923509296875001 0.7124736406250001 0.918891975 0.2934957453125