10 0.7989615640202082 0.1546486147755859 0.03902743882958326 0.0660613520050907
10 0.8046283761405553 0.24692702144331316 0.04029899810013902 0.053579533338636055
10 0.7360400706697219 0.3399043147676317 0.032341027735416715 0.047238626670908876
10 0.8017501107542355 0.6391872467774948 0.03851829255305565 0.04418635200509069
10 0.7329981511230896 0.7391957901018136 0.03550239532659738 0.048837489337999786
10 0.8047984563095827 0.8439656534452222 0.04037173328249999 0.05670453333863605
3 0.5161308802246178 0.1521390434038604 0.02630923328249999 0.05654090133672711
3 0.6217937730826733 0.4471980994191324 0.026018292553055565 0.04404090133672707
3 0.5168666176880897 0.6241504034054512 0.022893292553055566 0.04400453866963616
3 0.5160106728745827 0.7280748347389967 0.026054660144236054 0.045603401336727065
3 0.5072331252875341 0.8365958594048148 0.0262728656913195 0.054978401336727246
12 0.8653859978157985 0.1546400714512673 0.05494337955902786 0.07874316534054512
12 0.8652333421368745 0.5305213187857672 0.05592399810013902 0.053761346674090583
5 0.45689547169590233 0.447623718730088 0.030996733282499987 0.05659544533736351
5 0.44785812528753405 0.835904968730088 0.03285017401194459 0.06911362667090906
9 0.5655275489182289 0.34651629941117823 0.032777438829583436 0.06598862667090888
2 0.5674114783454162 0.6348975467456782 0.035720600873680654 0.05821248933799979
6 0.6244044011230897 0.737932187420405 0.03255923328249999 0.05661362667090888
6 0.8037464090068743 0.7548667907781312 0.05621493882958326 0.06626134667409059
0 0.6811889165094095 0.34629921809354114 0.03895470364722229 0.06293635200509069
0 0.6241031151226386 0.34797934941913244 0.034194468464861315 0.059756808004454334
8 0.8715696886421522 0.7619076787873581 0.07376611474138883 0.0820863413430903
1 0.451387088052812 0.6171367873965425 0.03899107123840295 0.06449885200509069
4 0.5762325788378471 0.15518277474536002 0.036629790653194404 0.09727498933799979
11 0.7437454275273262 0.24387419943504077 0.058286585106111136 0.08815452800763604
7 0.8799524640625 0.10517228593750001 0.44566951718750003 0.115748178125 0.445357465625 0.11516568593750001 0.4226814734375 0.8795764625 0.8902281828125 0.9087501390625 0.8799524640625 0.10517228593750001