10 0.49673703163466154 0.15 0.027419345855386724 0.059375
10 0.5944343853987138 0.246875 0.027037343878220453 0.05
10 0.5051039244477493 0.43203125 0.025220175893442942 0.04375
10 0.5038637125082015 0.6125 0.025092841901054187 0.040625
10 0.5673452337627397 0.71328125 0.026782675893442943 0.04375
10 0.5055402535344031 0.80703125 0.027037343878220453 0.05
3 0.6187087569944444 0.8234375 0.02872717787060921 0.053125
3 0.6741045697322948 0.72578125 0.03140650889724857 0.0421875
3 0.6098325282118016 0.52890625 0.026655341901054185 0.040625
3 0.7177949254363324 0.43671875 0.03303267589344294 0.04375
3 0.7731416586304185 0.35703125 0.036412343878220454 0.05
3 0.7665229496194391 0.15625 0.036667011862998145 0.05625
12 0.4506763399982499 0.821875 0.034497016805913994 0.0796875
12 0.4395466141441756 0.14609375 0.03443334980971961 0.078125
5 0.8349015123944706 0.45390625 0.05528967787060921 0.053125
9 0.544919863649884 0.14375 0.034497016805913994 0.0796875
9 0.5651832144853678 0.621875 0.03497717787060939 0.053125
2 0.6110355894667773 0.42421875 0.04291701186299814 0.05625
2 0.5066624017475172 0.71953125 0.03436968281352506 0.0765625
6 0.4507745687065306 0.32578125 0.030544345855386724 0.059375
6 0.8516393207208779 0.73046875 0.058542011862998324 0.05625
0 0.5008886097327323 0.5203125 0.03028967787060921 0.053125
8 0.44724500349722207 0.41171875 0.037240014828747545 0.0703125
1 0.784305946196579 0.53515625 0.06498301285158128 0.0609375
11 0.819616116121342 0.15546875 0.06957235376405216 0.096875
7 0.4137450703125 0.0960648140625 0.4213439390625 0.865740740625 0.868227115625 0.8883101859375 0.830104634375 0.12847222187500001 0.4137450703125 0.0960648140625