10 0.14447944271163432 0.336160733209777 0.0660613520050907 0.03979167549789597
10 0.23113455804422528 0.3337202686891395 0.055014764003817974 0.030034729581579978
10 0.32180501137808887 0.34079121342432916 0.05345226400381797 0.02998016587924912
10 0.4241305800445434 0.3428026359270002 0.04251476400381797 0.029598219962933124
10 0.5139561487109979 0.34437754881102445 0.044095445337363516 0.031215283665263983
10 0.6147101267106798 0.3455531576113646 0.04407726400381797 0.02965278366526398
10 0.7037726267106799 0.3486632886442234 0.04878294533736351 0.031378974772256554
10 0.813074901376498 0.34623274780738333 0.05188976400381797 0.029925602176918264
3 0.14601686008113263 0.6025124195074462 0.05655908267027256 0.028526793283910834
3 0.24601686008113263 0.6060044964566209 0.05345226400381797 0.02998016587924912
3 0.3413202694143599 0.6085516322988032 0.047165901336727066 0.026636911069925516
3 0.42639470341340535 0.6044941040758347 0.044059082670272434 0.028090283665263983
3 0.5139947007479053 0.6161434214063627 0.04091590133672725 0.026418656260602268
3 0.609252656747269 0.6147843072485448 0.044040901336727244 0.026527783665263982
3 0.7155026567472691 0.6184946390070432 0.04407726400381797 0.02965278366526398
3 0.8194634507479053 0.626810625212045 0.051907945337363516 0.03148810217691818
12 0.13751128003658925 0.27422372840045356 0.08175907733927246 0.04658731252120454
12 0.8240573073679075 0.28336072557486475 0.0739829400063634 0.04943949400955026
5 0.8249054760900412 0.6918180663190376 0.06922271467218159 0.04302580290255768
5 0.15533786342295042 0.6653125198702659 0.07392839600572701 0.04475199400955034
9 0.22959878270208928 0.2688492368379741 0.07874316534054512 0.055853185116542824
9 0.7310249227004985 0.2746454352861788 0.056868165340545215 0.05508929328391084
2 0.716320816756814 0.6888071390070432 0.056795440006363405 0.04883929328391083
2 0.24358275075585953 0.6652703690519592 0.06929544000636331 0.04927580290255769
6 0.32028741736949834 0.27748268157316375 0.0629727146721816 0.04280754809323426
6 0.6169896947008165 0.2730060350160263 0.056722714672181596 0.04258929328391083
0 0.6224799100890868 0.6777208168671918 0.053579533338636055 0.04091766587924894
0 0.33337195675522324 0.6637202819359834 0.06137385200509069 0.039627984390903315
8 0.4178891233688621 0.2762054129688422 0.07405566534054517 0.055689494009550256
11 0.5224584447008166 0.2697049310250096 0.060029528007635946 0.05832342068857255
4 0.5248600227561777 0.6774355854715133 0.06148294000636341 0.04900298439090349
1 0.41855547875554133 0.6690377537130151 0.0708579400063634 0.04933036660488845
7 0.1096736125 0.6757572656249999 0.8690692328124999 0.7139899328125 0.8770803171875 0.2590510890625 0.08797088125 0.2523196484375 0.1096736125 0.6757572656249999