10 0.8573757179363376 0.30315896549741045 0.0630454707790065 0.03234094155801363
10 0.767395600241586 0.2937782370077659 0.053670470779006864 0.03217730032431154
10 0.6768115105500115 0.2945401217486462 0.053670470779006864 0.03217730032431163
10 0.572864350241586 0.2903826814084486 0.04429547077900686 0.032013659090609534
10 0.4821711663942102 0.28489456614932884 0.04432274431795715 0.033576159090609535
10 0.38208934577735915 0.2784615596565071 0.04273297077900686 0.031986385551659245
10 0.29143707223840887 0.2753171943973874 0.04747501785690744 0.035193206168510204
10 0.17878706777418193 0.2647597495929629 0.055232970779006775 0.03220457386326192
3 0.846428129866321 0.5708549801079071 0.058194329545304416 0.022884120941162676
3 0.7472093798663211 0.5691231103845604 0.05665910308425506 0.02441934740221221
3 0.6526372195578956 0.565129311278065 0.04731137662320535 0.025818206168510115
3 0.5673309650936686 0.5550491534052714 0.04103410308425506 0.024146612012708957
3 0.47918608278842034 0.5613206984545772 0.04418637662320535 0.025763659090609535
3 0.3821883518631438 0.5525984890396561 0.04418637662320544 0.025763659090609535
3 0.27745994155471826 0.5484274119299833 0.047284103084255055 0.024255706168510117
3 0.17051051217156935 0.551246674511885 0.05356137662320544 0.02592730032431163
12 0.8617398896088491 0.23997317288373665 0.07888865909060953 0.04511367694751698
12 0.16751260267721801 0.2005199715897857 0.07587275324641088 0.05130912986961631
5 0.16618725080748362 0.6167762171255589 0.07261138555165916 0.043442082791715644
5 0.8381440714243347 0.633191338874205 0.07252956493480837 0.03875458279171564
9 0.7693751116056717 0.22820778408566658 0.07280230032431163 0.05437958279171564
9 0.26353816882984216 0.1982910442352316 0.06041139448011288 0.06041139448011288
2 0.7505758875769588 0.627757770692986 0.06633411201270878 0.0417704886359143
2 0.27868725080748363 0.6187399119299833 0.06170115909060954 0.04481366801906326
6 0.6803671586835724 0.2297781923654972 0.06331820616851011 0.04796594155801363
6 0.376887602677218 0.20417462580913126 0.0570682061685102 0.04785684740221221
0 0.6590605434211574 0.6199122686643911 0.056850017856907444 0.03535684740221221
0 0.36998440665168225 0.6140854139585782 0.055260244317957154 0.03376707386326192
8 0.5786819277582959 0.22097416233372513 0.07134889448011297 0.06060230925276533
1 0.5746855434211574 0.6184394975610727 0.06951365909060954 0.04495003571381488
4 0.46847645372958285 0.6189286469124496 0.05695911201270896 0.04160684740221221
11 0.47300862621616835 0.20741444845457715 0.06359094155801355 0.06359094155801363
7 0.882601971875 0.649652678125 0.912779990625 0.22420249218750002 0.117583421875 0.173875059375 0.12273559687499999 0.634762053125 0.8837650609375001 0.6499984015625 0.882601971875 0.649652678125