10 0.24134064011772188 0.8671875 0.036664753341817756 0.0625
10 0.23170146343885878 0.77734375 0.034993165340545127 0.053125
10 0.23375376475967755 0.68515625 0.036519302673454226 0.05
10 0.22941970607890544 0.58125 0.0348477146721816 0.040625
10 0.22365041673295147 0.48828125 0.0348840773392725 0.04375
10 0.21857147071927036 0.3875 0.0364465773392725 0.04375
10 0.2159453627068618 0.29609375 0.03960794000636332 0.046875
10 0.20604255669158977 0.18359375 0.03655566534054513 0.053125
3 0.5146326894493584 0.8546875 0.02412839067472703 0.059375
3 0.5127060154359953 0.75625 0.02561816534054522 0.053125
3 0.5092259320894049 0.65859375 0.022420440006363406 0.046875
3 0.5004225494111783 0.5734375 0.023910214672181594 0.040625
3 0.5072078040658606 0.48515625 0.025509077339272324 0.04375
3 0.49823169871895223 0.38515625 0.022420440006363406 0.046875
3 0.4955237747055891 0.28671875 0.02400112133990877 0.0484375
3 0.4989204000238626 0.17578125 0.02561816534054522 0.053125
12 0.17654234345158548 0.87109375 0.05094542934436315 0.08125
12 0.1410897186903171 0.17421875 0.057104522676635926 0.0734375
5 0.5746434887809947 0.8421875 0.03368520401018138 0.075
5 0.5590402873567717 0.17265625 0.03204997867599957 0.06875
9 0.13751128003658925 0.26953125 0.0631727093411815 0.0578125
9 0.16453214477240424 0.77890625 0.06181020401018138 0.075
2 0.5626476400381801 0.28125 0.044404528007635946 0.05625
2 0.5697281747692224 0.75546875 0.039844297342454024 0.0671875
6 0.16583955876031387 0.68984375 0.053888616008908666 0.065625
6 0.14195442671863398 0.3828125 0.05387043467536321 0.0640625
0 0.5575067013844522 0.3765625 0.028743165340545218 0.053125
0 0.5616333167568139 0.6640625 0.028815890674727028 0.059375
8 0.15760834074631452 0.58671875 0.06807838534372679 0.0765625
1 0.5606697060789054 0.58125 0.03831816000954511 0.0703125
4 0.5617589440642698 0.4734375 0.03506589067472703 0.059375
11 0.14387201006522427 0.48046875 0.0694772533418178 0.0625
7 0.592367675 0.8883101859375 0.5815932359375 0.1302083328125 0.11633642656250001 0.1226851859375 0.1627317484375 0.9207175921875 0.592367675 0.8883101859375