10 0.1241562847062431 0.45218958457468456 0.060011497492717544 0.024640435070022625
10 0.21301419622644105 0.4550726819696507 0.05380696159934022 0.025911836641598997
10 0.3076878502247916 0.39214884284685214 0.04916492570596294 0.027256012820281582
10 0.5832585000665069 0.44016885008556245 0.046039925705962756 0.027110463606069855
10 0.6881566002247915 0.3744282260165759 0.044522889812585474 0.028600188998963993
10 0.7761135897999504 0.43508743610798906 0.05072742570596276 0.027328787427387445
3 0.13749032515196694 0.18162237344981405 0.057341138558944314 0.0401198858558109
3 0.4185691774218226 0.281658644956548 0.043096782132453625 0.03321491439185813
3 0.6029334687254762 0.16618554053226856 0.04024456677218975 0.04244436517764645
3 0.7091380046188535 0.16279936724907024 0.043278638558944496 0.03946491439185813
3 0.8132488430986555 0.15092860587653073 0.057386602665567124 0.0416823858558109
12 0.4778746666012699 0.495789611458102 0.05081835391920819 0.030453787427387448
12 0.11785480892113791 0.5078766583960022 0.07581835391920828 0.03161818114108108
5 0.4329452291503174 0.10934699731391287 0.05784124373179385 0.057307385855810855
5 0.8205588894168742 0.08739264475166023 0.06721624373179402 0.057744033498446035
9 0.3218820455267958 0.22608719520421702 0.06698892319868044 0.049931533498446076
2 0.6117257955267957 0.21258750558608047 0.053199207838416564 0.05865156203449331
6 0.7006004274218226 0.26852282837394076 0.054397994985435 0.046224336641599174
6 0.6894857680131956 0.4360014268023642 0.05398881802583091 0.032161836641599176
0 0.3194640876883793 0.28237358250776995 0.06211956677218975 0.04346320967712849
0 0.3154608977966514 0.3395139944184288 0.06202863855894432 0.04033820967712849
8 0.6887894345479586 0.48674628949881116 0.06818771034569907 0.03750430810555194
1 0.6051384778966762 0.09040429053226855 0.06463681301126592 0.07634848428423431
4 0.13516329552679576 0.234783760753367 0.09538670783841652 0.06061647642635144
11 0.21324752843803693 0.3934267065767566 0.08711956677218965 0.044627603390822126
7 0.0694127421875 0.5341237640625 0.8310351062500001 0.5168550953125 0.8653191687499999 0.0734750015625 0.11093673281250001 0.11998871562499999 0.0694127421875 0.5341237640625