10 0.3760379568065479 0.13047974848138857 0.02967421189493056 0.05999324905006951
10 0.37445552464894377 0.21968771884611077 0.027784163274411532 0.05370688145888887
10 0.44186875395672887 0.31198301519888855 0.02589411465389251 0.04742051386770836
10 0.39439504692303834 0.6001564688461108 0.028855340343632997 0.04436824905006951
10 0.461972050541083 0.6955767651988884 0.025730340343632994 0.04429551386770836
10 0.3992440784693871 0.7971587554152428 0.027702276119281777 0.05214438145888885
3 0.6445422953411587 0.11953702279833281 0.031236711894930557 0.06002961664125004
3 0.5489586369279872 0.41508787177215234 0.027620388964152198 0.050581881458888846
3 0.6620771918800842 0.5884506769586453 0.03058161465389251 0.047529616641249994
3 0.6682629941186479 0.691557493163055 0.03214411465389251 0.04756598423243048
3 0.6793410142450359 0.7984614565939231 0.032635437584671044 0.05694098423243066
12 0.3141963760738533 0.12957251833302058 0.041594357756487635 0.07899782218833336
12 0.3310551639517801 0.49603331971979137 0.04028416327441153 0.05399782218833345
5 0.7175858061952926 0.40881642192465223 0.04686171189493056 0.06039329255305557
5 0.7450888449777305 0.7992777677643397 0.04727114767057934 0.06820579255305556
9 0.5998450282669884 0.3114348884896523 0.03797803482570909 0.06955008700597229
2 0.613595426276252 0.6036587560808329 0.04390048620519007 0.06344555737069442
6 0.3984418170494264 0.7072240864372914 0.040447937584671044 0.05712282218833344
6 0.5613545748513424 0.6963924231589231 0.03230788896415202 0.05069098423243048
0 0.5453622461548128 0.3166140041809718 0.03140048620519007 0.06315461664125
0 0.49211441542211815 0.3155067522811107 0.03131859905006031 0.06159211664124999
1 0.7351871432595651 0.5804914001731591 0.05944359905006032 0.06224673328249999
4 0.5868935696514181 0.12400762367201341 0.04257700361804453 0.09774782218833336
11 0.43605144391624917 0.21590744899447883 0.03896068068726617 0.08830008700597228
8 0.33869500282507514 0.7164367386977428 0.05393058344622812 0.07616376291777768
7 0.29026559218750003 0.07841720468749999 0.31357848125 0.8652922515625001 0.7653852109375 0.842029321875 0.7123690796875 0.0853955171875 0.29026559218750003 0.07841720468749999