5 0.8729086965308408 0.534540167282833 0.0814227168225127 0.033471779569504534
2 0.7838325609922213 0.5327357646777993 0.07363748789975162 0.037795406533975395
0 0.6939660850945224 0.5324574747692123 0.06424430718159221 0.03423375889134021
1 0.6095865399149825 0.5293088959854961 0.0736193071815924 0.03467040653397539
4 0.5010246061717611 0.5187823107916391 0.06269998789975162 0.03728598428423417
0 0.40336381099222135 0.5150151478475229 0.05329771682251274 0.032161836641599176
2 0.31120812724900004 0.5052526960282774 0.05801248789975162 0.03706766046291676
5 0.20417233206946026 0.501048885441526 0.06736021682251273 0.032816808105551945
3 0.8788132628858154 0.5942062657112566 0.06262726502711473 0.024785984284234175
3 0.778041103244895 0.5879498035529287 0.054823855386194255 0.025984611248705037
3 0.6835098532448949 0.5835469398230243 0.04700226502711473 0.02405823821317572
3 0.5959689466290368 0.5865028118250963 0.04389544574527378 0.027037688998963992
3 0.5069609887835144 0.5729796592200624 0.040761355386194256 0.025329639784752445
3 0.4108354225267357 0.5739727708830522 0.04388635538619425 0.02547518899896417
3 0.3084825821676561 0.5707685341176185 0.047011355386194255 0.02562073821317572
3 0.20305019360397458 0.5596062481379731 0.05327044574527386 0.02747433664159917
10 0.8748468837901037 0.8730033538005977 0.06271816861791066 0.04041098428423453
10 0.7841809771742453 0.8758136765884579 0.05647725897699054 0.04168238585581108
10 0.6912304078924045 0.8683585874656593 0.053352258976990544 0.041536836641599
10 0.5880963175333249 0.8651179633966729 0.04396816861791084 0.03953768899896417
10 0.4943326819947055 0.8630952369703214 0.04398634933607006 0.04266268899896417
10 0.39197075127654624 0.8614535002048879 0.04241475897699045 0.04102741439185813
10 0.29900200127654625 0.8571234110820892 0.048682939695149675 0.04444351282028158
10 0.18724688984022775 0.8581700266740204 0.05647725897699045 0.04168238585581072
12 0.8744696338882993 0.9378471038005977 0.08155907220870695 0.05690927956950489
12 0.17437418511796343 0.9216503298171735 0.07223861436318471 0.06584763192686935
9 0.7806605465542819 0.9436368773742462 0.07223861436318461 0.06584763192686935
9 0.2680741881430255 0.9346105562435252 0.059774975799503235 0.07151543507002245
6 0.6908304320929013 0.9371085874656593 0.0628545240041051 0.06384848428423454
6 0.38448952850210516 0.9384697644729115 0.05972043364502548 0.06214043507002245
8 0.5884503206565829 0.9385918507002259 0.07543633723582169 0.07849318114108143
11 0.4813554381430256 0.9445442901134747 0.06294542759490121 0.07947348428423454
7 0.9167933078124999 0.5184151421875 0.161638 0.474126165625 0.1207126609375 0.9417482703125 0.9212113890625 0.9529833765625 0.9167933078124999 0.5184151421875