10 0.628717868555096 0.8441642724021545 0.028815890674727028 0.06035714664195524
10 0.53058090790105 0.7477307273041452 0.02249316534054522 0.05388889183263199
10 0.6289200525939125 0.558117644997493 0.023946577339272503 0.044568455534962935
10 0.6396773812858203 0.3724802453603126 0.025509077339272324 0.044623019237293705
10 0.5767693959659561 0.2710243835647475 0.025545440006363405 0.0477480192372937
10 0.6475097046467282 0.1695462183184706 0.028779528007635946 0.05723214664195542
3 0.3583144618873688 0.8425372518989164 0.028761346674090582 0.05566964664195524
3 0.3590973539147312 0.6409201881965856 0.027089758672817866 0.04624008293962447
3 0.41708312392586705 0.5608805133316619 0.025472714672181596 0.0414980192372937
3 0.5245058199395483 0.46380959509016007 0.023910214672181594 0.04144345553496294
3 0.47286314596595613 0.26739589735974556 0.022420440006363406 0.047638891832631994
3 0.5303494766470462 0.16311019064365642 0.02561816534054522 0.05399801923729371
12 0.6896280965547779 0.848636006793058 0.04309656667727228 0.07959821996293322
12 0.7087290153166826 0.14745545270937396 0.05105451734563573 0.09237103847458741
5 0.3039382339274579 0.5452058949126749 0.04438634667409058 0.05621528366526398
9 0.5809888932209143 0.8487500794810636 0.03688292934436319 0.08250496515360979
9 0.5780222659532294 0.36485622911824384 0.03197725334181776 0.06359127404661713
2 0.5233149425923216 0.5661533450901601 0.028743165340545218 0.05410714664195524
2 0.6417495059675469 0.26157002721147804 0.03532042934436319 0.08245040145127884
6 0.2993529206317743 0.2675893264010206 0.044440890674726855 0.060902783665263985
6 0.6839519032463677 0.6647694382814037 0.03819089067472685 0.060684528855940556
0 0.6377688886060028 0.46932796350914713 0.03499316534054522 0.05432540145127884
8 0.6943541485916853 0.5768155704953888 0.05078179734245403 0.06893353847458741
1 0.3588262759389119 0.4627133426430894 0.04756589067472685 0.06101191106992569
11 0.30669741788673244 0.8454241497219982 0.05109088001272664 0.0954960384745874
7 0.7111793546875 0.8996115390625 0.737006259375 0.107367203125 0.2810481421875 0.11112871718749999 0.288136946875 0.8732597953125 0.7111793546875 0.8996115390625