10 0.6696181292921034 0.1258654854023937 0.028470433645025394 0.06035714664195542
10 0.6787345749391814 0.21540913503957398 0.02844316256778647 0.055669646641955416
10 0.6769180657657994 0.30611598059307027 0.03155907220870695 0.05421627404661713
10 0.6814106439264347 0.4067608213372432 0.029942030054229286 0.04478671034428618
10 0.6866253847530526 0.4972221302302506 0.02996021077238851 0.04791171034428636
10 0.692675917734148 0.5970311572720925 0.02996021077238851 0.04791171034428636
10 0.6955469085607658 0.6875743117185963 0.03153180113146821 0.04952877404661713
10 0.7047769836963391 0.7966492113557766 0.030005662567786473 0.055724210344286186
3 0.42211901980069266 0.8330877414776616 0.028443162567786652 0.05566964664195524
3 0.4254025802037388 0.7259200822218344 0.028406801131468207 0.04941964664195524
3 0.4216685261454044 0.621341709626496 0.025263620413308985 0.04618551923729371
3 0.41406003834384875 0.5223684962869849 0.025236349336070062 0.0414980192372937
3 0.4198009782353901 0.4346502414776615 0.025254530054229285 0.044623019237293705
3 0.41072998438371017 0.3529190918404812 0.025272710772388508 0.0477480192372937
3 0.40626013212077383 0.25618050109630836 0.02529089149054773 0.050873019237293704
3 0.40490164431921816 0.15698903294747377 0.025345433645025395 0.060248019237293705
12 0.7320681323171656 0.11508918730915947 0.04420451795398091 0.07965278366526399
12 0.7696798210303566 0.8045410677090461 0.050454517953980725 0.0798710384745874
5 0.3581110619551703 0.8446998532732266 0.041061337235821685 0.0764186562606021
5 0.3424698220123153 0.170890331040708 0.041052246876741985 0.07485615626060227
9 0.7730224687674203 0.7075296584532189 0.05657725292686635 0.05821429328391083
9 0.7427561683233233 0.2061407732440089 0.05041815651766246 0.07362103847458741
2 0.3543406464605175 0.7338714806778883 0.04722043364502539 0.06101191106992569
2 0.34612660801847295 0.2621874536360463 0.04722952400410509 0.0625744110699257
6 0.740158409149941 0.2968749006486706 0.040988614363184794 0.06391865626060227
6 0.7653276225546083 0.5937126951137077 0.04565793364502539 0.06095734736759475
0 0.3552203277678519 0.3478248532732266 0.03624657220870704 0.054379965153609613
0 0.3600361345566608 0.6383407258685649 0.03781816256778665 0.05599702885594056
1 0.35572029751723083 0.4337623532732266 0.04725679508134402 0.0672619110699257
4 0.3539992371141847 0.5408754488267229 0.0472386143631847 0.0641369110699257
11 0.7624384510098311 0.500044540667204 0.056613614363184794 0.06446429328391083
8 0.7477623517719569 0.39506686398818175 0.05666815651766246 0.07383929328391074
7 0.32632213125 0.12636404375000002 0.3382499203125 0.8894127781250001 0.795807640625 0.8520181234375 0.7498708125 0.06353123125 0.32632213125 0.12636404375000002