10 0.6550803738860962 0.8042195154922906 0.03194089067472703 0.06101274310259512
10 0.5553990945655956 0.7149699869981596 0.024019302673454136 0.051228307326946165
10 0.6560638079249126 0.5184048462249852 0.0286340773392725 0.04522396879233561
10 0.6683836366168204 0.3319350797166418 0.028634077339272323 0.04522396879233552
10 0.6062750826305017 0.23447025949939676 0.0255090773392725 0.04506019448207601
10 0.6769972099777283 0.1284825310961228 0.028761346674090405 0.05616146879233552
3 0.38394117055223254 0.8223331869073025 0.025654528007635947 0.057560194482076096
3 0.38550531257959497 0.6208116304848674 0.025545440006363405 0.0481851944820761
3 0.4435001732575035 0.5350102493226314 0.023928396005726958 0.043415807326946346
3 0.5516768472708665 0.43096347919624345 0.02549089600572696 0.0434976944820761
3 0.5000341732972744 0.23925733604821992 0.022384077339272324 0.04489642017181659
3 0.5583017539783647 0.13001845488598396 0.024055665340545217 0.05435330732694625
12 0.7183525332193235 0.8016843357095356 0.044659066677272284 0.08041784034363317
12 0.7421045893141373 0.10242796415823811 0.04618520401018138 0.0773747274987628
5 0.3311365332590943 0.5291873744919735 0.039698846674090585 0.056734678878243724
9 0.6073513985519143 0.8129670737237481 0.036846566677272284 0.08000840456798422
9 0.6059745432845477 0.3273980659218319 0.03506589067472685 0.06117651741285455
2 0.6727813299650016 0.2223963054063823 0.038409066677272286 0.08009029172311406
2 0.5496774479233217 0.5356919227738084 0.03190452800763595 0.057887743102595125
6 0.7118769085773677 0.6201034650627493 0.038172709341181485 0.05977779172311415
6 0.3288767886298653 0.2536927295349277 0.03975339067472685 0.06142217887824382
0 0.6657029846037756 0.4281107168717716 0.03811816534054522 0.05509029172311415
8 0.7230694945894581 0.5305086985544059 0.052362478675999566 0.07145227611928177
1 0.38758707527054836 0.4419053804848675 0.044440890674726855 0.06166784034363317
11 0.3331144672183689 0.8289007694490195 0.04800224267981754 0.09933161465389242
7 0.7370055375 0.8537704578125 0.7677219890625 0.0592417328125 0.3098780875 0.097116734375 0.31306737500000004 0.8574808921875 0.7370055375 0.8537704578125