10 0.8640550986335391 0.290625 0.06359127404661713 0.03125
10 0.7725670030800429 0.28828125 0.05421627404661713 0.03125
10 0.6822966671451935 0.2984375 0.052599210344286364 0.0296875
10 0.5816791082521859 0.303125 0.04166171034428636 0.0296875
10 0.4919444856568477 0.30625 0.044786710344286364 0.0296875
10 0.3928621449126749 0.31015625 0.04160714664195542 0.028125
10 0.30161958601966743 0.31484375 0.04796627404661713 0.03125
10 0.19302583601966744 0.31484375 0.054107146641955414 0.028125
3 0.25203877058805607 0.5953125 0.054161710344286275 0.0296875
3 0.3516295428205746 0.58359375 0.04473214664195542 0.028125
3 0.45456356986241664 0.578125 0.0414980192372937 0.025
3 0.5506300380112512 0.57734375 0.0414980192372937 0.025
3 0.6368849965414389 0.5640625 0.050873019237293704 0.025
3 0.7221230920949353 0.56640625 0.0477480192372937 0.025
3 0.8165179328391081 0.5625 0.05399801923729371 0.025
3 0.9154911461786192 0.55546875 0.060193455534962935 0.0234375
12 0.8540327686891395 0.22734375 0.07970734736759474 0.0453125
12 0.1665972560752678 0.2515625 0.07663691106992565 0.046875
5 0.26211566423478655 0.66015625 0.06391865626060227 0.040625
5 0.9208259761230189 0.61875 0.07937996515360979 0.0359375
9 0.2607738420101172 0.24140625 0.0644097295815799 0.0546875
9 0.7609276094333124 0.2234375 0.07373016587924912 0.053125
2 0.8334351035276806 0.621875 0.07652778366526398 0.04375
2 0.3665849094254631 0.65390625 0.06419147477225647 0.0484375
6 0.672219773498463 0.23359375 0.06095734736759475 0.0453125
6 0.3707936827542901 0.2375 0.06095734736759475 0.0453125
0 0.4567461179556508 0.640625 0.05125496515360979 0.0359375
0 0.7427282579741844 0.61953125 0.06370040145127867 0.034375
1 0.6594346083370041 0.628125 0.0797619110699257 0.046875
4 0.5527307405509891 0.6375 0.060902783665263985 0.04375
11 0.46666917794496665 0.23125 0.06769842068857254 0.059375
8 0.5714930872007938 0.23515625 0.0738938569862416 0.0578125
7 0.221708715625 0.6813151046875 0.96527594375 0.62983744375 0.89894389375 0.205078125 0.1075056109375 0.22819010468749998 0.221708715625 0.6813151046875