10 0.13260006725124945 0.6537522003715035 0.06002961664124999 0.030890435070022627
10 0.22149891309093697 0.6649316029765374 0.05377961664124999 0.030599336641599174
10 0.31299608206888835 0.6652826674922301 0.05377961664124999 0.030599336641599174
10 0.41455858206888835 0.6700130169541108 0.04433188145888885 0.027037688998963992
10 0.5020222144777078 0.6756508949520388 0.04436824905006951 0.028600188998963993
10 0.6043114130909369 0.6827613817174725 0.04440461664124999 0.030162688998963995
10 0.6933557292953466 0.6876907843225063 0.04909211664125017 0.030381012820281585
10 0.8018221927262147 0.6982173695163635 0.05377961664125017 0.030599336641598994
3 0.140272322569583 0.3913249749786094 0.05526938145888893 0.027547111248705035
3 0.23874619016076357 0.3943472752262783 0.05377961664124999 0.030599336641599174
3 0.33404050636517335 0.3995677762597357 0.04593074905006951 0.028672963606069857
3 0.4182518522048608 0.410528855043452 0.04433188145888885 0.027037688998963992
3 0.5059700577519441 0.40522923304138 0.04124324905006951 0.028454639784752267
3 0.6035172049784026 0.4144651459854961 0.04284211664125017 0.03008991439185813
3 0.7074234549784025 0.4193046573580356 0.047529616641250175 0.03030823821317572
3 0.812274609138715 0.41714930603412803 0.05377961664125017 0.030599336641598994
12 0.12723911360402718 0.7160702638537388 0.0775080573706945 0.04419095574818695
12 0.8144299890789923 0.761372340980316 0.07605466014423631 0.04880568114108108
5 0.14799521001239557 0.3283348234070328 0.0759455573706945 0.04411818114108117
5 0.8169270479682982 0.35166985524833977 0.06664329255305565 0.04680653349844608
9 0.2231510256481244 0.728358402190749 0.07296602773541672 0.050222631926869356
9 0.7229146363054507 0.7618025264646235 0.06366376291777769 0.05291098428423417
2 0.234677592421215 0.3339363141014079 0.06984102773541671 0.0500770827126578
2 0.7098776141727081 0.3474660446615886 0.05741376291777787 0.0526198858558109
6 0.30997887842166605 0.7277098928851242 0.0634455573706945 0.04353598428423418
6 0.6065811214878118 0.7532558182352371 0.060320557370694416 0.04339043507002245
0 0.3259383720564928 0.34444362861710054 0.06181032218833336 0.04033820967712849
0 0.6167088424212149 0.35172970553879007 0.050872822188333444 0.03982878742738745
1 0.41042247483003447 0.34368595740081687 0.07147626291777787 0.05327485731976358
4 0.5175446438079858 0.3447647679875681 0.06678876291777787 0.05305653349844608
8 0.40834364323930494 0.7354196931327932 0.07303876291777786 0.05334763192686935
11 0.5128129376922216 0.7496705918088857 0.06373649810013901 0.056035984284234175
7 0.0784842625 0.7349160875 0.8656757140625 0.789829046875 0.8611911734375 0.3353522125 0.10393608750000001 0.3134433125 0.0784842625 0.7349160875