10 0.7707600156706602 0.581034893897232 0.05370688145888884 0.02561816534054522
10 0.8699989090973965 0.6814701512174144 0.06322735182361114 0.03197725334181776
10 0.5809182253018061 0.6840524479233216 0.04444098423243048 0.0301965773392725
10 0.39209211464447974 0.6964086392823206 0.046039851823611144 0.03177725867281787
10 0.2937260434060769 0.6334733819621381 0.047493249050069505 0.027107940006363407
10 0.19305520260038253 0.7065392593093648 0.05697735182361115 0.03190452800763595
3 0.8613090144363891 0.40884117321773256 0.0599568814588892 0.025690890674726984
3 0.6613271982319795 0.41194963391154954 0.04589438145888884 0.025527258672817865
3 0.5806051815144795 0.46915415392268545 0.041170513867708355 0.023910214672181594
3 0.48389579530593796 0.5781211686028211 0.041170513867708355 0.023910214672181594
3 0.2896723634102088 0.5264603132956835 0.04738414627652778 0.022420440006363406
3 0.18634864807947965 0.5862722126432283 0.05370688145888893 0.02561816534054522
12 0.8730524803357993 0.7455144698838689 0.08379442496187509 0.043151110677908555
12 0.16800195763437564 0.7716920919796373 0.0823773953265973 0.04938292934436319
5 0.5663043325406599 0.3583530139242762 0.05712282218833344 0.03815452800763595
9 0.8759209475663894 0.63373208521646 0.08372168977951375 0.04002611067790855
9 0.3867493447928477 0.6347353426161841 0.06337282218833336 0.03822725334181776
2 0.5909088615103477 0.5760944972549582 0.06326371941479163 0.03353975334181776
2 0.28358928362243113 0.7015784919637289 0.08379442496187509 0.043151110677908736
6 0.688532009971077 0.7414098672422315 0.06976829255305557 0.044549978675999566
6 0.29037761217593777 0.35531201929504724 0.06667966014423614 0.046076116008908666
0 0.49131086464447976 0.6952541246021848 0.05712282218833344 0.03815452800763595
8 0.5997058993137506 0.7526024532543218 0.07318423328249998 0.05708634134309047
1 0.4847828820275698 0.41478537460218484 0.060320557370694416 0.041315890674726984
11 0.8679577515186114 0.3587502665500054 0.09945579255305574 0.044895424013363085
7 0.8946582859375001 0.33701450624999996 0.1340446296875 0.3373992125 0.1320415875 0.7984848578125 0.9248533906249999 0.7638621546875 0.8946582859375001 0.33701450624999996