10 0.8431126331027325 0.378125 0.05952044574527378 0.025
10 0.75489047043675 0.36796875 0.05327044574527377 0.025
10 0.6529916271508042 0.42578125 0.047011355386194255 0.0234375
10 0.37532114510478504 0.34765625 0.04390453610435348 0.0265625
10 0.2663910518188392 0.40546875 0.047020445745273955 0.025
10 0.17619329869558126 0.33203125 0.054851126463433084 0.028125
3 0.12455248888171022 0.6140625 0.0548511264634331 0.028125
3 0.23315987442032968 0.61171875 0.047038626463433174 0.028125
3 0.3378201033430908 0.61640625 0.047020445745273864 0.025
3 0.5321200700674077 0.521875 0.040761355386194256 0.0234375
3 0.8063928413410382 0.646875 0.05328862646343317 0.028125
12 0.8551904522863776 0.31640625 0.07834316861791066 0.0375
12 0.49046487695441243 0.29609375 0.056486349336070066 0.040625
5 0.504575811286809 0.690625 0.05181703005422929 0.04375
5 0.1101127389799061 0.67890625 0.07680793969514968 0.0421875
9 0.6239530460633025 0.5828125 0.06268180718159222 0.03125
2 0.33340531411547936 0.56953125 0.05647725897699045 0.0390625
6 0.24940301883774368 0.50546875 0.0548602168225127 0.0296875
6 0.26442455172064333 0.340625 0.061155668617910844 0.0375
0 0.628963253810629 0.52734375 0.05953862646343318 0.028125
0 0.6378569856602564 0.47578125 0.05953862646343318 0.028125
8 0.26634157572474837 0.2796875 0.07843407220870695 0.053125
1 0.3327053564663488 0.68984375 0.06593407220870695 0.053125
4 0.812202479806524 0.58828125 0.08928066861791076 0.0375
11 0.7475092416121847 0.428125 0.08457498789975162 0.034375
7 0.9079893718750001 0.2978515625 0.12533846875000001 0.240234375 0.065399234375 0.6953125 0.8314722640625 0.7177734375 0.9079893718750001 0.2978515625