10 0.26491699375348404 0.16071392921692806 0.034738614363184706 0.06430151741285454
10 0.2584175297596417 0.2517516870188442 0.03156816256778665 0.056325243102595034
10 0.3238157916634984 0.3504625039567289 0.028397710772388507 0.04834896879233552
10 0.2536406888113869 0.6388831948207603 0.034629530054229286 0.04555151741285464
10 0.31986110733110185 0.7446662053362099 0.028388620413308897 0.04678646879233561
10 0.2462286854917372 0.8415578154675465 0.03312157220870695 0.0548446302577247
3 0.5361042517485158 0.8622166327441156 0.02530907220870695 0.0544351944820761
3 0.5300082669720222 0.7541175277011615 0.023692030054229284 0.04497830732694617
3 0.5309753484523073 0.6518556648562912 0.025272710772388508 0.0481851944820761
3 0.4314924571581512 0.46700927408311693 0.023692030054229284 0.04497830732694617
3 0.5415158551898026 0.18145795567489414 0.023782933645025393 0.0606033073269463
12 0.20084085821486464 0.15501280585660823 0.0473295179539809 0.08058161465389255
12 0.1936429992144331 0.5287402329258297 0.048746572208707 0.05566350180902226
5 0.597845727646215 0.8693574253717408 0.03636474687674216 0.07532090456798421
5 0.5963543878763105 0.4787733689493058 0.03469316256778665 0.056489017412854635
9 0.4871652193565955 0.37073846166778796 0.030087475799503237 0.07030585594746519
2 0.48180205024770534 0.6570887194697042 0.034729524004105096 0.06273901741285463
6 0.4245531525106417 0.7509338947299031 0.028434072208706952 0.05459896879233561
6 0.24960314948557957 0.750356283355371 0.047220433645025484 0.06183161465389268
0 0.43324987899751594 0.36635085481581153 0.02846134328594587 0.059286468792335525
0 0.3777674934588965 0.36110011080870535 0.03160452400410509 0.06257524310259503
8 0.18481394164005727 0.7563329664174863 0.06607951795398086 0.08156426051544959
1 0.599684441836449 0.6484274496820003 0.0441136143631848 0.06479284034363317
4 0.4829311955488821 0.17994968735752845 0.03333974082661797 0.0923446302577248
11 0.3185737797596417 0.25490434249133964 0.05049087939029935 0.08699538896415202
7 0.1831592421875 0.1027418578125 0.15656889375 0.9020300406249999 0.6206908984374999 0.9142045703124999 0.6120149515625 0.15009390625000002 0.1831592421875 0.1027418578125