10 0.4030651497095497 0.19083536702249967 0.02747433664159917 0.05370688145888893
10 0.4718943864749834 0.29168804578409685 0.025475188998963994 0.04429551386770836
10 0.41212558829422896 0.38536661702249964 0.025475188998963994 0.04429551386770836
10 0.4787502779123655 0.6739738689223607 0.02405823821317572 0.04738414627652787
10 0.4195444059102936 0.7629467563651733 0.025911836641598997 0.05367051386770836
10 0.4284528331224333 0.8534626535916316 0.027765435070022448 0.0599568814588892
3 0.6968047268361269 0.8722437954997563 0.030890435070022447 0.06002961664124982
3 0.5788893649682494 0.5738809903132635 0.025475188998963994 0.04429551386770836
3 0.6796962320079227 0.40416594272621476 0.03328768899896399 0.04447735182361114
3 0.6780181079389361 0.3009682075438536 0.03328768899896399 0.04447735182361114
3 0.6833712338699496 0.19760681820118 0.033797111248705033 0.055414851823611146
12 0.357335388541898 0.48518608548736086 0.04309933664159917 0.05407055737069442
12 0.3674425585153275 0.8533184896476733 0.04270123035529281 0.07903418977951375
5 0.7475065084770554 0.1976782469627772 0.048223484284234355 0.06355466014423614
5 0.7482579491286493 0.5832345404657633 0.04629711124870504 0.055705792553055564
9 0.6384527636443419 0.6772956246219439 0.037577082712657625 0.06955008700597229
2 0.63451001054397 0.39113991907486056 0.04466183664159917 0.05410692496187508
6 0.570513822992748 0.29330313753972176 0.032161836641599176 0.05381598423243057
6 0.408593865796819 0.2759552494313191 0.03394266046291676 0.05853985182361114
0 0.5819116652159184 0.672354857904444 0.030890435070022627 0.06002961664124999
0 0.5295315279123656 0.6727919222089926 0.03401543507002262 0.06010235182361114
8 0.3495634681541838 0.26794403410059 0.04880568114108117 0.07605466014423615
1 0.7536431542576637 0.41339416594072853 0.060577935070022626 0.060720600873680655
4 0.6394823784077036 0.8673212125778467 0.04513702564056317 0.09782055737069442
11 0.4808457789458228 0.7693409203091316 0.03837760339082212 0.0867375870059723
7 0.3135469703125 0.1201549453125 0.345702503125 0.9015034406250001 0.7657549890625 0.9085272109375 0.7642170562499999 0.1548533046875 0.3135469703125 0.1201549453125