10 0.35902262378383165 0.19500068061745682 0.025872753246410873 0.05029090133672707
10 0.4277123482162864 0.2871512706079118 0.024201159090609537 0.044022720003181706
10 0.3665100211066136 0.3925296612826387 0.025763659090609535 0.04404090133672707
10 0.3781900405883742 0.573606938613957 0.025818206168510206 0.047165901336727066
10 0.47579392330065956 0.7544654926002758 0.02592730032431163 0.053415901336727245
10 0.3795035300383627 0.8563467132797751 0.026090941558013548 0.06279090133672724
3 0.6485808125057668 0.8344695239099587 0.03064207386326192 0.05503294533736351
3 0.6465894387219351 0.6353144085773678 0.028943206168510115 0.047202264003817974
3 0.5877832288999769 0.5586706399188673 0.02568183847375849 0.039353401336727066
3 0.47919520738962146 0.4701086739338212 0.022611385551659247 0.04244203866963616
3 0.5318504232973643 0.27266096192713973 0.024255706168510117 0.0471477200031817
3 0.4741527459428102 0.1772581026018666 0.024310253246410875 0.050272720003181705
12 0.3191563652657103 0.8679841946212747 0.03886367694751698 0.07856135200509087
12 0.2967953591733351 0.1801029339592746 0.04511367694751698 0.07863407733927245
5 0.7030360819842321 0.5338968119032772 0.04467730032431163 0.0536340773392725
9 0.42685718587926597 0.38089217994113905 0.03384889448011279 0.059756808004454334
9 0.4254745491130862 0.8628416139401847 0.037410271103318495 0.08479317067154497
2 0.48286390381889904 0.5731700392664122 0.03223184740221221 0.05661362667090888
2 0.3637453056026126 0.282427955283275 0.03571140340856669 0.07696248933799979
6 0.7055333851479174 0.25658033390359536 0.04484094155801373 0.0630090773392725
6 0.32467748255342493 0.6859256726209566 0.035465941558013546 0.06289998933799978
0 0.36954747200011806 0.48700636728200236 0.03066934740221221 0.05659544533736351
8 0.3144724139651688 0.5993432826225475 0.04656708279171564 0.07240225867281787
1 0.6465736221622739 0.45722577124445857 0.05106366801906326 0.06151930267345414
11 0.7008836521973413 0.8362041992361864 0.056378459414921166 0.09751134667409067
7 0.7178704453125 0.8624189984375 0.7227204296874999 0.0997859984375 0.2693249734375 0.1391983171875 0.2967139296875 0.919392353125 0.7178704453125 0.8624189984375