10 0.5571355314726473 0.8285635701017732 0.025565484390903316 0.062029119106587774
10 0.650873118588623 0.73420779446121 0.026800602176918174 0.05272689371369381
10 0.548931128755424 0.5488032954946673 0.02329365626060227 0.04164384449948209
10 0.5363790211362103 0.3686256439230907 0.026473219962933215 0.043351893713693725
10 0.5946056941870355 0.2657510469424093 0.028090283665263983 0.04498716832079959
10 0.527269372047184 0.17498480583374948 0.026855165879248945 0.05428939371369372
3 0.8268304725796398 0.8206974503760127 0.03784722958157971 0.056361315963434674
3 0.8222446323836212 0.6221507884653539 0.03762897477225664 0.050111315963434676
3 0.7631300380112512 0.5427394243211647 0.03579365626060227 0.04222604135632899
3 0.6495908384667382 0.4509950341221277 0.031215283665263983 0.045132717535011226
3 0.7013368438242158 0.2521722363556581 0.032668656260602266 0.042080492142117086
3 0.6416493305773718 0.15635462221146895 0.032886911069925695 0.04833049214211713
12 0.5025844407284744 0.8350169313504783 0.03537699400955034 0.07496576674922295
12 0.4718998257680484 0.1580006670824545 0.0368849303072194 0.07347604135632886
5 0.8783458102437699 0.5256353533953313 0.056597229581579714 0.057234611248705033
9 0.5970982663268869 0.3595374342459623 0.039409729581580066 0.05643409057054054
9 0.6059004136866324 0.8356825572814917 0.03564981252120454 0.08277826674922295
2 0.6579886702252364 0.5570267103008102 0.04248016587924912 0.05501713978475227
2 0.5334772212288774 0.2631205066195378 0.030689494009550344 0.07474744292790544
6 0.878817003080043 0.24781856844914332 0.05983135698624196 0.06050516046291676
6 0.5025050512580951 0.6534758329220548 0.02863592068857255 0.0606121683207995
0 0.540461375127227 0.46312050661953774 0.02981647477225664 0.04974744292790554
8 0.4932813294810635 0.5686106813504781 0.03672123920022674 0.06878854135632881
1 0.824645402169069 0.4444067781262717 0.07082342068857272 0.06257708271265763
11 0.8824083499843016 0.8212389518237547 0.06900794954451328 0.099931533498446
7 0.8913518296875 0.8476599625000001 0.8838797890625001 0.09215097343749999 0.4417192734375 0.11912102499999999 0.47856684375 0.8848547265625 0.8913518296875 0.8476599625000001