10 0.60625 0.8 0.02421875 0.053125
10 0.5421875 0.69765625 0.0234375 0.04375
10 0.60625 0.60546875 0.0234375 0.04296875
10 0.553125 0.315625 0.02265625 0.04765625
10 0.61640625 0.228125 0.0234375 0.05390625
10 0.61171875 0.1375 0.025 0.059375
3 0.34453125 0.1125 0.02734375 0.059375
3 0.4484375 0.41328125 0.0234375 0.04296875
3 0.33984375 0.58046875 0.03046875 0.04375
3 0.33671875 0.68359375 0.03125 0.04375
3 0.3265625 0.78671875 0.03125 0.0546875
12 0.665625 0.50703125 0.040625 0.05390625
12 0.67265625 0.1390625 0.0390625 0.07890625
5 0.2625 0.78515625 0.0453125 0.06328125
5 0.2796875 0.4 0.04453125 0.0546875
9 0.39375 0.30859375 0.034375 0.06796875
2 0.384375 0.59453125 0.0421875 0.05390625
6 0.44375 0.69375 0.0296875 0.05234375
6 0.6046875 0.71484375 0.03203125 0.0578125
0 0.45 0.31484375 0.028125 0.059375
0 0.50234375 0.315625 0.03046875 0.059375
8 0.66328125 0.72421875 0.0453125 0.075
1 0.26640625 0.56953125 0.0578125 0.06015625
4 0.4015625 0.11875 0.03984375 0.09609375
11 0.55546875 0.2203125 0.03359375 0.0859375
7 0.27734375 0.074652778125 0.24381510468749998 0.827546296875 0.6923828125 0.8726851859375 0.6966145828125 0.0914351859375 0.27734375 0.074652778125