10 0.8649946740929048 0.7192963474126237 0.06128294533736352 0.032170512851581276
10 0.776023080760632 0.7234798286295435 0.05347044533736352 0.03185217787060921
10 0.6845622867599956 0.7150678093521716 0.051907945337363516 0.03178851087441501
10 0.5830179680935411 0.7124919545995361 0.044095445337363516 0.03147017589344294
10 0.49085774009385935 0.711079351824067 0.04097044533736351 0.031342841901054186
10 0.3916753527609502 0.7101614975657231 0.04407726400381806 0.029907675893442943
10 0.30027819342772294 0.7072182282883512 0.047238626670908876 0.0331600098858317
10 0.19098500942867744 0.7097927885547438 0.051907945337363426 0.03178851087441501
3 0.8572163473901793 0.45348034642404056 0.05650453866963616 0.024167011862998144
3 0.7587788473901792 0.44946932566379394 0.050272720003181705 0.025474843878220455
3 0.6634845287237245 0.44714813889593596 0.047165901336727246 0.0269100098858317
3 0.5776197540579064 0.4498964541052445 0.047202264003817974 0.030035009885831698
3 0.4892475973901792 0.4384867688202614 0.04247840133672724 0.026719008897248563
3 0.39165498205758825 0.4399763315581119 0.045603401336727065 0.026846342889637498
3 0.28853907272436097 0.436555559809282 0.04404090133672707 0.026782675893442943
3 0.18220725672340649 0.4251949540680634 0.05029090133672711 0.027037343878220453
12 0.8711997681014954 0.782800431899304 0.07863407733927233 0.04693334980971962
12 0.18001169410404066 0.7733777860832859 0.07556362133990882 0.05149351581733086
5 0.1806714813812705 0.3603193705699662 0.0692590773392725 0.046551347832553255
5 0.845560684715134 0.3913159274506798 0.07543635200509087 0.04055601581733086
9 0.778340106102768 0.7883872456257378 0.07245680267345414 0.052928681824941926
9 0.274597488104677 0.7819171393530466 0.06001134667409058 0.05710684585538672
2 0.7588692067154523 0.3901261591618911 0.06455339600572696 0.044797846843970035
2 0.2869123907144978 0.3638674763111848 0.05992044000636341 0.049294345855386903
6 0.6884418121021316 0.7800388933445603 0.0598840773392725 0.04616934585538672
6 0.3894048754375861 0.7834716635733343 0.0551965773392725 0.045978344866803765
0 0.6698703413828613 0.39196589037881074 0.05668635200509069 0.03979201186299815
0 0.3799902287157705 0.37703066258475115 0.05352498933799978 0.03653967787060939
8 0.586933856102768 0.7805880385919248 0.07252952800763594 0.059178681824942105
1 0.5854771600493158 0.3869653725843136 0.0708579400063634 0.04974001482874755
4 0.4768288660486796 0.3778530163488034 0.059884077339272326 0.04616934585538681
11 0.48393612543758613 0.787323516843095 0.06475339067472685 0.061985346843970036
7 0.892294928125 0.3786437828125 0.1329447625 0.33989383906250004 0.1278537109375 0.7971516828125 0.9203823375000001 0.8040661640625 0.892294928125 0.3786437828125