10 0.5453125 0.7296875 0.02265625 0.04296875
10 0.6078125 0.84140625 0.025 0.05390625
10 0.61171875 0.64140625 0.02265625 0.0421875
10 0.56484375 0.346875 0.021875 0.04375
10 0.63125 0.26484375 0.025 0.05
10 0.6296875 0.17421875 0.0265625 0.0578125
3 0.3625 0.1234375 0.02578125 0.05703125
3 0.459375 0.43359375 0.02265625 0.04296875
3 0.34609375 0.59375 0.0296875 0.04375
3 0.340625 0.696875 0.03203125 0.04375
3 0.328125 0.8015625 0.03125 0.0578125
12 0.69140625 0.18046875 0.0375 0.07421875
12 0.675 0.5484375 0.0375 0.0546875
5 0.28984375 0.40546875 0.04296875 0.059375
5 0.2640625 0.7921875 0.04609375 0.06640625
9 0.40703125 0.3234375 0.0328125 0.06640625
2 0.390625 0.6109375 0.04296875 0.05234375
6 0.44765625 0.71875 0.02890625 0.0609375
6 0.6078125 0.7515625 0.0328125 0.059375
0 0.4625 0.3359375 0.028125 0.059375
0 0.51484375 0.34375 0.02734375 0.05859375
8 0.6671875 0.771875 0.0453125 0.08359375
1 0.2734375 0.578125 0.05703125 0.06015625
4 0.41953125 0.13515625 0.0375 0.09296875
11 0.5703125 0.253125 0.03515625 0.0828125
7 0.2962239578125 0.08101851875 0.2958984375 0.0792824078125 0.24544270781250002 0.8327546296874999 0.6930338546875 0.9207175921875 0.7158203125 0.1331018515625 0.2962239578125 0.08101851875