10 0.1342293349889693 0.2831249801297341 0.06395549214211718 0.03343254809323426
10 0.22443695802449862 0.2721750672457099 0.05458049214211711 0.033105165879249124
10 0.3149527961138398 0.27135412251052027 0.054580492142117173 0.033105165879249124
10 0.41896820802449863 0.26538188630551834 0.04520549214211709 0.03277778366526398
10 0.5097751445422632 0.25831094157032874 0.04527826674922295 0.03434028366526398
10 0.6099934683635808 0.25013136462115393 0.04364299214211727 0.03272321996293313
10 0.7006912429706867 0.2454041698859643 0.04847604135632899 0.0360119110699257
10 0.8135915033097689 0.2328818333181427 0.056142992142117265 0.03315972958157998
3 0.13737348987031478 0.5505480931064255 0.058831344499482 0.0238938569862416
3 0.23659223987031477 0.5470832980084162 0.05734161910658786 0.025401793283910835
3 0.33123265178097355 0.5414384440173994 0.04803939371369372 0.026636911069925696
3 0.4167891621200558 0.5298709722403678 0.04171661910658795 0.02485615626060227
3 0.5047065390845266 0.5346006230586744 0.04491439371369381 0.026527783665263982
3 0.6019090248165029 0.5241864235141614 0.04491439371369381 0.026527783665263982
3 0.7067056867271615 0.5181869054579941 0.04796661910658777 0.025074411069925695
3 0.8135186129058439 0.5191367918483304 0.05428939371369372 0.02685516587924912
12 0.13170795657675655 0.22003470308789214 0.08016268899896399 0.0464781851165428
12 0.8267315122011091 0.16846466925299214 0.07732878742738754 0.05261905771188111
5 0.815930829407398 0.5845708188901725 0.07376713978475244 0.043134930307219224
5 0.14383750558608047 0.6127207108924404 0.07362159057054055 0.04000993030721922
9 0.2243684915229446 0.2066591946503716 0.07434933664159918 0.0556349303072194
9 0.7308196987188736 0.16791408694633975 0.06214043507002263 0.06144842068857255
2 0.23151944210384512 0.6057588935619125 0.06751713978475227 0.042916675497895976
2 0.7034308294073981 0.5884994054579941 0.062975188998964 0.04587798439090331
6 0.3132854423087329 0.20667406361751284 0.06468323821317572 0.04905754809323426
6 0.617356512201109 0.17577620536532682 0.05843323821317572 0.04883929328391083
0 0.3232167905322686 0.5963169169755574 0.05785104135632881 0.036339293283910834
0 0.6123156778358215 0.5854413820443491 0.05621576674922295 0.03472222958157989
8 0.4151754280407093 0.1960961729660072 0.07307793507002262 0.06183036660488854
1 0.40759179053226857 0.5933704770496913 0.070787688998964 0.046150802902557686
4 0.5137326286216097 0.592003895291193 0.058142139784752266 0.04258929328391083
11 0.5211899875940033 0.18069437305867445 0.06541098428423417 0.06468254809323426
7 0.08115320000000001 0.2051605546875 0.0989226984375 0.62995375625 0.09775012968749999 0.63031969375 0.8588364703125 0.6017920250000001 0.8774114609374999 0.14095556874999998 0.08115320000000001 0.2051605546875