10 0.8304142525318887 0.44800273575496413 0.0477480192372937 0.027456614653892687
10 0.7328646407363236 0.388935352217879 0.0414980192372937 0.02712906603337357
10 0.634211375127227 0.45515457372374807 0.04144345553496294 0.02556656603337366
10 0.4550868703179036 0.45828065298610454 0.04138889183263199 0.024004066033373662
10 0.2610789207733905 0.37139588591193434 0.0477480192372937 0.027456614653892507
10 0.17461812031790358 0.4729793973318951 0.060193455534962845 0.026549211894930556
3 0.16283484981466553 0.2027897280645897 0.057450401451278846 0.03732293758467105
3 0.3612177861123347 0.1908275593631112 0.0481299651536097 0.0383941146538926
3 0.4444866430985764 0.2443819272963641 0.041825401451278846 0.03650406603337357
3 0.5452356659640671 0.3502424236783195 0.04160714664195542 0.03025406603337357
3 0.7376934952754945 0.2806724728646654 0.04796627404661713 0.033706614653892505
3 0.8420561022617363 0.33312136420366667 0.05734127404661713 0.034197937584671045
12 0.17189491360181441 0.5294750587972843 0.07603671034428627 0.03361808344622812
12 0.8511285458157996 0.5032700898934072 0.07296627404661712 0.03501680913596861
5 0.45523811542376214 0.12641649932263146 0.05821429328391083 0.05919793758467109
9 0.6398686088851582 0.3930263879480993 0.05755952885594055 0.040447937584671044
9 0.16355164554564708 0.42503322026267354 0.07932540145127884 0.03846935775648745
2 0.44272822485707464 0.35091853233931825 0.05772321996293321 0.04513543758467105
2 0.7404340932760617 0.44880499717492484 0.07759921034428637 0.033699970601357876
6 0.7323363287632734 0.10485027928710051 0.06144842068857255 0.06248671189493056
6 0.35211812694132555 0.512985842379798 0.05879464664195542 0.0311548247398008
0 0.5396801251272271 0.46010874660909795 0.054161710344286365 0.03247166327441153
8 0.4374926317506489 0.5147729924252264 0.06989583774894789 0.0364155348257091
1 0.5406597494518458 0.17437928652318974 0.06322917549789579 0.06881859905006031
11 0.15777283838192016 0.1474847523748492 0.09916667549789593 0.07070200361804461
7 0.123786865625 0.5563898140625 0.892794184375 0.5301108625000001 0.8859581859375 0.0853199953125 0.1284019703125 0.14067543124999998 0.123786865625 0.5563898140625