10 0.3624492772509027 0.8383681951053814 0.026773100158284536 0.062393584186749604
10 0.3580322133817068 0.7489339687829047 0.02654577962517113 0.054581084186749604
10 0.36457538156582237 0.6580814556287251 0.02654577962517113 0.054581084186749604
10 0.3667038343896739 0.558126958259561 0.02618206677218975 0.04208108418674961
10 0.3677327884671668 0.4691554635212329 0.026272994985435096 0.04520608418674961
10 0.3682532771843957 0.37085447141374067 0.026272994985435096 0.04520608418674961
10 0.37082199920857717 0.2825732214137407 0.02948892319868044 0.04851309471009326
10 0.36773175461885355 0.17434349246042807 0.026454851411925783 0.05145608418674961
3 0.6485414854185236 0.14628929799033116 0.032886707838416386 0.05807010523343696
3 0.6376601582214926 0.25221307429869044 0.032522994985435004 0.045570105233437005
3 0.6347049912910184 0.35377557429869044 0.032613923198680436 0.04869510523343701
3 0.6365055205204782 0.45272130851367487 0.03086956677218975 0.04235409997176518
3 0.6253430484962966 0.54150308745287 0.02930706677218975 0.04226309471009344
3 0.6291152546853606 0.6262953164061826 0.02948892319868044 0.04851309471009344
3 0.628685694181377 0.7214713085136749 0.03279577962517131 0.05494510523343692
3 0.6235004375174593 0.8192640664061827 0.029716243731793667 0.05632559471009335
12 0.3014208490376573 0.8450424003105835 0.039773205331134064 0.08030912628012424
12 0.3071352354185236 0.16617394766563018 0.04436977711788872 0.0774571420651399
5 0.6877220618906388 0.8100641006776368 0.04593227711788863 0.07754814732681163
5 0.7135216277383917 0.13782507963094942 0.04731292069139794 0.07138915258848363
9 0.29544128516846146 0.7556991792497787 0.04905727711788863 0.07773015785015538
9 0.3005466031277854 0.2585889608198098 0.04869356426490725 0.06523015785015547
2 0.7096488184880494 0.24412058226178535 0.05342652837152997 0.06706567363517105
2 0.6902907839148202 0.7217828506776368 0.051909492478152686 0.06853716837349921
6 0.30356968540588836 0.6639744108339272 0.036239028371529966 0.06606461575678076
6 0.2988356874509524 0.37099795555813797 0.037665136051661906 0.06146812101845249
0 0.6859419162055584 0.6300048743551601 0.04235263605166182 0.061741136803468065
0 0.6990630079840658 0.3398881085701446 0.04373327962517113 0.055582142065139985
8 0.3040447100164946 0.567235918726435 0.04740384890464337 0.07451415258848364
11 0.2961305731069029 0.4639667055581379 0.04860263605166191 0.06210515785015538
4 0.6993237692668369 0.43814359804680086 0.05489810015828454 0.06403167889684287
1 0.6923032279631832 0.5454023612009805 0.05517088479802066 0.07340667889684287
7 0.2809915390625 0.1153549421875 0.27743153593750003 0.89664374375 0.6976509171874999 0.8507930015625 0.73106898125 0.093184978125 0.2809915390625 0.1153549421875