10 0.35906540691044586 0.1875 0.02529998184962743 0.0515625
10 0.3646836269544124 0.29609375 0.026826120413308896 0.0453125
10 0.3649421813073344 0.3859375 0.025254530054229285 0.04375
10 0.3667086935057787 0.48515625 0.028397710772388507 0.046875
10 0.3685297478587007 0.575 0.025254530054229285 0.04375
10 0.369515010057145 0.67421875 0.02687157220870695 0.053125
10 0.3642957240509873 0.765625 0.02530907220870695 0.053125
10 0.3708133687629889 0.85390625 0.025363614363184704 0.0625
3 0.6325502994811482 0.85078125 0.028479524004105094 0.0609375
3 0.6354621969236243 0.753125 0.02999657220870695 0.053125
3 0.6336820491865606 0.65625 0.028397710772388507 0.046875
3 0.6263604285768599 0.571875 0.029923849336070063 0.040625
3 0.6362444886853185 0.484375 0.02837953005422946 0.04375
3 0.6321205909482549 0.3875 0.029951120413308985 0.0453125
3 0.632734190186129 0.28203125 0.029969301131468028 0.0484375
3 0.6403790394240032 0.1765625 0.03155907220870695 0.053125
12 0.3090628025062102 0.859375 0.03793633723582168 0.075
12 0.298196084603543 0.17578125 0.04417724687674198 0.0734375
5 0.6958724560970064 0.84375 0.04260565651766246 0.071875
5 0.703687560501242 0.171875 0.044149975799503235 0.06875
9 0.29219100341784554 0.26796875 0.05031816256778665 0.0546875
9 0.3002286788714475 0.76640625 0.04727497579950324 0.06875
2 0.7046137353656687 0.28125 0.050363614363184796 0.0625
2 0.6948281065645446 0.7546875 0.05038179508134384 0.065625
6 0.3062155793389857 0.67734375 0.03786361436318471 0.0625
6 0.29543365720503345 0.38203125 0.03782725292686626 0.05625
0 0.6906587570320829 0.665625 0.04095225292686635 0.05625
0 0.6962512686413519 0.37578125 0.04406816256778665 0.0546875
8 0.3044445219610016 0.57890625 0.04729315651766246 0.071875
1 0.693497931601922 0.58046875 0.05352497579950324 0.06875
4 0.6988126663784155 0.47265625 0.05347043364502539 0.059375
11 0.29411153083979624 0.475 0.050345433645025486 0.059375
7 0.7074038015624999 0.887152778125 0.7232142703125 0.12789351875 0.2701162046875 0.1232638890625 0.287686240625 0.9079861109375 0.7074038015624999 0.887152778125