10 0.2987318283578454 0.1546875 0.03452548620519007 0.0625
10 0.40685194482076026 0.25 0.027784163274411532 0.053125
10 0.3138400084792846 0.44296875 0.03198034034363299 0.04375
10 0.3135511606724197 0.63125 0.033542840343632994 0.04375
10 0.3828953821782887 0.73203125 0.03058161465389251 0.046875
10 0.31630210368415773 0.8328125 0.03724105042954129 0.0546875
3 0.5736908847802805 0.15390625 0.02827548620519007 0.0625
3 0.5835140213695834 0.35625 0.027456614653892507 0.046875
3 0.5307818470138954 0.43828125 0.02556656603337366 0.040625
3 0.428087294209505 0.5359375 0.027129066033373662 0.040625
3 0.49140724502315897 0.73046875 0.02589411465389251 0.046875
3 0.4376005715719821 0.83671875 0.029346663274411534 0.053125
12 0.23368336047002103 0.15078125 0.05409435775648763 0.078125
12 0.252686661011104 0.85625 0.055984406377006656 0.084375
5 0.6422516135222388 0.4484375 0.04036605042954129 0.0546875
9 0.3468417797373264 0.1484375 0.04504690637700666 0.084375
9 0.37637870929293876 0.6375 0.04406426051544958 0.065625
2 0.4218196048158115 0.43125 0.034116050429541286 0.0546875
2 0.3154179551090673 0.74140625 0.04636374491161739 0.0796875
6 0.6606518899802049 0.725 0.0405298247398008 0.0578125
6 0.25054106908559126 0.33828125 0.050314260515449585 0.065625
0 0.30921446347681025 0.53359375 0.04357293758467105 0.05625
8 0.2434079997728574 0.42578125 0.06141553482570909 0.06875
1 0.5904235198992454 0.5328125 0.040611711894930555 0.059375
11 0.6218417797373265 0.1484375 0.048827003618044526 0.096875
7 0.21325465625 0.10011574062499999 0.23007331562500002 0.8993055562500001 0.68983609375 0.8831018515625001 0.6417250109375 0.1203703703125 0.21325465625 0.10011574062499999