10 0.8523875613065013 0.23248209691833216 0.06606135200509052 0.04017401384016441
10 0.7602909679742285 0.22091324414286304 0.053579533338636055 0.0412271778706093
10 0.665768261298547 0.28349947437119954 0.047238626670908876 0.03316000988583179
10 0.3681761933084102 0.19868282809807078 0.04418635200509069 0.03928267589344299
10 0.2666222366327288 0.26098255684353255 0.048837489337999786 0.036348676882026164
10 0.16357959997613744 0.1825299515966055 0.05670453333863614 0.04135451186299806
3 0.8483154899347756 0.515262763420235 0.05654090133672725 0.027292011862997966
3 0.5558745459500478 0.3907933681356893 0.04404090133672707 0.026782675893442943
3 0.37657684993636653 0.48431658056952875 0.04400453866963616 0.02365767589344294
3 0.27268878126991203 0.4785202253226017 0.045603401336727065 0.02684634288963732
3 0.16402230593573025 0.4803453690870915 0.054978401336727156 0.027228344866803766
12 0.8539415179821827 0.16610768041642934 0.07874316534054522 0.05630834980971957
12 0.47826026531668264 0.14220201783167818 0.053761346674090583 0.0568521778706093
5 0.5516126652610034 0.5555416176413978 0.05659544533736351 0.03197951186299815
5 0.16333141526100334 0.5397203690870915 0.06911362667090888 0.03405134783255335
9 0.6551927459420936 0.4534618058921304 0.06598862667090888 0.03392401384016441
2 0.3670114932765935 0.4331214950942652 0.05821248933799979 0.036730678859192525
6 0.2653586339513204 0.36957630684353254 0.05661362667090888 0.03354201186299806
6 0.25260573730904656 0.1892839703796858 0.06626134667409059 0.05736151384016441
0 0.6581006646244565 0.3379004728883248 0.06293635200509069 0.04004667984777566
0 0.6550932959500477 0.3948362223940332 0.059756808004454244 0.035231845855386815
8 0.24714662531827342 0.12106055239490825 0.08208634134309048 0.07518568380210837
1 0.3820632339274579 0.5501962485543063 0.06449885200509069 0.04011034684397004
4 0.8466717212762754 0.45501101292594337 0.09727498933799979 0.03832235376405215
11 0.7619256459659562 0.2819462446371547 0.08815452800763594 0.059815351786885886
7 0.883047309375 0.5880008390625 0.9037214171875 0.15471823906249998 0.10081778749999999 0.09301733281249999 0.11909781562499999 0.5620830859375 0.8836222250000001 0.588349940625 0.883047309375 0.5880008390625