10 0.76875 0.1328125 0.0359375 0.06171875
10 0.77734375 0.22265625 0.03359375 0.053125
10 0.77421875 0.31484375 0.03515625 0.05
10 0.77734375 0.41875 0.03515625 0.04140625
10 0.78203125 0.51171875 0.03515625 0.04375
10 0.7859375 0.6125 0.03515625 0.04375
10 0.7875 0.70390625 0.03828125 0.04765625
10 0.79609375 0.81640625 0.0359375 0.05234375
3 0.4953125 0.1453125 0.0234375 0.059375
3 0.49609375 0.24375 0.025 0.05390625
3 0.4984375 0.34140625 0.02265625 0.046875
3 0.50625 0.4265625 0.0234375 0.03984375
3 0.4984375 0.51484375 0.02421875 0.04375
3 0.50625 0.61484375 0.021875 0.04609375
3 0.5078125 0.71328125 0.0234375 0.0484375
3 0.503125 0.82421875 0.02578125 0.05234375
12 0.83359375 0.12890625 0.04921875 0.08125
12 0.8609375 0.82578125 0.05625 0.0734375
5 0.43515625 0.1578125 0.03203125 0.075
5 0.44296875 0.82734375 0.03203125 0.06953125
9 0.865625 0.73046875 0.06171875 0.05703125
9 0.84453125 0.22109375 0.0609375 0.07421875
2 0.440625 0.71875 0.04453125 0.05625
2 0.4390625 0.24453125 0.0390625 0.0671875
6 0.8421875 0.31015625 0.05234375 0.065625
6 0.8625 0.6171875 0.053125 0.06328125
0 0.446875 0.6234375 0.028125 0.053125
0 0.44609375 0.3359375 0.028125 0.059375
8 0.84921875 0.41328125 0.0671875 0.07578125
1 0.44609375 0.41875 0.0375 0.0703125
4 0.44375 0.5265625 0.03515625 0.059375
11 0.86171875 0.51953125 0.06953125 0.0625
7 0.41796875 0.1116898140625 0.419921875 0.8697916671874999 0.8850911453125001 0.8773148140625 0.8479817703125001 0.0792824078125 0.41796875 0.1116898140625