10 0.1124588715125627 0.48768551959604134 0.060649073663405904 0.023602636051661817
10 0.20041389782092195 0.4824190095669114 0.05449007892507769 0.024983279625171127
10 0.29079670313906353 0.5429593559642723 0.04824007892507769 0.02480142319868044
10 0.5740334083442656 0.4901599310497323 0.04520608418674961 0.026272994985435005
10 0.6713564584007354 0.5524673659268953 0.045115078925077864 0.024710494985435004
10 0.7680564241292812 0.49110998027094477 0.05145608418674961 0.026454851411925873
3 0.10066671387416874 0.757330429862598 0.058343121018452536 0.037574207838416564
3 0.3949011032378856 0.6500708254811712 0.04547909997176518 0.030960494985435006
3 0.5700537507058717 0.7600321618494024 0.04584312101845249 0.03721049498543501
3 0.6747867533367076 0.7622970069931221 0.04575211575678075 0.03564799498543501
3 0.7790647296591844 0.7723743521368416 0.05530912628012441 0.039045779625171306
12 0.11104756093274928 0.43129912727617326 0.07985409997176514 0.031960705331134064
12 0.4707410793486007 0.4362871217993899 0.05163809471009344 0.029579851411925873
5 0.39192177445398213 0.8221504139609734 0.056037168373499216 0.05154577962517104
5 0.7791942612998026 0.8373317624033983 0.07331567363517096 0.05360838479802084
9 0.29217865066351945 0.707340104710631 0.06964464206513998 0.044142456584775405
2 0.5828036506635194 0.7157964285424498 0.057690673635170955 0.053153743731793844
6 0.6771598663920652 0.6543708467265652 0.05530912628012441 0.039045779625171126
6 0.6803289109751016 0.4924702403000746 0.05807010523343692 0.03288670783841656
0 0.29554584534537776 0.6495276047106311 0.05981461575678075 0.0360571719450391
0 0.2948247795038925 0.5947264444440744 0.06275760523343701 0.03302310015828454
8 0.6865025872411085 0.4402174185133199 0.07231461575678075 0.03642088479802066
1 0.5640319928839511 0.8365491977427796 0.06494173151356133 0.07052310015828453
4 0.10472415329435532 0.7011031619159094 0.09675317363517104 0.05429034639736088
11 0.19691019524655579 0.5425752595669114 0.08793961575678066 0.03687552586424747
7 0.068057775 0.82205260625 0.8262643453124999 0.852265978125 0.8325059593749999 0.4067064875 0.0616166296875 0.40514453906250003 0.068057775 0.82205260625