10 0.8543981711519937 0.3630429174490401 0.05953862646343282 0.02881589067472685
10 0.7652947645361353 0.3549753314369498 0.05328862646343317 0.028743165340545128
10 0.6739112404338343 0.35781797342454125 0.05328862646343317 0.028743165340545128
10 0.5723487404338343 0.35663618674408737 0.04389544574527395 0.025509077339272414
10 0.48483965007475477 0.3540555320655424 0.04390453610435348 0.027071577339272502
10 0.3824822645361353 0.3505209047183158 0.04391362646343318 0.028634077339272413
10 0.29341521935659554 0.34870331870622545 0.048601126463433175 0.028688621339908772
10 0.18478965309981685 0.341970966024817 0.05328862646343309 0.028743165340545128
3 0.8543628514773693 0.6255247361154946 0.054832945745273774 0.025636346674090583
3 0.755934441836449 0.6259418121021316 0.05328862646343317 0.02874316534054504
3 0.6606173966569091 0.6240515007558596 0.04546703610435365 0.027089758672817866
3 0.5762014900410509 0.6160384587444054 0.04389544574527378 0.025509077339272324
3 0.4887560321955286 0.6243953040658606 0.040779536104353475 0.027035214672181597
3 0.3910725111182898 0.6185714707192703 0.04235112646343318 0.028615896005727136
3 0.2871662611182898 0.6173624120384982 0.047038626463433174 0.028670440006363408
3 0.18251966773414804 0.6231755126909535 0.05328862646343313 0.028743165340545218
12 0.8579408067888089 0.30058837078290374 0.07679884933607006 0.041515885343726834
12 0.17036353873663215 0.279307334022908 0.07525453005422929 0.04462270401018138
5 0.848481011020094 0.6887332607813128 0.07523634933607007 0.04149770401018138
5 0.179776462815492 0.6887641500238625 0.06587953005422928 0.044513616008908664
9 0.7618016049934109 0.2916577187698589 0.0721477107723885 0.04771134134309048
9 0.2617425176593933 0.2756834420353166 0.06279089149054773 0.050727253341817755
2 0.7617531706610142 0.6861616967695408 0.0690227107723885 0.04767497867599957
2 0.28680316763595215 0.6892283213717254 0.05654089149054773 0.050654528007635945
6 0.6751101260706497 0.2953361547580867 0.06273634933607006 0.04135225334181776
6 0.37816694837755255 0.2801629513844522 0.05961134933607006 0.04131589067472685
0 0.6703105592246958 0.6788480887571322 0.061155668617910844 0.03820907200827239
0 0.37972192066101423 0.6817163607176795 0.05021816861791084 0.03808180267345414
1 0.5859628303019347 0.6825537967456782 0.07060339149054791 0.05081816000954511
4 0.4789543061996337 0.6852146253978152 0.06591589149054773 0.05076361600890884
8 0.5766544453524904 0.2910657307447237 0.07216589149054772 0.05083634134309047
11 0.47191240319801275 0.2804725813971789 0.06280907220870695 0.05385225334181776
7 0.9060819765625 0.280056221875 0.11836018125 0.25266231562499997 0.13604646874999998 0.7066134374999999 0.8929132671875 0.7020749296875 0.9060819765625 0.280056221875