10 0.8948225397677094 0.7122829947785757 0.06310001785690744 0.03582970364722229
10 0.8059100442319365 0.7229496974758673 0.05372501785690744 0.035611498100139014
10 0.7071492159044476 0.6619414219246522 0.0489284237011061 0.02925239532659738
10 0.42017709577406387 0.743651242497465 0.04435001785690744 0.03539329255305575
10 0.3136174042160503 0.6836060549021525 0.05054547077900677 0.032413762917777686
10 0.21962767085514176 0.7616057279641664 0.05372501785690744 0.035611498100139014
3 0.8736025101429744 0.4368836044859715 0.05663182954530477 0.023184233282499987
3 0.5912457520252996 0.5591275060808328 0.04103410308425506 0.024383057370694416
3 0.40598831614932884 0.46808819804454826 0.04413182954530477 0.022893292553055743
3 0.3029314999967047 0.47439470906246506 0.04415910308425506 0.024455792553055567
3 0.19583206614932885 0.4729796390583331 0.05197160308425506 0.024637630508958352
12 0.5321237167152264 0.7988816435236454 0.053943206168510116 0.04811149810013884
12 0.9037396180951983 0.7753824068226729 0.08204093262955965 0.04720361474138883
5 0.576676917204989 0.39611901301468705 0.05528751785690744 0.0356478656913195
5 0.18928601136079043 0.4113881756274651 0.06929547077900682 0.03285017401194459
9 0.6871252678536122 0.4998414654276383 0.0645534237011061 0.02961607123840295
2 0.3990076590873143 0.515926286000451 0.056822744317957155 0.03412173328249999
6 0.3071025771063775 0.5790276576756941 0.050490923701106104 0.02928876291777769
6 0.3101572134688156 0.7540276576756942 0.060193206168510205 0.04825696846486114
0 0.6896287049473989 0.5537113478364578 0.06299092370110611 0.02957970364722229
0 0.6960520288106608 0.6082715612673258 0.06304547077900687 0.03270470364722229
8 0.3066015653352546 0.8189805104492359 0.0730477621748646 0.06886040919430556
1 0.40713203043551394 0.39928364665777744 0.06164661201270878 0.042043336056041804
4 0.8769690178536121 0.4954228030992006 0.09742047077900687 0.03350479065319441
11 0.804065126212873 0.6620303812714576 0.09144320616851039 0.048984320288472286
7 0.1619286859375 0.8523730234375 0.9528396484374999 0.79065250625 0.9019707390624999 0.36392834218750003 0.1434435953125 0.390375890625 0.1619286859375 0.8523730234375