10 0.20490385201104236 0.8408929609509646 0.04051720364722229 0.06409167490485998
10 0.30889906135784784 0.7396886052097459 0.032450130508958355 0.05283583992388792
10 0.19490537727791715 0.5457077949433534 0.04011716014423614 0.04690417490485963
10 0.17711454597152806 0.35249896441100576 0.040080792553055564 0.04534167490485981
10 0.24193815254479184 0.24819878357464686 0.0386273953265972 0.04996550790866543
10 0.16451970773128485 0.14734854939197767 0.04037173328250008 0.05784167490485981
3 0.4883703154419104 0.8238686511416826 0.023220600873680653 0.05870383794672156
3 0.48444196238402826 0.6214930676435854 0.024528527735416715 0.04783000494291585
3 0.4255014138470491 0.5417856630046807 0.024383057370694416 0.041580004942915846
3 0.3074761528291323 0.4433720207230657 0.032268292553055564 0.04502333992388792
3 0.3575995201359724 0.2450499258562619 0.029288762917777867 0.051146005931499074
3 0.28944697254892376 0.13913018969642638 0.03255923328249999 0.05752333992388783
12 0.14006010201104238 0.8435351412930319 0.05501611474138897 0.08341467787060922
12 0.09684124525034735 0.1289924802283365 0.0597399823325695 0.08516817885919248
5 0.5322417231176046 0.5249244737653649 0.029397865691319504 0.05583350593149898
9 0.2526510209889938 0.8428573675670357 0.05196384992375007 0.08641234387822046
9 0.2425577080156253 0.34201245057084123 0.048402438829583436 0.06753500988583169
2 0.169027329406528 0.24022179889768608 0.05650587955902786 0.08035334486680376
2 0.31002188421177135 0.5527470207230656 0.0403353656913195 0.056279174904859806
6 0.13724030727378528 0.6551902242968375 0.05614220364722229 0.06472834486680376
6 0.5274035270698266 0.24986080676917047 0.035756968464861136 0.060775673916276675
0 0.179460255602674 0.45328021441100574 0.05443423328250008 0.05841467787060921
8 0.12106848698531296 0.565138227262587 0.07507404160312506 0.0733048488211363
1 0.47488185837621566 0.4459346521302658 0.03263196846486114 0.06064833992388792
11 0.5353907858066327 0.8282086412558508 0.036666158244375066 0.09983817391627667
7 0.07631998906250001 0.0872535953125 0.12702442187500002 0.8938240984375 0.5624119171874999 0.855230325 0.54691085 0.0912485890625 0.07631998906250001 0.0872535953125