10 0.14817388801149342 0.46499791542531543 0.059884146276527786 0.024640435070022625
10 0.23740004217180594 0.4761773180303493 0.05367051386770836 0.025911836641598997
10 0.32900500750253503 0.4219136571531479 0.049019381458888844 0.027256012820281582
10 0.6077670935585768 0.49576864991443753 0.04589438145888884 0.027110463606069855
10 0.709473757502535 0.4396342739834241 0.04436824905006951 0.02860018899896417
10 0.8008267625365282 0.5086625638920109 0.050581881458888846 0.027328787427387445
3 0.1473510447372571 0.19494012655018594 0.05712282218833335 0.0401198858558109
3 0.43436269509784753 0.321466355043452 0.04291485182361114 0.03321491439185813
3 0.6131215151019793 0.22287695946773142 0.04000805737069442 0.0424443651776464
3 0.7194078826931598 0.22938813275092979 0.043060322188333444 0.03946491439185813
3 0.8231504785328474 0.22719639412346923 0.057159189779514105 0.0416823858558109
12 0.5050427902719449 0.541710388541898 0.05065461664125 0.030453787427387448
12 0.14477743749840322 0.5202483416039978 0.07565461664124999 0.03161818114108108
5 0.4397372600679862 0.15002800268608713 0.0575228656913195 0.0573073858558109
5 0.8271463410900349 0.16416985524833977 0.06689786569131959 0.057744033498446035
9 0.33452504283739604 0.256725304795783 0.06671602773541671 0.049931533498446076
2 0.624368792837396 0.27022499441391956 0.052871733282499986 0.05865156203449331
6 0.7163939450978475 0.33460217162605926 0.05414329255305574 0.046224336641599174
6 0.7140352773541669 0.5014985731976358 0.05381598423243048 0.032161836641599176
0 0.3350530261198961 0.31293891749223 0.06188305737069442 0.04346320967712849
0 0.33403669319798646 0.36986100558157126 0.06181032218833345 0.04033820967712849
8 0.7159984740675351 0.5523162105011888 0.06798758700597211 0.03750430810555194
1 0.6113576869297223 0.14709570946773146 0.06420927678548623 0.07634848428423431
4 0.14780629283739605 0.24802873924663302 0.09505923328250003 0.06061647642635144
11 0.23440102232017396 0.4143857934232435 0.08688305737069443 0.044627603390822126
7 0.0975935328125 0.5420481109375 0.8601706 0.5957751140624999 0.8712860625 0.15438958281249998 0.11750031718750001 0.130662325 0.0975935328125 0.5420481109375