10 0.8416592146899269 0.2480264447803584 0.05682274431795733 0.033467028007636034
10 0.7382399342511177 0.3194645454328136 0.047393197240056396 0.03023294000636332
10 0.6378756956152033 0.2526850307526779 0.04435001785690744 0.0348840773392725
10 0.44896320007943025 0.25907883939367904 0.04432274431795715 0.033321577339272504
10 0.25313427718910303 0.3614664007001803 0.05361592370110611 0.02874316534054504
10 0.15750240300152957 0.25256302068745357 0.06310001785690744 0.035102253341817755
3 0.843827461036479 0.3722451947803584 0.05361592370110628 0.028743165340545128
3 0.736283742286067 0.43113784209895006 0.04413182954530477 0.022384077339272324
3 0.5431280316533298 0.37343278807286023 0.04418637662320535 0.0255090773392725
3 0.44189854261037853 0.480826570058861 0.03944432954530477 0.022329533338636055
3 0.3577105032431156 0.5353044373806342 0.04725682954530477 0.022420440006363406
3 0.15768322970416526 0.5314147266868172 0.05819432954530477 0.02254770934118149
12 0.1540540746740408 0.18925449868713543 0.07894320616851021 0.04778406667727224
12 0.8670898628234877 0.18349177745063097 0.08217730032431163 0.054070429344363104
5 0.4524150771063775 0.5910828173933609 0.05369774431795715 0.033430665340545215
9 0.6413512974816424 0.31755605275299603 0.06320911201270878 0.04135225334181776
9 0.1521115194784653 0.3017090453532718 0.08982615909060954 0.044786336012090366
2 0.43609678165332993 0.3721873667249973 0.0631818384737585 0.03978975334181776
2 0.7495262617678276 0.2500787461011772 0.09149775324641088 0.05105451734563582
6 0.34010066882984213 0.19766807737904335 0.06331820616851021 0.04760225334181776
6 0.7267156477232286 0.5989611414305864 0.058412517856907445 0.03504770934118149
0 0.5394245588457283 0.25075835673931485 0.06329093262956001 0.04603975334181776
8 0.42897225405718975 0.18776691339113372 0.06674321509696401 0.06482611600890867
1 0.53345084293469 0.5350060874044967 0.05997501785690744 0.03506589067472685
11 0.15070257264215062 0.57898007001909 0.1006545649348082 0.03866360534690845
7 0.12101567499999999 0.6018720984375 0.8839801171874999 0.6240936375 0.90770630625 0.16027128906250002 0.10597525625 0.171120496875 0.12101567499999999 0.6018720984375