10 0.12436999316305504 0.632059041958086 0.05999324905006946 0.026907933645025396
10 0.21328702279833278 0.6388271924256241 0.05370688145888893 0.02530907220870695
10 0.30849172644555506 0.5768726139704012 0.04742051386770836 0.023710210772388506
10 0.5937557727983328 0.641040694861511 0.04436824905006951 0.026817030054229286
10 0.6920854764455551 0.5791042971244474 0.04429551386770836 0.023692030054229284
10 0.7905034862292009 0.6476548301055429 0.05214438145888885 0.02529998184962743
3 0.1259377188461108 0.3632817708808471 0.06002961664125004 0.028470433645025484
3 0.41632436987229127 0.4759237132082754 0.050581881458888846 0.02529089149054773
3 0.5945240646857983 0.3730401286047324 0.047529616641249994 0.028397710772388507
3 0.6976672484813886 0.3728588423039872 0.04756598423243048 0.02996021077238851
3 0.8048257850505205 0.368012781900941 0.05694098423243048 0.030014752926866263
12 0.12058972331142304 0.6937641564194665 0.07899782218833336 0.0379545179539809
12 0.48694142192465223 0.6982395956236369 0.05399782218833345 0.037809072208706954
5 0.4179083197197914 0.30716007766965603 0.06039329255305557 0.04409543364502548
5 0.8086969738801038 0.3024014174395605 0.06820579255305566 0.044140885440423536
9 0.3152898531547913 0.4190782946885605 0.06955008700597229 0.03477497579950324
2 0.6074409855636107 0.422340691836449 0.06344555737069442 0.040988614363184794
6 0.7007506552071522 0.6432258844584648 0.05712282218833344 0.03782725292686635
6 0.6975198184855204 0.47990372784260665 0.05069098423243048 0.029978391490547728
0 0.31792323746347184 0.4737885205862595 0.06315461664125 0.028488614363184794
0 0.3143429893633329 0.5268998850476401 0.06159211664124999 0.028479524004105094
1 0.5899833414712845 0.29956626716841395 0.06224673328249999 0.056604524004105095
4 0.1277171179724302 0.4211124515990063 0.09774782218833336 0.03806360226293641
11 0.21237979264996482 0.5770948068870048 0.08830008700597228 0.03488406010845857
8 0.7071630029467008 0.703427586253863 0.07616376291777768 0.05043633723582168
7 0.0684464234375 0.714687628125 0.854488046875 0.7371667546875 0.8522880140625 0.2846187265625 0.095032928125 0.29356130625 0.0684464234375 0.714687628125