10 0.9033539160060375 0.7328125 0.06350021034569905 0.034375
10 0.8145414685924621 0.74140625 0.05412521034569897 0.034375
10 0.7150439222742436 0.678125 0.04925585391920819 0.028125
10 0.4289449493921323 0.753125 0.04475021034569906 0.034375
10 0.32165763512722506 0.690625 0.050909282132453625 0.03125
10 0.2285501442984251 0.76640625 0.05412521034569897 0.034375
3 0.8789232511871343 0.45703125 0.056886497492717326 0.021875
3 0.5979125950772126 0.57265625 0.04130696159934022 0.0234375
3 0.41154553457322907 0.47734375 0.0443864974927175 0.021875
3 0.3085341948397858 0.48125 0.04443196159934022 0.0234375
3 0.20138928457322908 0.47734375 0.05224446159934022 0.0234375
12 0.5415646213371714 0.8109375 0.05448892319868044 0.046875
12 0.9130077123242561 0.79609375 0.08256845909205772 0.0453125
5 0.5814428459351424 0.409375 0.05568771034569906 0.034375
5 0.19412470236163318 0.415625 0.06965928213245362 0.03125
9 0.6931281551854849 0.515625 0.0648808539192082 0.028125
2 0.40511968982522084 0.525 0.05720474623907634 0.0328125
6 0.3139240399835054 0.5859375 0.05081835391920819 0.028125
6 0.3190160199252457 0.7609375 0.06073892319868044 0.046875
0 0.6962591668639673 0.56953125 0.06331835391920819 0.028125
0 0.703319160595761 0.62421875 0.06340928213245363 0.03125
8 0.31621528035008695 0.82578125 0.0737844924781526 0.065625
1 0.4118888638818311 0.40859375 0.06211956677218975 0.040625
4 0.8829719051854849 0.515625 0.09778428213245363 0.03125
11 0.8119871184341776 0.68046875 0.09198892319868043 0.046875
7 0.906450165625 0.384765625 0.1480253453125 0.3935546875 0.1718918109375 0.8557942703125001 0.9622987437500001 0.8125 0.906450165625 0.384765625