10 0.43859386259817335 0.83671875 0.02718254809323426 0.0625
10 0.529660317500164 0.7375 0.02356647477225664 0.0484375
10 0.42397576877395754 0.55234375 0.02485615626060227 0.040625
10 0.4073810018989166 0.36796875 0.02496528366526398 0.04375
10 0.4631820793962455 0.265625 0.02485615626060227 0.040625
10 0.39110369355406327 0.1703125 0.02998016587924912 0.053125
3 0.7069619166818573 0.82578125 0.03315972958158007 0.0546875
3 0.6967981990811769 0.62421875 0.02976191106992552 0.046875
3 0.6355035458157995 0.546875 0.02965278366526398 0.04375
3 0.5229365692294445 0.45546875 0.026364092558271324 0.0390625
3 0.5659251334799296 0.2546875 0.026746038474587407 0.05
3 0.5047296839354164 0.1578125 0.026746038474587407 0.05
12 0.32878474282842385 0.153125 0.04647818511654282 0.078125
12 0.38016380370516584 0.84140625 0.04168155771188111 0.075
5 0.7495834039831676 0.525 0.04878472958158007 0.0546875
9 0.4672644333872623 0.36015625 0.03488592068857255 0.059375
9 0.4864956492586622 0.84375 0.03575893992586625 0.084375
2 0.5304713054344463 0.559375 0.03299603847458741 0.05
2 0.4004911064380875 0.26015625 0.033978185116542825 0.078125
6 0.37776794608595204 0.6609375 0.033323420688572546 0.059375
6 0.742323942372937 0.25 0.05218254809323426 0.0625
0 0.41391623329459504 0.465625 0.03315972958157989 0.0546875
8 0.3645561287554241 0.5734375 0.046150802902557686 0.06875
1 0.6914137507177902 0.44765625 0.055252984390903495 0.0609375
11 0.7601414803841882 0.82734375 0.05812501324684405 0.0984375
7 0.2990870625 0.109953703125 0.35904225156249997 0.8946759265625 0.776918678125 0.8547453703125001 0.7512398625000001 0.0914351859375 0.2990870625 0.109953703125