10 0.8502293256788352 0.7667010136570396 0.054580492142117264 0.03279577962517113
10 0.7400003010717293 0.7619332941401404 0.04847604135632899 0.03573892319868044
10 0.648775987589494 0.7631798939027137 0.042080492142117266 0.03243206677218975
10 0.5481038995001528 0.7625912090255508 0.04691354135632899 0.03569345909205772
10 0.4583693114108115 0.7623207728947465 0.043788541356328994 0.03560253087881247
10 0.35386374792857617 0.763180927751027 0.051601041356328814 0.03582985141192587
10 0.2643838709641055 0.7683792416202228 0.05472604135632882 0.03592077962517113
10 0.1713059590534467 0.7633303772761733 0.06253854135632882 0.036148100158284534
3 0.7915990725784633 0.4794450545649818 0.05585189371369381 0.026591243731793845
3 0.6889834948282043 0.4873819235278848 0.04803939371369381 0.026363923198680438
3 0.587602931345969 0.4883330065974105 0.04647689371369381 0.02631845909205772
3 0.4906915440424161 0.48473298198680437 0.043351893713693815 0.02622753087881229
3 0.40529985359570997 0.49395120612255694 0.04491439371369377 0.026272994985435005
3 0.3169094416850512 0.4890387340983754 0.047893844499482086 0.02323892319868044
3 0.22174249089926285 0.4893904235943919 0.05577911910658786 0.025028743731793847
3 0.12355970202413336 0.49199493487716295 0.060539393713693726 0.02672763605166182
12 0.18210221794478682 0.8276201978092868 0.08038101282028158 0.05071070533113371
12 0.8735255845701755 0.8313545470431343 0.07896406203449331 0.0537902412245117
5 0.12072149234700494 0.4310574348771629 0.08277826674922299 0.0351766335443795
5 0.7801307255977818 0.41747625197855703 0.06268409057054054 0.03927310015828454
9 0.7818111195163635 0.8388284147523961 0.06214043507002245 0.061102636051661816
9 0.27536206637321026 0.8365753121533362 0.07776543507002262 0.061557277117888984
2 0.6756251621155466 0.4183364068348374 0.058142139784752266 0.04226170783841656
2 0.20658621773989908 0.4319954607414104 0.07205909057054054 0.03954588479802066
6 0.364060693337681 0.831354266230829 0.06482878742738744 0.05181856426490725
6 0.668711806034128 0.8394385170222518 0.06170378742738745 0.05172763605166182
0 0.5847283343652876 0.42661425659741053 0.05145549214211727 0.032704851411925875
0 0.29884649234700494 0.43624034303214854 0.06083049214211718 0.03297763605166182
8 0.46480555603412804 0.8335054511079919 0.07485875889134022 0.0661538489046432
1 0.3806230312221344 0.4331584586298393 0.0799443651776464 0.041335705331134065
4 0.4888529081866052 0.4285057140401157 0.05955909057054072 0.039182171945039104
11 0.5720915171589986 0.8420884924116455 0.0655565334984459 0.06744356426490725
7 0.1364901875 0.8459278359375 0.9321193828125001 0.8547747749999999 0.81994600625 0.3944488296875 0.07311987656249999 0.41595400624999995 0.1364901875 0.8459278359375