10 0.4420974929706866 0.2544344626217209 0.023912688998963993 0.04451389183263199
10 0.3848008773787555 0.1448982607149552 0.02747433664159917 0.05399801923729371
10 0.37157947766920574 0.34503466997078236 0.02383991439185813 0.04295139183263199
10 0.4047364642297516 0.6379290089008567 0.023912688998963993 0.04451389183263199
10 0.3345095473566941 0.7222792162499181 0.027328787427387445 0.050873019237293704
10 0.33185112014455437 0.8128496525475871 0.029255160462916763 0.05874008293962456
3 0.596673445413614 0.8543005094490109 0.027619885855810898 0.0571230192372937
3 0.5142442049241267 0.5475272089935239 0.023912688998963993 0.04451389183263199
3 0.634984852152477 0.3834150905745368 0.031725188998963996 0.044786710344286274
3 0.6452567262214637 0.28009911761637885 0.03328768899896399 0.04484127404661713
3 0.662632624897556 0.17497510799773197 0.03394266046291676 0.05890377404661713
12 0.2704234685729778 0.808754918789656 0.04099318114108117 0.07630952885594056
12 0.3039681385464072 0.440213249915182 0.04004711124870504 0.05599702885594056
5 0.6824655119962213 0.569732047290626 0.04651543507002263 0.060902783665263985
5 0.7262584772549209 0.1821129962021669 0.0499315334984459 0.0672619110699257
9 0.5614573451231637 0.6558555749654402 0.035869033498445904 0.0667708377489479
2 0.5912541228306415 0.3677826560909662 0.046224336641598994 0.05465278366526398
6 0.5392443207209456 0.26196173122604244 0.03096320967712849 0.061919646641955414
6 0.38061633747016865 0.2347420107149552 0.035577935070022625 0.06052083774894799
0 0.5065707919800106 0.6452925863981857 0.030890435070022627 0.06035714664195542
0 0.45459091501553994 0.6393079704262693 0.030890435070022447 0.06035714664195542
8 0.32218740736254486 0.2165029314035277 0.04924232878371626 0.08595734736759483
1 0.7069133560814185 0.396502878416152 0.059015435070022625 0.061339293283910835
4 0.540188004966908 0.8445733345840871 0.04186647642635144 0.09505952885594056
11 0.3949012378034002 0.7318699818590146 0.038232054176610394 0.08401290145127885
7 0.6612184515624999 0.8961298234375 0.7467677140625 0.1408956484375 0.3032735078125 0.06856291406250001 0.2438032578125 0.8569743750000001 0.6609737921875001 0.8944050796875 0.6612184515624999 0.8961298234375