10 0.15937051447217848 0.3810230599675787 0.06224769448207601 0.027838209677128488
10 0.24884577227409457 0.36980727005899194 0.0544351944820761 0.02747433664159917
10 0.33967549016191895 0.36949259284685215 0.05443519448207601 0.02747433664159917
10 0.4396345465843541 0.36405376799207734 0.041935194482076096 0.026892139784752266
10 0.5286151594292243 0.35834311538704344 0.0450601944820761 0.027037688998963992
10 0.6269298286965297 0.3514145651393744 0.0450601944820761 0.027037688998963992
10 0.7152110786965297 0.34730279983789347 0.04834896879233561 0.03030823821317572
10 0.8234772800760106 0.3359949646440364 0.0513101944820761 0.027328787427387445
3 0.8498947744218011 0.6159179050907424 0.057887743102595125 0.03386988585581072
3 0.7440165886461523 0.6130176910703878 0.04538774310259512 0.03328768899896399
3 0.6424540886461523 0.6177480405322686 0.048512743102595124 0.03343323821317572
3 0.5434810001115415 0.6270567280834906 0.04218085594746519 0.03157963978475244
3 0.454749370758328 0.6225747433849714 0.042098968792335614 0.03001713978475227
3 0.36992066937884704 0.6327909594722406 0.04834896879233561 0.03030823821317572
3 0.2747310001115416 0.6395739605056979 0.05476274310259503 0.03372433664159917
3 0.17695191937884705 0.6417786234498141 0.05616146879233552 0.030672111248705038
12 0.15305191542211816 0.32023110918179043 0.08009029172311406 0.04113873035529281
12 0.8320024310259504 0.27451165509074243 0.07721095318850324 0.04568068114108117
5 0.18577804273916684 0.7055864123249436 0.07729284034363304 0.04724318114108108
5 0.8579805913596859 0.6805433312694248 0.07112472749876275 0.04851458271265763
9 0.2424452860689045 0.3074528192732036 0.0774566146538925 0.05036818114108117
9 0.739610213138126 0.27489910690998803 0.06495661465389269 0.049785984284234266
2 0.7516896477821209 0.6847107545526232 0.06676477611928178 0.05454625889134022
2 0.27405929273916685 0.7014746470234626 0.06824538896415203 0.05305653349844608
6 0.33413814111185863 0.3086642547575109 0.06586401741285455 0.037358758891340216
6 0.6271921002932558 0.28170137862160977 0.06125840456798422 0.03870293507002263
0 0.36587830054108295 0.690149695204217 0.06150406603337357 0.043390435070022625
0 0.6559677120064722 0.6813375055860804 0.05533595318850324 0.04466183664159917
8 0.43089031037916403 0.3018084791169478 0.07424972749876275 0.048660131926869445
11 0.5342233502932558 0.2860314677444083 0.06183161465389268 0.04964043507002262
4 0.5576939863167317 0.6890473058337495 0.06372166327441153 0.05596320967712849
1 0.45045801842890737 0.6901261164205007 0.07309666327441153 0.05639985731976367
7 0.144984175 0.7186464046875 0.9025257124999999 0.6947843796875001 0.8829829015625 0.24440039218749998 0.1015820234375 0.30004733125 0.144984175 0.7186464046875