10 0.22932972618130237 0.14783942108710937 0.041140210466874015 0.06359113855894431
10 0.22771328925077733 0.24060358260730733 0.03756018415851479 0.05568771034569897
10 0.2368978444277446 0.33134224287386405 0.03903167889684287 0.05417067445232169
10 0.24221394695975854 0.43600701082055265 0.04004814732681172 0.04484113855894432
10 0.2460662600292335 0.52893029671393 0.04004814732681172 0.04484113855894449
10 0.2503735994070678 0.6296660826073073 0.04004814732681172 0.04484113855894432
10 0.25500716247654276 0.7226121005539959 0.040412168373499216 0.051091138558944316
10 0.2552185360552441 0.8333677441275054 0.03756018415851479 0.05568771034569906
3 0.5026762209196305 0.15423313974607858 0.02533319994353036 0.060011497492717544
3 0.5107988050357929 0.2535200859060126 0.024787168373499213 0.0506364974927175
3 0.5155688759977757 0.34880985385270125 0.02773015785015538 0.04760242570596294
3 0.5151054153897274 0.4345882294795219 0.025894642065139806 0.04286946159934022
3 0.5280142100433509 0.5223155500126353 0.024241136803468066 0.0412614974927175
3 0.5314492941595134 0.6214661038527012 0.0259856473268119 0.04443196159934022
3 0.5358931414298554 0.7245456397460786 0.0259856473268119 0.04443196159934022
3 0.5482859965927052 0.8301962461725694 0.028185184158514787 0.05541492570596276
12 0.16379573144297419 0.14749242860895678 0.054550263083592475 0.07957985141192578
12 0.19202058604112665 0.8463474657559754 0.060709257821920645 0.07819920783841638
5 0.6091324913310334 0.8304068463308539 0.03516322625188941 0.06809678213245363
5 0.5638412340738101 0.15991248990436313 0.03874325256024882 0.07600021034569897
9 0.18040127560248756 0.7539781093294846 0.06650423151356137 0.07056856426490725
9 0.16144354714328513 0.24101510807584337 0.0652147472985769 0.07521060015828454
2 0.5675115366199414 0.24971077579774045 0.041595236775233246 0.07140363855894431
2 0.6028531282756757 0.7225943463308538 0.042247684158514785 0.05582410266556703
6 0.16971034442774463 0.3293872862890887 0.05658319994353027 0.06092077962517113
6 0.17362138360793478 0.6375718593294846 0.05850972099021767 0.06721624373179384
0 0.5673665944277446 0.34095790142456106 0.03296368942018653 0.05711381802583091
0 0.5888445652062007 0.6293755437444292 0.03131018415851479 0.05550585391920819
8 0.17038444959059443 0.4346969119159093 0.06999325256024877 0.07690949247815264
11 0.16715230475344423 0.5398928772761733 0.07413472099021767 0.06767088479802066
4 0.584028991613382 0.5333045257977405 0.03783319994353036 0.06037521034569906
1 0.5737978759271886 0.4245971155311838 0.04186825256024882 0.07609113855894431
7 0.1457597953125 0.09783229843749999 0.17190060625 0.8981615078124999 0.6355300515625 0.8740997546875 0.5777711828125 0.11675749843750001 0.1457597953125 0.09783229843749999