10 0.8995001756394558 0.4723665095962145 0.06318196159934004 0.024892203647222288
10 0.8139263884924374 0.4868667271111452 0.05376149749271768 0.023111498100139016
10 0.7092556088672662 0.4361419881290619 0.04751149749271768 0.022966027735416717
10 0.44273335009177756 0.5189597138121178 0.04599446159934022 0.024492160144236053
10 0.33261655251991773 0.46914351139916644 0.0428239974927175 0.02285692496187508
10 0.2564919732113157 0.5397118909581942 0.04760242570596294 0.026091027735416716
3 0.16719482633910115 0.2650405056995832 0.05743206677218975 0.04193423328249999
3 0.27344482633910117 0.2625675094993053 0.0479206744523216 0.03702852773541672
3 0.37792773785929906 0.25309963089020804 0.04787521034569897 0.03546602773541672
3 0.5798970663099713 0.342994013014687 0.044568353919208194 0.029143292553055568
3 0.839359331353666 0.20561607390076317 0.05412521034569906 0.03561149810013893
12 0.9167391514245612 0.5274715836844089 0.07894335391920819 0.02994337955902786
12 0.5604353271305239 0.5607815782691661 0.053943353919208195 0.029361498100139015
5 0.14809783386094855 0.19981554920256933 0.07176735141192578 0.05163654160312507
5 0.5366147645814763 0.17201001899861065 0.05145485141192587 0.05116376291777782
9 0.6646835917785074 0.2745693617041661 0.0668525308788123 0.04371493882958344
6 0.30153638558944346 0.36823562804041643 0.05568771034569897 0.0356478656913195
6 0.341398170624891 0.5291361072388538 0.05398881802583091 0.030923998100139016
0 0.6764992816702351 0.3313642223614925 0.06354567445232177 0.03739220364722229
0 0.691371775402029 0.3857425978364578 0.06345474623907635 0.034267203647222286
8 0.35227348614343945 0.5804804016917705 0.0666706744523216 0.03746493882958326
1 0.36630226458147636 0.17597408643729134 0.06293792069139795 0.07016833605604171
4 0.8534278430321486 0.2592313831713187 0.09217077962517095 0.055234320288472284
11 0.8020425024407754 0.4277281164538188 0.09162521034569897 0.03648432028847228
2 0.3793143931112909 0.300755880890208 0.05288095909205781 0.046512630508958354
7 0.854709509375 0.138090940625 0.1016152234375 0.18851927500000001 0.2163485734375 0.62885698125 0.9702696875000001 0.5471382375 0.854709509375 0.138090940625