10 0.15520826952953432 0.6069937926480009 0.06322742570596289 0.025727253341817757
10 0.24298105416927038 0.615350637969456 0.05380696159934022 0.02405566534054504
10 0.33812841811760846 0.5548483952896384 0.045948997492717504 0.022402258672817865
10 0.6222055529156292 0.6218791645846856 0.046039925705962936 0.025527258672817865
10 0.7228443989172786 0.562094537237459 0.044477425705962935 0.0255090773392725
10 0.817836301661988 0.6305439978915051 0.053943353919208195 0.028743165340545218
3 0.1645986752437445 0.338825047979001 0.05867631802583091 0.03036020934118149
3 0.45088917940037965 0.45506547660727553 0.04438649749271768 0.022384077339272324
3 0.6347209586298395 0.35367405724859485 0.044568353919208194 0.0286340773392725
3 0.7371329047897734 0.35482692990136816 0.04778428213245363 0.03179544000636332
3 0.8448317445232167 0.34966616788673244 0.050909282132453625 0.03183180267345431
12 0.1468478517411302 0.6688307213160463 0.08234113855894432 0.038445429344363194
12 0.5143990645941117 0.6770581079328668 0.051091138558944496 0.03808180267345414
5 0.8515614661516867 0.2855036705522325 0.07158549498543501 0.04456816000954493
5 0.46160405588513004 0.286133663271821 0.057522994985435005 0.044404528007635946
9 0.35306779334871774 0.3968086286203203 0.06970474623907634 0.03361247867599957
2 0.643920113881831 0.4012394005808676 0.06216503087881229 0.04289657200827239
6 0.7324574281467384 0.46273033656909546 0.05398881802583091 0.03030566534054522
6 0.7285692131821859 0.6245490839035954 0.05725021034569906 0.035029528007635945
0 0.3523380191338229 0.4523046506206384 0.060193353919208284 0.028815890674727028
0 0.34763379875899403 0.5055023759548203 0.06331835391920829 0.028852253341817756
8 0.7334673133404704 0.6854502212365045 0.07328438730530315 0.04927384134309047
1 0.632561413565262 0.27945530724859485 0.061011707838416564 0.05694089067472685
4 0.1647183471887837 0.39665572931254645 0.09493206677218975 0.041715880012726636
11 0.24357443606429716 0.5551671159691377 0.08850021034569897 0.035393154678545
7 0.096478340625 0.689540821875 0.8771477765625001 0.7201838984375 0.8969682390625 0.26732611093749997 0.1357739640625 0.26934515625 0.096478340625 0.689540821875