10 0.15548116099725748 0.6366449299809099 0.060247822188333355 0.03819089067472685
10 0.24318118274875053 0.6442205253023652 0.05701371941479172 0.03346702800763594
10 0.33602264617961863 0.6376699859564111 0.06326371941479163 0.03353975334181776
10 0.4344601461796186 0.6365245619430481 0.044513719414791805 0.033321577339272504
10 0.5243948151575699 0.6393853852641851 0.050581881458888846 0.025581802673454133
10 0.6259754989531603 0.6389848485837311 0.05705008700597229 0.035029528007635945
10 0.7158010651575699 0.637158171904868 0.044513719414791805 0.033321577339272504
10 0.8207249545002435 0.6460962725573232 0.06337282218833344 0.03822725334181776
3 0.8227725380877434 0.36474627522282327 0.053852351823611144 0.03186816534054513
3 0.7198111922480559 0.3729774932368226 0.04440461664124999 0.0286340773392725
3 0.6158867584524657 0.3734053019175947 0.049092116641249996 0.028688621339908772
3 0.5189026556789239 0.3698450445974123 0.03808188145888884 0.02543635200509069
3 0.430821427430417 0.3794660399427299 0.047529616641249994 0.028670440006363318
3 0.34550152327010447 0.37342567262095666 0.04440461664124999 0.0286340773392725
3 0.25091572188333366 0.37218189330045603 0.05065461664125 0.028706802673454223
3 0.1533140232701045 0.37566197664704637 0.056831881458888886 0.025654528007635947
12 0.14914154844007005 0.7000170866486372 0.07903418977951393 0.039971566677272106
12 0.833898408147466 0.7084599125557324 0.07445579255305565 0.04460452267663584
5 0.15885420203170164 0.3115176606460919 0.0759455573706945 0.04149770401018138
5 0.8267502168493405 0.3006201405554142 0.07445579255305565 0.04460452267663593
9 0.7402393271254173 0.7134570425684591 0.05581489532659738 0.04907384667409058
9 0.2446540701915631 0.707501775302365 0.07311149810013892 0.053961341343090476
2 0.24560931962288218 0.31207109663431964 0.06678876291777787 0.05076361600890866
2 0.7181019154625696 0.2995399932368226 0.060611498100139015 0.05381589067472685
6 0.33124553362243114 0.7010239612905929 0.06500805737069451 0.0413704346753633
6 0.6284660257386465 0.7124132579169584 0.05872168977951393 0.039735209341181486
0 0.3363797899876044 0.31726657928868385 0.05712282218833335 0.03815452800763604
0 0.6245519372140628 0.30922462324954936 0.05566942496187508 0.04282384667409058
8 0.42977395260038254 0.7037847872772298 0.0745648953265972 0.049292022676635835
11 0.5339165919430562 0.7127319785964578 0.06057513050895835 0.052253390674726855
4 0.5276405696228823 0.3087893659293669 0.06366376291777769 0.050727253341817755
1 0.4206638710096531 0.31237853727722986 0.07303876291777774 0.05083634134309047
7 0.101288021875 0.7206965484375 0.8865330281249999 0.7340264171875 0.8702145437500001 0.281619796875 0.1134822421875 0.29954222656249996 0.101288021875 0.7206965484375