10 0.7990974825820367 0.8115130074260302 0.05412521034569888 0.036230165879248946
10 0.7044274917532368 0.732348807881517 0.04778428213245363 0.032886911069925515
10 0.5978759633817068 0.7927555398253497 0.04475021034569906 0.03590278366526398
10 0.30711222255290693 0.7067435956383143 0.04930131802583091 0.031378974772256464
10 0.2076146762346883 0.7666146142426358 0.05568771034569897 0.03628472958157989
10 0.1164812108744244 0.7540476376562808 0.06350021034569897 0.03655754809323426
3 0.8216390384671668 0.5205978307470078 0.0538069615993404 0.02529266587924912
3 0.7145168602539214 0.5199852171373442 0.04443196159934022 0.02496528366526398
3 0.6114827884671667 0.5132590127835078 0.04443196159934022 0.02496528366526398
3 0.4258742459098719 0.6029688096107976 0.04130696159934022 0.02485615626060227
3 0.14171585774663895 0.4780853383819202 0.0568864974927175 0.023839293283910833
12 0.48445230938335637 0.8474479851086937 0.05788670783841639 0.05821429328391048
12 0.10905750428964911 0.8210441646981227 0.0796253155185485 0.05429068511654274
5 0.4407814950519421 0.4400422236759482 0.05403428213245363 0.033105165879249124
5 0.8304661206787627 0.45912461740749677 0.07122178213245363 0.03370536660488845
9 0.33065868580159974 0.5425546100662846 0.06336381802583091 0.03187004809323426
2 0.6178631691085523 0.562750581295162 0.050909282132453625 0.03299603847458741
6 0.711425301003579 0.6262352171373442 0.05398881802583091 0.03154266587924912
6 0.7093673928485934 0.8044693445420059 0.06698892319868044 0.049166675497895884
0 0.32594244206980594 0.5971329826616228 0.060193353919208284 0.030198420688572546
0 0.3188369842313894 0.6531920097034648 0.06037521034569897 0.03644842068857237
8 0.7106056324237522 0.8694222219466677 0.07700042069139794 0.07136905771188111
1 0.6111167271052534 0.4452084172300115 0.06211956677218975 0.04275298439090332
4 0.1392297037482884 0.5366518065307547 0.09470474623907629 0.03608632213985139
11 0.21173152639297288 0.7057589597961321 0.08573892319868044 0.04982143992586607
7 0.0591899984375 0.83266266875 0.8548336781250001 0.9028078640625001 0.876461103125 0.43824703749999994 0.1133403515625 0.4050812421875 0.0591899984375 0.83266266875