10 0.8534483075960416 0.34322679889584246 0.05650760523343692 0.03315972958157998
10 0.7536372943712749 0.4099108126908405 0.04529708944842135 0.028090283665263983
10 0.6529855760118931 0.34168411314632746 0.04557010523343692 0.03277778366526398
10 0.4667673549510883 0.34375750071779015 0.04226309471009326 0.02954365626060227
10 0.27879618906725073 0.43621035162876404 0.054581084186749604 0.02685516587924912
10 0.17830409442774459 0.3305654976377473 0.06432010523343697 0.03343254809323426
3 0.18632650995864633 0.602167679126093 0.057797089448421435 0.028526793283910834
3 0.3864175152203182 0.6107143330244427 0.046768584186749604 0.02658234736759475
3 0.4674708231692957 0.5566295229503088 0.04189907366340595 0.02329365626060227
3 0.56206371537561 0.45389888175064896 0.04502407366340595 0.023402783665263983
3 0.7574819021649606 0.5160789671373442 0.048331084186749605 0.026636911069925696
3 0.8611459574831022 0.4620040807470079 0.056143584186749605 0.02690972958157989
12 0.8739813444983318 0.2807912862819707 0.08416216837349921 0.052837312521204535
12 0.17149338133003472 0.26717512023308554 0.08067314732681177 0.04647818511654282
5 0.4810999546405048 0.6701563096107976 0.05530912628012423 0.03935516587924912
9 0.659015039109603 0.4050472086998237 0.06450211575678075 0.03655754809323426
9 0.17395749964706414 0.37641371097725845 0.08030912628012436 0.040228185116542824
2 0.4581119627447741 0.44948914554564706 0.05797909997176518 0.03165179328391084
2 0.7623150733810572 0.34472232230948735 0.08040013154179633 0.041790685116542825
6 0.3587126602692299 0.28228923266162287 0.06486613680346806 0.04280754809323426
6 0.7579809730563563 0.6852828349233591 0.06155912628012441 0.039573420688572544
0 0.554639081273565 0.33980909989948355 0.05530912628012441 0.03935516587924912
8 0.44488537869919875 0.27594251814098536 0.07496917889684288 0.0556349303072194
1 0.5653692678511542 0.6177431269413256 0.0619231473268119 0.04582342068857255
11 0.18216192570130957 0.6511408924656041 0.09960515785015547 0.050257949544513104
7 0.9147592546875 0.2570712140625 0.12053041874999999 0.244929353125 0.1545506921875 0.6703829015625 0.91711065625 0.7139047374999999 0.9147592546875 0.2570712140625