10 0.5505443797830829 0.18783775968673658 0.023728391490547906 0.05054551386770836
10 0.4843603226996863 0.2824040708571532 0.025236349336070062 0.041206881458888935
10 0.5439211541799713 0.3861479731176046 0.02209316861791084 0.03800914627652787
10 0.5311524677062754 0.5663439661837504 0.022093168617910663 0.03800914627652787
10 0.43163776015534083 0.7492090579393753 0.023710210772388506 0.04742051386770836
10 0.5256008627128648 0.8490655472057991 0.023801114363184793 0.06304551386770854
3 0.256914495226422 0.8318728215227434 0.03470225292686617 0.05705008700597247
3 0.2588593111886131 0.6318910053183335 0.03468407220870695 0.053925087005972115
3 0.3202558743221338 0.5544030913743753 0.031486349336070064 0.04135235182361115
3 0.4317251603282914 0.46557894034819486 0.025254530054229285 0.04433188145888885
3 0.3789688407518631 0.26666800845246563 0.028379530054229284 0.04440461664124999
3 0.438916533373879 0.16961247691732675 0.02531816256778665 0.05526938145888893
12 0.5826048416356258 0.8550804642838894 0.028588608313060603 0.08034211664124982
12 0.6100057381943392 0.17437597815159772 0.03636474687674216 0.07427395459715283
5 0.20397234416970864 0.5305999558314237 0.05031816256778665 0.055851262917777686
9 0.48381490115490927 0.3761540708571532 0.03471134328594587 0.0586125870059722
9 0.4771270012765463 0.8541881518792017 0.03170451795398073 0.07885235182361114
2 0.5445438437769251 0.2791167231176046 0.030142017953980728 0.07881598423243066
2 0.42565644662903673 0.5685766537790629 0.036219301131468026 0.04927395459715278
6 0.5805252329297819 0.6753202291015283 0.030023843285945873 0.05850348423243048
6 0.20245179254726117 0.2547459706490627 0.050363614363184706 0.06366376291777787
0 0.5402416422761147 0.48138773793524353 0.029987481849627427 0.05225348423243048
8 0.5872797478587006 0.5887469494662505 0.03478406615858276 0.0711125870059723
1 0.2583422024827692 0.452167137727153 0.05972043364502548 0.06075696846486114
11 0.20222245004688225 0.8313812058314237 0.05992042154477704 0.09513196846486131
7 0.6057975328125 0.9088971703125001 0.6392770296875 0.1346872265625 0.1911930828125 0.0970551984375 0.1896920609375 0.8586974625 0.6057975328125 0.9088971703125001