10 0.6375 0.80078125 0.02578125 0.05078125
10 0.5671875 0.7078125 0.0234375 0.04453125
10 0.6265625 0.603125 0.02421875 0.04296875
10 0.61171875 0.421875 0.02421875 0.046875
10 0.5109375 0.23984375 0.02421875 0.05234375
10 0.60546875 0.1390625 0.02421875 0.06328125
3 0.33671875 0.1578125 0.02890625 0.0546875
3 0.3421875 0.35703125 0.02734375 0.04609375
3 0.40234375 0.434375 0.025 0.0390625
3 0.5125 0.52421875 0.02265625 0.0421875
3 0.46328125 0.72109375 0.0234375 0.046875
3 0.52265625 0.8171875 0.0234375 0.04921875
12 0.665625 0.128125 0.0375 0.078125
12 0.7 0.81640625 0.04375 0.07734375
5 0.2875 0.4578125 0.04453125 0.053125
9 0.56640625 0.6140625 0.0328125 0.059375
9 0.559375 0.13203125 0.0359375 0.08359375
2 0.50703125 0.42109375 0.03203125 0.05546875
2 0.63125 0.71328125 0.03359375 0.0765625
6 0.28984375 0.73515625 0.04453125 0.0625
6 0.66328125 0.31015625 0.03359375 0.06171875
0 0.621875 0.50859375 0.0296875 0.05625
8 0.675 0.396875 0.0453125 0.07265625
1 0.3453125 0.53515625 0.04921875 0.0609375
11 0.284375 0.15546875 0.05390625 0.09765625
7 0.2669270828125 0.1290509265625 0.275390625 0.8917824078125 0.7281901046875 0.8576388890625 0.6871744796875 0.0769675921875 0.2669270828125 0.1290509265625