10 0.8047438059681499 0.846358790307766 0.039294873360319824 0.06427157825883115
10 0.8069437138154946 0.7541303836919078 0.03715916327441145 0.05332498789975162
10 0.7356242345077094 0.6607667239527915 0.032144114653892684 0.0470477168225127
10 0.7881163121881863 0.3650587933328281 0.03674972749876275 0.04551248789975162
10 0.7163873971047524 0.2638826335937118 0.033706614653892686 0.0470568071815924
10 0.7836390948661889 0.16033493189650963 0.04036605042954129 0.05490566861791084
3 0.49272416779696737 0.17140528386485832 0.027866050429541288 0.054832945745273864
3 0.5052009136130959 0.27527062724900003 0.024331614653892684 0.047002265027114645
3 0.5099470465843541 0.3807439224285398 0.024167840343632997 0.04387726502711464
3 0.6198587143813213 0.5543763442679046 0.02721095318850324 0.04233294574527378
3 0.5267825802784094 0.8511018742239379 0.026549211894930556 0.05951135538619425
12 0.8553624451594445 0.47016847414918317 0.05294793758467122 0.05654089149054773
12 0.8688472495457148 0.8467673355855017 0.05261374491161739 0.07996930113146802
5 0.43088258706427274 0.1694206030485032 0.041103034825709095 0.06896816861791084
5 0.4559190451140161 0.5576745819712643 0.03724105042954129 0.05488748789975162
9 0.569794516619885 0.657824052015231 0.03477114767057934 0.06736930718159222
2 0.5584697557657512 0.3671763261175319 0.034607373360319826 0.0642443071815924
6 0.7852226062861496 0.2501968626146688 0.05327548620519025 0.06279089149054773
6 0.610301171415012 0.26762577801112586 0.034197937584671226 0.056431807181592394
0 0.6806501294647553 0.655616136520578 0.03436171189493074 0.0595568071815924
0 0.6244001294647553 0.6559433894474443 0.032799211894930735 0.0595477168225127
8 0.8512194205105008 0.24199802235378512 0.07284435775648745 0.07852497579950324
1 0.44238773236000284 0.38895185304850316 0.04373671189493056 0.05961134933607006
4 0.5844722495457149 0.848421780937992 0.03616322930778502 0.09393180718159258
11 0.7446484317033188 0.7584002480550924 0.05450379353213641 0.08622839149054773
7 0.888367425 0.8961480234374999 0.8691791359375 0.0950895296875 0.40614700625 0.1261484984375 0.4565367359375 0.8888193781249999 0.888367425 0.8961480234374999