10 0.17898629626712176 0.12230212844145058 0.04015344155801363 0.06409167490485981
10 0.1680157942385269 0.2140903804186169 0.03848184740221221 0.057778007908665406
10 0.23197710836255614 0.3067288665784525 0.03524775324641087 0.051400673916276673
10 0.15176786242304124 0.6082223823957833 0.039826159090609534 0.04534167490485981
10 0.21560644562179396 0.7078921185556188 0.038318206168510206 0.04840300790866543
10 0.13806605235949704 0.8117612178710468 0.03998980032431154 0.054716674904859985
3 0.46243004180289493 0.11934031863216854 0.022938668019063257 0.06182883794672147
3 0.34171852678865655 0.41545792635055356 0.028888659090609538 0.04489600593149912
3 0.4401309330398922 0.591788321597918 0.025790932629560004 0.046331171939110405
3 0.43441099269969463 0.6958537390884041 0.024201159090609537 0.04470500494291585
3 0.4380115052815963 0.8026621546017235 0.02592730032431163 0.05414367193911014
12 0.11418345657554729 0.12260055878351783 0.05457049756436803 0.0849771778706093
12 0.0935753072274657 0.49817356174926736 0.058903441558013594 0.06485567885919252
5 0.5064668194023303 0.4142098082520452 0.02910684740221221 0.057396005931499114
5 0.49734559497317077 0.8025865587463368 0.029297762174864773 0.06833350593149908
9 0.40363392005095344 0.3122254969970694 0.030832988635914306 0.06683467292769345
2 0.38756899472828954 0.6064211659704302 0.03373980032431163 0.054462006920082115
6 0.32415928531336846 0.7058110123201086 0.03535684740221221 0.05765067391627667
6 0.14270473377124088 0.724915133878658 0.057450035713814976 0.07104201186299815
0 0.3450674435899038 0.3130505093543591 0.033903441558013545 0.06383700692008229
0 0.2873094906678045 0.3122811882135516 0.038645488635914306 0.06715300790866544
8 0.07548996023229056 0.7292153147150169 0.07636367694751697 0.08118101581733086
1 0.5042888904262185 0.583709224753948 0.03543866801906326 0.062338173916276676
4 0.4022737918028949 0.12179149798565261 0.03609323295387146 0.0998381739162766
11 0.22900784131642754 0.20848236756703567 0.06095686525911974 0.0930443458553869
7 0.1011753859375 0.073946853125 0.050065593750000005 0.8775422781250001 0.5196686625 0.8468415765625 0.5359017765625 0.0845694234375 0.1011753859375 0.073946853125