10 0.8456519245703682 0.7342211342692953 0.0628818080044546 0.03463106426490725
10 0.7542184025700499 0.7339052340318684 0.05348862667090888 0.03279577962517113
10 0.6637115812380954 0.721112065847753 0.051907945337363516 0.03118781551854859
10 0.5629848752387316 0.7134921309705899 0.04097044533736351 0.03086956677218975
10 0.4731774879058225 0.7077529448397858 0.044095445337363516 0.030960494985435006
10 0.3740041912396861 0.7009597240692456 0.040952264003817976 0.029307066772189572
10 0.28265248524032244 0.6936125738318186 0.047238626670908876 0.032613923198680436
10 0.17405873524032248 0.6904528184215424 0.053452264003818015 0.029670779625171128
3 0.2265410346117298 0.4114161877801569 0.05347044533736343 0.03123327962517113
3 0.326404674610139 0.4260446406040083 0.04407726400381797 0.029397994985435005
3 0.42946603994272986 0.4345140216411053 0.04091590133672725 0.02618206677218975
3 0.5255506992759572 0.4380913141984003 0.04091590133672707 0.026182066772189573
3 0.6121149079408209 0.45389582211595914 0.05029090133672707 0.026454851411925873
3 0.697298429941139 0.45402986592689515 0.047165901336727246 0.026363923198680438
3 0.7917842266072754 0.4606866943775674 0.053415901336727065 0.02654577962517113
3 0.890921160606321 0.47060491514810765 0.059647720003181706 0.02516513605166182
12 0.8371030805617776 0.7972750637361818 0.07865225867281786 0.047585705331134064
12 0.14910364123173198 0.7530293747688909 0.07556362133990877 0.050619777117888634
5 0.23510805995386574 0.3467997583132702 0.0629727146721816 0.04244356426490725
5 0.8947825046149115 0.407414593361353 0.07854317067154533 0.03821070533113406
9 0.24351671256368657 0.765936203219563 0.06313634667409058 0.05650606426490725
9 0.744088877227914 0.7984761993921323 0.07251134667409058 0.0567788489046432
2 0.8073188672820024 0.40174360339048293 0.07550907733927233 0.04593227711788868
2 0.339722834619684 0.35609585345698985 0.06306362133990877 0.05025606426490725
6 0.6551445558959593 0.7857284953146395 0.059902258672817864 0.04704013605166182
6 0.35362750922982294 0.7730476727364619 0.059902258672817864 0.04704013605166182
0 0.43019329328454764 0.3720140216411053 0.050418170671545325 0.03739235141192587
0 0.7166665952816842 0.4014504352063673 0.06289998933799978 0.03619356426490725
1 0.6331728426161842 0.3904243555020539 0.0786704400063634 0.049148205331134065
4 0.5262506806174568 0.37793506419840023 0.0598840773392725 0.045477636051661906
11 0.44964853389564113 0.7820937152937569 0.06631589067472703 0.06128449247815269
8 0.5543814872295048 0.7812335604374765 0.07254770934118149 0.05990384890464338
7 0.090556215625 0.7747061265624999 0.8825326546875001 0.8208700921875 0.9389743046874999 0.3976092453125 0.1942084328125 0.3244436828125 0.090556215625 0.7747061265624999