10 0.5821050700190901 0.11358923346017398 0.02412839067472685 0.06046661910658786
10 0.5893823153644077 0.20157938503175052 0.02561816534054522 0.05428939371369372
10 0.5873027420432708 0.2915686842459623 0.024055665340545217 0.05421661910658786
10 0.5900379380569519 0.3922771596388564 0.022347714672181596 0.041643844499482
10 0.5926276834022696 0.48048563503175057 0.023946577339272322 0.04484161910658777
10 0.5968799260820872 0.5772150858175389 0.023946577339272503 0.04484161910658777
10 0.5979071714274047 0.6654963358175389 0.025545440006363405 0.04803939371369381
10 0.6046304334420405 0.7730541246926684 0.024019302673454136 0.05109161910658777
3 0.32517929077813124 0.8063932793646167 0.034993165340545127 0.054726041356328727
3 0.3317463694302683 0.6989981563290876 0.0317590773392725 0.04520549214211726
3 0.32973787941595073 0.5935657936326404 0.0317590773392725 0.04520549214211726
3 0.32394131806967863 0.49847161745395796 0.03170453333863606 0.040517992142117265
3 0.3314987320575883 0.40900885711487583 0.0317590773392725 0.04520549214211709
3 0.3242487587125888 0.32336245554329923 0.0317590773392725 0.04520549214211718
3 0.3215953786998621 0.2296852301504051 0.03343066534054513 0.05465326674922304
3 0.3204408640197264 0.1304664801504051 0.028779528007636036 0.05755994292790545
12 0.6414255260184537 0.1061362983901514 0.03528406667727228 0.07972604135632885
12 0.6649139527768586 0.7811898023190927 0.03993520401018138 0.0768193651776464
5 0.25651472402131714 0.14516898904174524 0.04462270401018138 0.07703768899896399
5 0.26037190344522215 0.81253842555951 0.049255660009545024 0.07256851282028158
9 0.6677384134309046 0.6880391158013281 0.042842028007635945 0.05821491439185813
9 0.6503016340308623 0.19717867535462213 0.04618520401018138 0.07711046360606985
2 0.2598402660327712 0.22943482713108648 0.05387043467536321 0.06653683664159915
2 0.2568009134309046 0.7071788374701686 0.060029528007636036 0.05901543507002245
6 0.6466413793761798 0.28567824917593965 0.03357611600890866 0.06715326674922295
6 0.663322538749178 0.57724716501554 0.035102253341817755 0.06410104135632899
0 0.26637262404517975 0.32058636600621593 0.04596702800763595 0.058360463606069855
0 0.26583901141785976 0.6106120525239807 0.04436816534054513 0.055162688998963996
8 0.6501123720559974 0.3824440872652809 0.04142497867599957 0.07064213978475227
11 0.661459499403224 0.48431480231909285 0.04445907200827222 0.062975188998964
4 0.2592521094048149 0.5147730136488511 0.056959072008272396 0.0635573858558109
1 0.2626669160566338 0.40517968982753355 0.05708634134309047 0.0744948858558109
7 0.693966140625 0.8315718750000001 0.6631261828125 0.0565460203125 0.246416815625 0.100273296875 0.245146984375 0.858845153125 0.693966140625 0.8315718750000001