10 0.3235840453532718 0.16186656906380664 0.03197725334181776 0.06395549214211718
10 0.3176073126989076 0.25216408333183027 0.030342028007635947 0.05763271753501122
10 0.38430501137808887 0.3474081168302763 0.025581802673454224 0.051164393713693725
10 0.3228157174172234 0.6326692206353831 0.028652258672817864 0.04662244292790554
10 0.3880418227641319 0.7356529795267234 0.025527258672817865 0.04647689371369381
10 0.3189202001113585 0.8347218722069598 0.030269302673454224 0.05138271753501158
3 0.6033042907781312 0.8487481007002259 0.02874316534054504 0.05443494292790518
3 0.5942645507638137 0.7429154776646966 0.028670440006363408 0.04818494292790554
3 0.5922742420830416 0.6389728403611435 0.0255090773392725 0.04491439371369381
3 0.4894475920591791 0.4584976282028158 0.025472714672181596 0.04178939371369381
3 0.5946141606858627 0.1690242133966729 0.02723520934118149 0.05904966832079959
12 0.2594942733529536 0.15653906017246647 0.04155224801081765 0.08157963978475227
12 0.2614685900699968 0.5275236482618076 0.044331802673454226 0.052037688998963993
5 0.6550544107256336 0.4646492365560366 0.039698846674090585 0.0565068651776464
5 0.6666037221116767 0.8532579722880129 0.04142497867599957 0.07064213978475209
9 0.5421629647119525 0.35866460214796786 0.030451116008908662 0.06700771753501122
2 0.5463259427514051 0.6493259894515208 0.04127952800763594 0.058142139784752266
6 0.4888321634309046 0.7411281916850511 0.030323846674090403 0.05607021753501122
6 0.3217810234324954 0.7450600587247245 0.04131589067472685 0.06126713978475227
0 0.4890743273790433 0.3593152655063687 0.02881589067472685 0.06068494292790545
0 0.4351408053787251 0.3544607915612167 0.028797709341181487 0.05912244292790536
8 0.2593992021005408 0.75230532444049 0.05719542934436319 0.08386988585581072
1 0.6640674260820871 0.635289222288013 0.0507454346753633 0.06639128742738745
4 0.5360658640197263 0.17020141563020325 0.033939742679817544 0.09840326674922303
11 0.37927151869827125 0.25035118031251163 0.041643154678544916 0.08939213978475227
7 0.2393855984375 0.10600553593749999 0.23005625312500003 0.8979654109374999 0.6871638718749999 0.89785510625 0.66431149375 0.136207796875 0.2393855984375 0.10600553593749999