10 0.4484375 0.1578125 0.025 0.0609375
10 0.3515625 0.25 0.02734375 0.05
10 0.44921875 0.43984375 0.02265625 0.04140625
10 0.45625 0.61796875 0.0234375 0.04140625
10 0.39375 0.7203125 0.02734375 0.04296875
10 0.4578125 0.81328125 0.02421875 0.05
3 0.178125 0.159375 0.03828125 0.05546875
3 0.1765625 0.3578125 0.03984375 0.0515625
3 0.23359375 0.43828125 0.03515625 0.04140625
3 0.34453125 0.534375 0.03125 0.04296875
3 0.2859375 0.7328125 0.0328125 0.04921875
3 0.34296875 0.83125 0.03125 0.05703125
12 0.51328125 0.83046875 0.03515625 0.071875
12 0.5046875 0.15546875 0.02734375 0.08046875
5 0.11796875 0.45625 0.05546875 0.0546875
9 0.39921875 0.15078125 0.03359375 0.08125
9 0.39375 0.628125 0.0375 0.06015625
2 0.45546875 0.7265625 0.0296875 0.07578125
2 0.33984375 0.4296875 0.04296875 0.05625
6 0.5 0.33359375 0.028125 0.05625
6 0.109375 0.73203125 0.05859375 0.0546875
0 0.45546875 0.525 0.0296875 0.05625
8 0.5046875 0.4203125 0.034375 0.06640625
1 0.16796875 0.53828125 0.06953125 0.06015625
11 0.12265625 0.1578125 0.06640625 0.09296875
7 0.1162109375 0.131365740625 0.1005859375 0.887152778125 0.5426432296875 0.871527778125 0.5289713546875 0.10648148125000001 0.1162109375 0.131365740625