10 0.42883536835367975 0.8317500013311803 0.026418336056041623 0.06151938145888884
10 0.3341060562333327 0.7418172919843747 0.029288762917777867 0.05065461664125
10 0.4361809685617704 0.5497005675355899 0.022820557370694418 0.04113414627652787
10 0.4473581239563538 0.3714119133752774 0.024383057370694416 0.041170513867708355
10 0.38724020117868035 0.2705228670224996 0.029143292553055568 0.04440461664124999
10 0.45346657285392344 0.17606304578409684 0.026163762917777868 0.05058188145888889
3 0.1585592359448604 0.8364790946054164 0.038809233282500036 0.05712282218833309
3 0.16161542002479115 0.6380779621965971 0.04182513050895835 0.052508057370694416
3 0.2205196009705898 0.5562817951185067 0.035320557370694415 0.04142508700597229
3 0.3336937078281941 0.45760594614468725 0.032268292553055564 0.04447735182361114
3 0.2797186419081248 0.26053223081395804 0.03397626291777787 0.05076371941479163
3 0.33904105015249986 0.16076731373586778 0.03255923328250008 0.05697735182361115
12 0.5093353663569096 0.15758449629718707 0.03761040919430556 0.07271145459715282
12 0.485030816966909 0.83278451804868 0.030016114741388832 0.0819046166412499
5 0.10531282826916621 0.541004246865868 0.0575228656913195 0.05599673328249999
9 0.3794529641933673 0.8399268304533678 0.03626611474138901 0.08205008700597212
9 0.3850945132990275 0.3627103670224997 0.03888196846486114 0.060247822188333355
2 0.4491044215434026 0.2628363471708677 0.03143314437666671 0.07569098423243056
2 0.32656957921909674 0.5624025489182289 0.045059233282500076 0.057268292553055565
6 0.48448922236149256 0.6547686208222218 0.02943423328249999 0.056904616641249996
6 0.1031379581125345 0.265423018617361 0.060647865691319504 0.05606946846486114
0 0.4444130022811107 0.46439884717086766 0.030996733282499987 0.05694098423243066
8 0.49119512367201335 0.5679407680486801 0.03590243882958326 0.0664250870059723
1 0.15722212680614545 0.4578092339480902 0.07016833605604171 0.06253767401194459
11 0.10305411835367986 0.8393326440923262 0.06936955547083343 0.09531380642076392
7 0.5081744796875001 0.8812065734375001 0.53965300625 0.1158420609375 0.0979593890625 0.1105060578125 0.09599325 0.8659294203125001 0.5081744796875001 0.8812065734375001