10 0.7864283650583966 0.6067369119789164 0.05258117193911023 0.02710101087441501
10 0.6780892830431743 0.6049117682144266 0.046394838935304605 0.02840884288963732
10 0.5882773665412715 0.6077913704956042 0.04476867193911023 0.026782675893442943
10 0.489154117035563 0.609490474753948 0.04802100593149916 0.030035009885831698
10 0.39940586752985463 0.6108075770351256 0.04476867193911031 0.026782675893442943
10 0.30025078452604903 0.6132879312934694 0.054143671939110224 0.02716467787060921
10 0.20865353353746582 0.6216999505708414 0.05414367193911025 0.02716467787060921
10 0.1206587850203406 0.6182658858558244 0.06351867193911027 0.027546679847775656
3 0.13444800688290118 0.3564198018634356 0.06208350593149907 0.030608012851581278
3 0.23219975737719273 0.35009686460128614 0.05433467292769336 0.031852177870609386
3 0.3289792568829012 0.34849326083723386 0.04802100593149907 0.030035009885831698
3 0.41303592190192917 0.3528677430427367 0.041834672927693405 0.031342841901054186
3 0.5009179238790956 0.3399273912558508 0.04489600593149916 0.029907675893442943
3 0.5976019228905123 0.34066753749179857 0.04652217292769336 0.03153384288963732
3 0.7030706728905123 0.33637001524867716 0.04964717292769336 0.031661176882026076
3 0.8088259243733871 0.3250412430055557 0.054398339923887915 0.0334146778706093
12 0.11267518867066215 0.6802074703425047 0.07652800790866542 0.04055601581733086
12 0.7956641022068155 0.6671969095074586 0.07522017589344294 0.0467423488211363
5 0.14405777022877403 0.29285205038056084 0.07359400889724857 0.045116181824942016
5 0.81609193771926 0.2615689920169725 0.07053267589344295 0.04655134783255317
9 0.703253767720135 0.6764220122829275 0.05672484387822045 0.052228344866803764
9 0.2052619366934958 0.6857942840689384 0.0706600098858317 0.04967634783255335
2 0.7067806047154545 0.2644631817505799 0.06453734387822045 0.052546679847775654
2 0.23305660323257965 0.2907855315974805 0.06766234387822054 0.052674013840164416
6 0.2945472711801761 0.6766965152858582 0.06402800790866543 0.04004667984777566
6 0.589350435210621 0.6771634530051183 0.05777800790866543 0.03979201186299797
0 0.3219281022439965 0.29184401281440026 0.05790534190105419 0.04291701186299814
0 0.6119310197344825 0.2761275350203406 0.05647017589344294 0.045978344866803765
8 0.39288927068588453 0.6750292445256114 0.0737850098858317 0.0498036818249421
1 0.407179852738288 0.28603041152180586 0.07091467787060926 0.05592634783255326
4 0.5151833537268713 0.27694988878439286 0.06153967787060921 0.0555443458553869
11 0.4963498517125238 0.6817328892786845 0.061412343878220456 0.0524193458553869
7 0.0632045734375 0.703281971875 0.8470248453125 0.6934424078125 0.8608586453125 0.2405060515625 0.101135146875 0.2828367234375 0.0632045734375 0.703281971875