10 0.8518150592494699 0.5074253233850637 0.06137387662320535 0.028193599050060313
10 0.761318518664391 0.6091316655377191 0.050490923701106104 0.030745388964152198
10 0.5697701724799948 0.5214247048859839 0.04100682954530477 0.024004066033373662
10 0.3915224415547183 0.5237285905707757 0.04103410308425515 0.025566566033373483
10 0.2902696331127319 0.5915921992317743 0.044240923701106105 0.030417840343633172
10 0.19618266801576797 0.5324019849619946 0.05043637662320544 0.02762038896415202
3 0.8549708814878787 0.7778197105401935 0.056904564934808374 0.040447937584671044
3 0.6565606550268293 0.789781879241672 0.052271612012708954 0.04332727611928178
3 0.5750964208551418 0.7369678177308542 0.041225017856907444 0.03650406603337366
3 0.47706624958966765 0.6310663777713339 0.04429547077900686 0.033542840343633175
3 0.27965150730030536 0.7000597964728124 0.05057274431795715 0.0354328889641522
3 0.18021852312861797 0.6481874372459868 0.056795470779006776 0.034197937584671045
12 0.17802695738303093 0.4778339936684219 0.07247501785690744 0.03814180913596861
12 0.8531769618472577 0.4510524926523692 0.08174092370110628 0.032383132066746964
5 0.5591459127374669 0.8535345200148463 0.05566934740221221 0.05911605042954164
9 0.8597054257264057 0.55627558118698 0.08185001785690744 0.03863313206674697
9 0.3824571331127319 0.5867608570791191 0.0600295649348082 0.040611711894930555
2 0.2829423283241935 0.5302009978522934 0.0755181972400564 0.033618083446227943
2 0.5818355702065187 0.6302674383776405 0.057013659090609535 0.04669793758467104
6 0.6751337824641088 0.46507512833716086 0.0567409237011061 0.031072937584671046
6 0.2835146672016938 0.8765813528952476 0.055723894480112966 0.06224105042954129
0 0.4845048283241935 0.5196375548405554 0.0567681972400564 0.032635437584671044
8 0.5883332118472577 0.46493236544686206 0.06622501785690744 0.03781426051544958
1 0.47624190949105605 0.8078335956591584 0.06057503571381488 0.07186171189493047
11 0.8575015921206159 0.8332065733850638 0.09489548863591431 0.07053822930778501
7 0.9017403546875 0.42420132343750006 0.1364554140625 0.4506238265625 0.12854655312500002 0.8934999906250001 0.8840608546875 0.8382658703124999 0.9017403546875 0.42420132343750006