10 0.8848252951140161 0.5103308692346626 0.06372830732694652 0.027077710466874017
10 0.7978985051999243 0.5263646638882862 0.05270892017181641 0.024878173635170954
10 0.6934290111928181 0.47681125589695644 0.048021420171816584 0.02460515785015538
10 0.42548459463904625 0.5676461714278581 0.04645892017181659 0.02451415258848364
10 0.31476510063193996 0.5184567844832157 0.04497830732694634 0.0259856473268119
10 0.23173127261277884 0.5938200765060033 0.05131019448207601 0.027912168373499212
3 0.15461441542211812 0.3185540369728773 0.06101274310259504 0.03470819994353027
3 0.2633309961548128 0.3145729212866838 0.048512743102595124 0.03398015785015547
3 0.36773189111185867 0.3030068187546699 0.04538774310259504 0.033798147326811724
3 0.5681213947299033 0.38850616104568875 0.0450601944820761 0.027548147326811812
3 0.8325413415868285 0.2453729981456229 0.056325243102595124 0.034435184158514785
12 0.9003551198538169 0.5674153271412878 0.08617651741285463 0.03928928413027979
12 0.5390015400256335 0.6104035478491567 0.056489017412854635 0.03756018415851479
5 0.5270825576656305 0.21849676890996167 0.055581614653892684 0.04996917889684287
5 0.13793484848423343 0.254483831697088 0.07433161465389256 0.051061242036904986
9 0.6546077713695834 0.31921085849955744 0.06759029172311415 0.04132222099021767
2 0.3670635057657512 0.35006382927801355 0.05533595318850333 0.04528167889684287
6 0.28616870985876564 0.42138436340829344 0.057805855947465276 0.03296368942018653
6 0.3196030868371301 0.5808657792215438 0.057887743102595035 0.03452618942018652
0 0.6646279025318194 0.37583258482203413 0.057887743102595125 0.03452618942018652
0 0.6783495658062308 0.42832054799033115 0.05468085594746519 0.03278167889684287
8 0.3241544679993661 0.637806023959872 0.074167840343633 0.04793624203690498
1 0.3567700576656305 0.22841634243219316 0.06733798620519008 0.06623121572854578
4 0.8425205291714996 0.30121347446809965 0.09308161465389268 0.05215330517696728
11 0.7869742933049937 0.4674446901966454 0.08773901741285446 0.039380289391951706
7 0.8513679937499999 0.1737493484375 0.09047764375 0.24222823437500002 0.185251934375 0.6882777515625 0.95478473125 0.585337996875 0.8513509328125 0.17342382812499998 0.8513679937499999 0.1737493484375