10 0.60859375 0.1375 0.025 0.06328125
10 0.61796875 0.225 0.0234375 0.05390625
10 0.55859375 0.321875 0.021875 0.0453125
10 0.62890625 0.60390625 0.025 0.0453125
10 0.5703125 0.70625 0.02421875 0.04375
10 0.63984375 0.79921875 0.02734375 0.05390625
3 0.340625 0.1546875 0.0296875 0.0578125
3 0.46015625 0.4375 0.02265625 0.04296875
3 0.3609375 0.62421875 0.02890625 0.04375
3 0.36328125 0.7265625 0.03046875 0.04765625
3 0.359375 0.834375 0.03203125 0.05
12 0.6703125 0.12734375 0.03671875 0.08125
12 0.6828125 0.49453125 0.0375 0.05078125
5 0.2953125 0.84296875 0.04296875 0.0703125
5 0.29140625 0.453125 0.04453125 0.05546875
9 0.40078125 0.34140625 0.0328125 0.06875
2 0.40859375 0.63203125 0.0421875 0.0609375
6 0.47109375 0.71875 0.0296875 0.05234375
6 0.6328125 0.71015625 0.03515625 0.05703125
0 0.45625 0.3390625 0.028125 0.059375
0 0.509375 0.3328125 0.028125 0.06328125
8 0.69375 0.71328125 0.0484375 0.07265625
1 0.28671875 0.62421875 0.05703125 0.06015625
4 0.3984375 0.153125 0.03984375 0.09375
11 0.5578125 0.22734375 0.03359375 0.0875
7 0.2708333328125 0.12789351875 0.2776692703125 0.8888888890625 0.7301432296875 0.855902778125 0.6904296875 0.07638888906249999 0.2708333328125 0.12789351875