10 0.09852171415823811 0.7461500714276299 0.06273901741285455 0.03543866801906326
10 0.18951852838258937 0.7555580734562248 0.057969630257724794 0.03379434740221221
10 0.281047609115284 0.7548098254848197 0.05492651741285455 0.03530230032431163
10 0.38326852838258935 0.758939992286067 0.04546963025772479 0.033576159090609535
10 0.4768547540723299 0.7637014046230874 0.04555151741285464 0.035138659090609536
10 0.5766090926069406 0.7701344111159092 0.047114017412854634 0.035165932629559825
10 0.6671522054518109 0.7732787763750288 0.048676517412854635 0.03519320616851011
10 0.7792427696761621 0.7830549711794533 0.054926517412854634 0.035302300324311454
3 0.12440694199568518 0.47604212296975745 0.057396420171816544 0.02285684740221221
3 0.2228444419956852 0.47776035592362887 0.05427142017181656 0.02280230032431163
3 0.3180750548405554 0.48098654179959965 0.049665807326946344 0.024282979707460583
3 0.40360311906490665 0.4902990864418683 0.041771420171816585 0.02258411201270878
3 0.49229380484055535 0.48402754139256243 0.048021420171816584 0.022693206168510116
3 0.5895815626424715 0.49276338757695887 0.04333392017181659 0.02261138555165907
3 0.692583731909777 0.49690719114768117 0.04489642017181659 0.022638659090609536
3 0.7991203369527311 0.49329304179630434 0.051228307326946165 0.024310253246410875
12 0.09125809079791829 0.8101443875802541 0.08058161465389255 0.048238676947516976
12 0.7852194527382774 0.8480623624131554 0.07778416327441154 0.0544341298696164
5 0.13545398462331038 0.4144597406645092 0.07680151741285454 0.03568412986961635
5 0.8063020731579211 0.43086122564368023 0.07523901741285463 0.03565685633066593
9 0.18365363071201002 0.8227046631477993 0.0747410504295413 0.05594208279171546
9 0.6904425412728881 0.8510998133066596 0.06569359905006031 0.06202844155801372
2 0.226655516735486 0.41996149269310407 0.07079717887824381 0.040262535713814884
2 0.6993527103130509 0.42743048822558194 0.058379066033373485 0.04160684740221221
6 0.27292084859983434 0.8203530048679687 0.06824538896415203 0.0511454886359143
6 0.5765847591607125 0.845202594963285 0.06512038896415202 0.051090941558013726
0 0.6036717181149671 0.4327980523496112 0.05476274310259512 0.03217730032431163
0 0.3161307745374021 0.42856097118274866 0.059450243102595036 0.03225912094116268
8 0.3740739128241857 0.8299382848997408 0.07827548620519006 0.0638091298696164
11 0.4804910091607125 0.843525272317839 0.06602114767057934 0.06827844155801373
4 0.5069195488476617 0.4287633429346901 0.06446529172311397 0.03859094155801355
1 0.39980641169253184 0.42845760551659173 0.07087906603337349 0.041825035713814886
7 0.041295265625 0.8256935406249999 0.8370259265625 0.8724907515625 0.851429975 0.40975392499999996 0.09273235937499999 0.39683662656249996 0.041295265625 0.8256935406249999