10 0.6970055540475859 0.11545026458777943 0.03452548620519007 0.06413774310259504
10 0.7064834526226764 0.20661085312239016 0.030909163274411712 0.05459896879233552
10 0.6438816333099424 0.2976320007929695 0.027456614653892687 0.04818519448207601
10 0.7171298620519007 0.5891334260531688 0.03025406603337366 0.042098968792335614
10 0.6548555913596859 0.6864045737237481 0.02737472749876275 0.0466226944820761
10 0.7276523614860738 0.7899146760531688 0.03247166327441153 0.05468085594746519
3 0.443488723426433 0.7789550011316538 0.029346663274411534 0.05451708163720585
3 0.44741822761030453 0.6745574282008752 0.028855340343633174 0.04514208163720568
3 0.4451386753717408 0.5712686538906158 0.027292840343633173 0.0450601944820761
3 0.5427905240831169 0.4016378273417926 0.024004066033373662 0.041771420171816585
3 0.42451972241038016 0.10309518600279137 0.028111711894930558 0.06068519448207601
12 0.7612727719354103 0.1159991412274596 0.04768058344622812 0.07729284034363304
12 0.7744300277011614 0.48663918984797866 0.0463703889641522 0.05229284034363317
5 0.38086589269373833 0.7798867373368438 0.04562676051544958 0.06783595318850325
5 0.3771279025318194 0.39465192220798145 0.042010437584671045 0.058297178878243726
9 0.48487844753429377 0.2981310470386393 0.031482373360319824 0.06553646879233552
2 0.49209224050060324 0.5852592328142882 0.03707727611928178 0.05336401741285464
6 0.5528017684289074 0.6823522388071819 0.03099105042954129 0.05616146879233561
6 0.722984793643678 0.7008521760531687 0.04381859905006032 0.06306656603337366
0 0.5383309961548128 0.3015968837642277 0.032799211894930555 0.06093085594746537
0 0.5916197704650723 0.3019377204898162 0.034361711894930556 0.06101274310259504
8 0.7854405280398458 0.7116801334255435 0.06034435775648746 0.08107293758467105
1 0.37421202170826773 0.5632348258714546 0.05311171189493056 0.06199538896415202
4 0.48356385176359373 0.10861816768542568 0.03788950361804453 0.09859463025772479
11 0.6451774604245925 0.2027732021724505 0.0453744549975255 0.09275406603337351
7 0.8200383796875 0.8611203484375001 0.779699328125 0.066491925 0.3531517703125 0.0679557796875 0.3606778765625 0.8219424578125001 0.8200383796875 0.8611203484375001