10 0.63828125 0.178125 0.028125 0.05859375
10 0.5390625 0.27109375 0.02265625 0.05234375
10 0.63515625 0.4640625 0.0234375 0.04375
10 0.64375 0.65 0.02578125 0.04375
10 0.5796875 0.74921875 0.025 0.04609375
10 0.64921875 0.853125 0.028125 0.05546875
3 0.36796875 0.1703125 0.02890625 0.0546875
3 0.36640625 0.371875 0.0265625 0.0453125
3 0.4234375 0.45390625 0.02421875 0.040625
3 0.5296875 0.5546875 0.0234375 0.04140625
3 0.47578125 0.74921875 0.02265625 0.046875
3 0.53203125 0.85546875 0.025 0.053125
12 0.69921875 0.17578125 0.04140625 0.078125
12 0.71015625 0.87734375 0.05 0.08984375
5 0.31015625 0.465625 0.04453125 0.0546875
9 0.590625 0.171875 0.03515625 0.08125
9 0.58203125 0.65546875 0.03125 0.06328125
2 0.5296875 0.45234375 0.02890625 0.05234375
2 0.64453125 0.7609375 0.03359375 0.08046875
6 0.30234375 0.74296875 0.04375 0.059375
6 0.69140625 0.359375 0.03671875 0.059375
0 0.64296875 0.553125 0.034375 0.05390625
8 0.70078125 0.44765625 0.04921875 0.0671875
1 0.3640625 0.55 0.04765625 0.06015625
11 0.31640625 0.165625 0.04921875 0.09453125
7 0.2981770828125 0.13715277812499999 0.2822265625 0.8987268515625001 0.7379557296875 0.918402778125 0.7213541671875 0.125578703125 0.2981770828125 0.13715277812499999