10 0.8688293894703794 0.22142158312243332 0.060684528855940556 0.04026543507002263
10 0.7763145072563942 0.2077528813031877 0.05454365626060227 0.04309933664159917
10 0.684910746456621 0.27057390487683625 0.049637901451278846 0.03663101282028158
10 0.38000250244707073 0.18305451840185283 0.051364092558271415 0.041391287427387444
10 0.2815402097961321 0.24476680624352504 0.048075401451278844 0.03655823821317572
10 0.1773859339354164 0.16581770678164431 0.05443452885594056 0.03997433664159913
3 0.8756077014434297 0.5048697839082216 0.060193455534962935 0.02620293507002245
3 0.5771205830244426 0.37787052046876746 0.0477480192372937 0.02718323821317572
3 0.4017609736759482 0.4711003279551468 0.04769345553496276 0.02562073821317572
3 0.2985268462712865 0.4631722038861602 0.04451389183263199 0.023912688998963993
3 0.1909326010806099 0.46440075599585595 0.0571230192372937 0.02761988585581072
12 0.8681002139724832 0.15586935772953914 0.07998016587924894 0.0567637303552929
12 0.4911557680561673 0.12739317741702752 0.05508929328391084 0.058724336641599165
5 0.5805333036203478 0.5426051085581086 0.054107146641955414 0.030599336641599174
5 0.19459580362034784 0.5246297806029618 0.07291171034428627 0.033035131926869354
9 0.6822917218618496 0.441267394537754 0.06827877404661713 0.03437930810555194
2 0.39058537149902994 0.41910118031251165 0.06224702885594056 0.04033820967712849
6 0.26887402948891276 0.172418771297337 0.06758929328391083 0.05930653349844599
6 0.28616820081045746 0.354959443547078 0.055887901451278844 0.036922111248705036
0 0.6798165078893663 0.32571516914485993 0.06386409255827133 0.04197348428423435
0 0.678710364875608 0.3833821199306482 0.06057540145127884 0.037140435070022626
8 0.25793404028868594 0.10483101095825476 0.08074405771188112 0.07863873035529285
1 0.4110838991738442 0.5370528136871231 0.06375496515360975 0.038848484284234173
4 0.8735069989036915 0.4447135339082216 0.09818452885594056 0.042012025640563166
11 0.7823760234984629 0.2696535678209523 0.09258929328391083 0.060470927212139716
7 0.9173652593750001 0.1454242515625 0.11297640625000001 0.075135109375 0.14849957656249999 0.5464021796874999 0.9117074546874999 0.5790242359375 0.9173652593750001 0.1454242515625