10 0.8321945098114696 0.74375 0.062338173916276676 0.034375
10 0.7404699248304978 0.7515625 0.05758700692008212 0.0328125
10 0.6491591753247892 0.74921875 0.054525673916276676 0.034375
10 0.5467199248304977 0.7515625 0.04508700692008212 0.0328125
10 0.45284259083810896 0.7546875 0.045150673916276675 0.034375
10 0.35265158984952577 0.759375 0.046713173916276676 0.034375
10 0.26196292285333134 0.7609375 0.04827567391627659 0.034375
10 0.1491445878723594 0.76875 0.054525673916276586 0.034375
3 0.8314901501530993 0.4734375 0.057141337946721646 0.021875
3 0.7330526501530994 0.4734375 0.05401633794672147 0.021875
3 0.637676483156905 0.475 0.049392504942915846 0.0234375
3 0.551420648175933 0.4828125 0.04151633794672147 0.021875
3 0.46345773315690497 0.475 0.04776633794672147 0.021875
3 0.36551498167403024 0.48203125 0.043078837946721474 0.021875
3 0.26229448117973864 0.484375 0.04464133794672147 0.021875
3 0.15626731566641902 0.47890625 0.05095500494291585 0.0234375
12 0.8334904129674996 0.8078125 0.0800350098858317 0.046875
12 0.13712740753029212 0.83359375 0.07716467787060931 0.053125
5 0.8261924965027777 0.41171875 0.07640067391627658 0.034375
5 0.15490774551419467 0.41640625 0.07483817391627659 0.034375
9 0.7400759939941388 0.81875 0.07410334486680377 0.0546875
9 0.23146765654170895 0.83828125 0.06498301285158128 0.0609375
2 0.7346270790122919 0.415625 0.0703416749048598 0.0390625
2 0.26200266251038906 0.41484375 0.05790534190105419 0.040625
6 0.6511726614846248 0.81484375 0.06766234387822045 0.05
6 0.34568932403219493 0.834375 0.06453734387822055 0.05
0 0.3570286610275143 0.421875 0.05439833992388783 0.03125
0 0.6444968275294171 0.42265625 0.05908583992388792 0.03125
8 0.5492918265036529 0.82265625 0.07754667984777566 0.0625
11 0.44178307403219497 0.834375 0.0652376808363588 0.0671875
4 0.45399916152180586 0.41953125 0.06402800790866543 0.0375
1 0.5609667445256115 0.42109375 0.07040534190105419 0.040625
7 0.8704848921874999 0.3948567703125 0.11181760156250001 0.39453125 0.08313155625 0.8570963546874999 0.88192491875 0.82421875 0.8704848921874999 0.3948567703125