10 0.13278125199677027 0.6700652637997176 0.06319098423243057 0.030778441558013726
10 0.2224613478364578 0.675528285310073 0.053779616641250014 0.02905230032431163
10 0.3147397668144092 0.6700128965120031 0.05069098423243066 0.030560253246410873
10 0.4162658992232286 0.669802616480231 0.041279616641249996 0.02883411201270878
10 0.5068545316320481 0.6697832512211113 0.04284211664125 0.02886138555165907
10 0.6052374802452772 0.6704087682672398 0.041279616641249996 0.028834112012708957
10 0.696625546449687 0.669594516238645 0.047602351823611146 0.03206820616851012
10 0.8074175760849647 0.6739080949731708 0.05377961664125017 0.02905230032431163
3 0.8171432938842358 0.3902597978952701 0.05065461664124982 0.028997753246410872
3 0.7115108897239233 0.3991320117744181 0.04745688145888884 0.025818206168510206
3 0.6068233897239234 0.40095933888409085 0.04745688145888884 0.02581820616851016
3 0.5092944262930552 0.3971951850684871 0.041206881458888844 0.025709112012708868
3 0.42235747074597185 0.408083866480231 0.04433188145888885 0.025763659090609535
3 0.3373830587018746 0.40175777435302445 0.047493249050069505 0.027380706168510162
3 0.2389819262930552 0.4019135073068959 0.055342116641249994 0.02907957386326192
3 0.14207055870187463 0.405166966721817 0.056831881458888935 0.02598184740221221
12 0.12896461455395772 0.7333874241081432 0.07758079255305561 0.04508640340856669
12 0.8184265048465619 0.7377524066615682 0.07772626291777769 0.05133640340856669
5 0.15133776234909693 0.3425305990270653 0.07747168977951394 0.04039890340856669
5 0.8209781151226385 0.3261563875868446 0.06969555737069441 0.041825035713814976
9 0.21938959280246467 0.7403993088490235 0.07460126291777784 0.05128185633066593
9 0.7245855858686104 0.7432950689985885 0.06366376291777769 0.051090941558013546
2 0.2411269609623261 0.34330612053742077 0.06664329255305557 0.044895488635914305
2 0.7131656151226385 0.3280382617744181 0.062028527735416714 0.047938668019063255
6 0.3108867617804161 0.7348975568204287 0.06035692496187508 0.04322389448011279
6 0.6082338872553813 0.7429831976503889 0.05723192496187508 0.04316934740221221
0 0.6184525271667358 0.33750081088091366 0.05399782218833345 0.03842730032431154
0 0.3308252405976039 0.34798789204777625 0.05708645459715278 0.03691934740221221
1 0.41449172577996496 0.343403757713933 0.07140352773541672 0.04810230925276535
4 0.5208508285535067 0.3368616570653099 0.062028527735416714 0.047938668019063255
11 0.5137026372553813 0.7446332467568844 0.06380923328249999 0.057340941558013545
8 0.41001459280246466 0.737071937097082 0.06998649810013897 0.05432503571381488
7 0.07790844218750001 0.7535416171875 0.8690599015625 0.761858440625 0.8669432109375 0.30602598125 0.106862796875 0.3297056703125 0.07790844218750001 0.7535416171875