10 0.84750665097623 0.3417317047845841 0.06304547077900687 0.03270470364722229
10 0.7570043819015065 0.3325911344961118 0.0567681972400564 0.030996733282500077
10 0.6636713932655922 0.3960704466164589 0.050436376623205346 0.026163762917777778
10 0.37652199513203133 0.32451687604364615 0.04580342370110611 0.02917966014423614
10 0.2754037800350674 0.3862518502080905 0.04574887662320544 0.02605466014423614
10 0.17428733928783266 0.3135572729857641 0.05051819724005648 0.030851262917777865
3 0.1685423051988708 0.5979140891901737 0.05361592370110611 0.029361498100139015
3 0.2741474228936225 0.5925564015948613 0.04736592370110611 0.029216027735416716
3 0.37806730966309765 0.5941935964083684 0.04418637662320544 0.026018292553055565
3 0.5556077029253945 0.4975037004161811 0.041061376623205345 0.025945557370694417
3 0.8482434419683459 0.6129527413537159 0.058276150162155815 0.027908100873680654
12 0.8509686160731939 0.2777237561713549 0.0803966120127086 0.042479747150208344
12 0.4799157763816194 0.26674270326597266 0.050763659090609536 0.044913762917777864
5 0.5542792077966585 0.6631650680073615 0.05536933847375849 0.0403353656913195
5 0.16587522687138204 0.6611589715989933 0.06945911201270887 0.04222517401194459
9 0.6570105158316079 0.5537920276385074 0.06614319724005639 0.03121493882958326
2 0.3663718790621327 0.5478089056789239 0.05695911201270878 0.04193423328249999
6 0.27286338677277044 0.4870149164125002 0.05520569724005649 0.030960365691319502
6 0.26406290544045685 0.31955465947864603 0.06008411201270878 0.04200696846486114
0 0.6548128161559195 0.5005942924561464 0.059865923701106105 0.029506968464861137
0 0.6580975032497062 0.4467425938429172 0.058303423701106104 0.02947060087368065
8 0.2549975969984704 0.2568182701359724 0.0822318474022122 0.05814111474138901
1 0.38384397687138205 0.666232250568681 0.06493525324641088 0.05149107123840295
4 0.8453599496789839 0.5542680723757647 0.09744774431795725 0.0350672906531944
11 0.7606145771129681 0.3944189872696534 0.08820911201270895 0.042661585106111136
7 0.900933378125 0.2593475140625 0.1084331765625 0.222339640625 0.12186202343750001 0.6801947828125 0.8831017187500001 0.6839097515625 0.900933378125 0.2593475140625