10 0.6453143535360409 0.8622793553417791 0.03263196846486131 0.06046627404661713
10 0.5467333428024647 0.7642287465414389 0.02460126291777769 0.050818455534962934
10 0.6496258727220828 0.5762600097882828 0.029143292553055568 0.04473214664195542
10 0.6641098660725692 0.3906771738534334 0.029143292553055568 0.04473214664195542
10 0.603174325703715 0.28768609390903377 0.026018292553055565 0.044623019237293705
10 0.6750876529260414 0.18777042866275684 0.030960365691319502 0.055724210344286276
3 0.3741296845580896 0.8567188029873757 0.026309233282500077 0.0571230192372937
3 0.3780398538203814 0.6551290211362103 0.026091027735416716 0.0477480192372937
3 0.4369985861529509 0.5743080962712865 0.02441942496187508 0.043005955534962934
3 0.546320994397326 0.4796082098809501 0.02598192496187508 0.043060519237293704
3 0.49694250949930535 0.2831945121505356 0.022893292553055566 0.04451389183263199
3 0.5564467556995831 0.17893608728561178 0.024673998100139018 0.053943455534962846
12 0.7085774197404506 0.8652704352861788 0.04556837955902786 0.07965278366526399
12 0.7404587329981596 0.16737857230948738 0.04705814437666671 0.07658234736759484
5 0.3247713430868051 0.5586607597034648 0.0403353656913195 0.05605159255827132
9 0.5975126331713188 0.866865162420688 0.03775587955902786 0.07937996515360979
9 0.6017917040284719 0.38068212576019916 0.035756968464861136 0.06057540145127884
2 0.6697805974552081 0.2814113012580951 0.03931837955902786 0.07943452885594056
2 0.5431031157882288 0.5842684280297846 0.03255923328249999 0.05734127404661713
6 0.7042204941129856 0.6829390849233591 0.03884560087368065 0.059122028855940555
6 0.3257214729301734 0.28268853674530686 0.04044446846486114 0.06073909255827141
0 0.6603107592149648 0.48671636015110253 0.038736498100139016 0.05443452885594056
8 0.7164496968102773 0.5942312489885098 0.05316267401194459 0.07055060217691818
1 0.38220394301055516 0.47622277113621025 0.04513196846486114 0.060902783665263985
11 0.32325751558013816 0.8588517326616227 0.04912979065319449 0.09851191106992588
7 0.7266124281249999 0.9190394515625 0.7665634578125 0.1263869265625 0.3085579 0.124293196875 0.30288980625 0.8857091625000001 0.7266124281249999 0.9190394515625