10 0.49586311542376216 0.16141942363069486 0.027073420688572547 0.05995688145888893
10 0.5929960649682753 0.26047647910152827 0.026746038474587407 0.050581881458888846
10 0.5025868636944816 0.44337793844833373 0.02496528366526398 0.04429551386770836
10 0.5002952213136955 0.6236466666968407 0.02485615626060227 0.041170513867708355
10 0.5631895801140356 0.7258098851617019 0.026527783665263982 0.04433188145888885
10 0.500838402253887 0.8180324463321185 0.026746038474587407 0.050581881458888846
3 0.613911321128361 0.8370571628971184 0.02841766587924912 0.05374324905006915
3 0.6698760897326825 0.7407828813619798 0.031160719962933035 0.04287848423243048
3 0.6067510632389947 0.5425986480794796 0.026418656260602268 0.041206881458888844
3 0.7152505548014741 0.4530114308488895 0.03277778366526398 0.04447735182361114
3 0.7710615559826006 0.3746877155181604 0.036121038474587405 0.0508000870059722
3 0.7656126202330855 0.17394283310934092 0.036339293283910834 0.05705008700597225
12 0.4458880074260302 0.8315851468452087 0.034032748818873595 0.08041485182361115
12 0.43869545616793504 0.15618575655260453 0.033978185116542825 0.07885235182361114
5 0.8322570055271136 0.4729083163918409 0.05498016587924894 0.054361498100139016
9 0.5440823606144388 0.1562968189572921 0.03403274881887377 0.08041485182361115
9 0.5615601035276806 0.6344400027528824 0.03466766587924912 0.05388871941479163
2 0.6085640451828274 0.4380384346486116 0.04258929328391083 0.057195557370694414
2 0.5024703349233591 0.7306415491056601 0.03392362141421188 0.07728985182361114
6 0.4488765319359834 0.3359641755305559 0.030198420688572546 0.06002961664124999
6 0.8473835308396751 0.7495981029609728 0.05821429328391083 0.05755923328249999
0 0.49785721287617496 0.5314773504924309 0.029980165879248944 0.05377961664125017
8 0.44484628556418054 0.4217380213702434 0.036830366604888455 0.0711125870059723
1 0.7811880680483181 0.5529036344961117 0.06462798439090349 0.06239220364722229
11 0.8187103383819203 0.17439808120947986 0.0690079495445132 0.09840243882958336
7 0.4131853875 0.10560372968750001 0.41630004062500003 0.8747265656250001 0.863051725 0.907675928125 0.829356140625 0.1476712796875 0.4131853875 0.10560372968750001