10 0.76015625 0.14921875 0.0359375 0.0640625
10 0.7671875 0.24140625 0.034375 0.053125
10 0.70078125 0.33515625 0.0296875 0.04609375
10 0.76875 0.63046875 0.03515625 0.0453125
10 0.70234375 0.73203125 0.03046875 0.046875
10 0.775 0.83515625 0.03671875 0.0546875
3 0.48359375 0.82578125 0.02421875 0.0546875
3 0.490625 0.721875 0.02109375 0.04765625
3 0.48984375 0.61640625 0.02265625 0.04453125
3 0.590625 0.4421875 0.02421875 0.0421875
3 0.48203125 0.14609375 0.0234375 0.059375
12 0.83046875 0.525 0.05078125 0.05625
12 0.82421875 0.1484375 0.0484375 0.0796875
5 0.421875 0.828125 0.03671875 0.06875
5 0.4265625 0.43984375 0.034375 0.0546875
9 0.53515625 0.3390625 0.03203125 0.0671875
2 0.5390625 0.6296875 0.03203125 0.0640625
6 0.771875 0.7453125 0.05078125 0.06328125
6 0.59609375 0.72890625 0.03125 0.05625
0 0.64609375 0.340625 0.03203125 0.06015625
0 0.58984375 0.340625 0.0296875 0.05859375
8 0.83828125 0.753125 0.06875 0.078125
1 0.421875 0.60859375 0.04140625 0.05859375
4 0.53984375 0.1484375 0.03203125 0.09453125
11 0.7046875 0.2375 0.05078125 0.0859375
7 0.4098307296875 0.108796296875 0.3994140625 0.871527778125 0.8639322921874999 0.899884259375 0.8411458328125001 0.09895833281250001 0.4098307296875 0.108796296875