10 0.6696181292921034 0.11807121815869301 0.028470433645025394 0.06068494292790544
10 0.6787345749391814 0.20751470781961082 0.02844316256778647 0.05599744292790545
10 0.6769180657657994 0.2982488697302696 0.03155907220870695 0.054580492142117173
10 0.6814106439264347 0.3988481832125049 0.029942030054229286 0.045132717535011316
10 0.6866253847530526 0.4892548593911874 0.02996021077238851 0.04825771753501122
10 0.692675917734148 0.5890001482663169 0.02996021077238851 0.04825771753501122
10 0.6955469085607658 0.6795159863556581 0.03153180113146821 0.049892992142117266
10 0.7047769836963391 0.7884907260165759 0.030005662567786473 0.05607021753501122
3 0.42211901980069266 0.8282254299027361 0.028443162567786652 0.055997442927905185
3 0.4254025802037388 0.7210122433849714 0.028406801131468207 0.04974744292790554
3 0.4216685261454044 0.6164702925991831 0.025263620413308985 0.04647689371369381
3 0.41406003834384875 0.5175790283311595 0.025236349336070062 0.04178939371369381
3 0.4198009782353901 0.4297879299027361 0.025254530054229285 0.04491439371369381
3 0.41072998438371017 0.34815694024181826 0.025272710772388508 0.04803939371369363
3 0.40626013212077383 0.2514638767595829 0.026853391490547728 0.05123716832079959
3 0.40490164431921816 0.15228151406313586 0.025345433645025395 0.060539393713693726
12 0.7320681323171656 0.10656648387445875 0.04420451795398091 0.080162688998964
12 0.7696798210303566 0.7956268298216828 0.050454517953980725 0.08045378742738744
5 0.3581110619551703 0.8405841887940764 0.041061337235821685 0.0768921397847521
5 0.3424698220123153 0.16691124834737017 0.041052246876741985 0.07532963978475227
9 0.7730224687674203 0.6985698933039182 0.05657725292686635 0.058869885855810725
9 0.7427561683233233 0.19749969892827063 0.05041815651766246 0.07420378742738745
2 0.3543406464605175 0.729792238008288 0.04722043364502539 0.06155823821317572
2 0.34612660801847295 0.25817194913315844 0.04722952400410509 0.06312073821317572
6 0.740158409149941 0.28827024814248237 0.040988614363184794 0.06439213978475226
6 0.7653276225546083 0.5848348790358945 0.04565793364502539 0.06148546360606986
0 0.3552203277678519 0.34370918879407625 0.03624657220870704 0.05479881596343468
0 0.3600361345566608 0.6341886395798645 0.03781816256778665 0.05643409057054054
1 0.35572029751723083 0.42964668879407625 0.04725679508134402 0.06780823821317572
4 0.3539992371141847 0.536787100704735 0.0472386143631847 0.06468323821317572
11 0.7624384510098311 0.4911940409465533 0.056613614363184794 0.0651198858558109
8 0.7477623517719569 0.386380262410506 0.05666815651766246 0.0744948858558109
7 0.795807640625 0.842802646875 0.7498708125 0.054797584375 0.32632213125 0.1225701046875 0.3382499203125 0.8855315796875001 0.795807640625 0.842802646875