10 0.6557942047845841 0.8568247761454044 0.026381968464861138 0.05952044574527378
10 0.6599530682917021 0.7670173875817229 0.026236498100139016 0.05327044574527377
10 0.6531562480032298 0.676365116504484 0.02612739532659738 0.048582945745273956
10 0.652391222167674 0.5763742068635637 0.027508057370694415 0.040779536104353475
10 0.6526256518792017 0.4857628424021831 0.026018292553055745 0.04389544574527378
10 0.652696427430417 0.3881202279408025 0.025945557370694417 0.040770445745273956
10 0.6505689233463544 0.29671397794080245 0.029216027735416716 0.047038626463433174
10 0.654309559554896 0.18893783937712097 0.026236498100139016 0.05327044574527386
3 0.3728595378034029 0.1787078247427898 0.030960365691319502 0.0548602168225127
3 0.38232741641250023 0.2834362313586481 0.029143292553055568 0.04391362646343318
3 0.38476404502159756 0.3881237313586481 0.030778527735416717 0.0470477168225127
3 0.38236770326597264 0.4865339602814093 0.02910692496187508 0.04235112646343318
3 0.39376110457649355 0.5733072524358869 0.029070557370694416 0.040788626463433175
3 0.3879488220914242 0.6591993006404888 0.027580792553055566 0.04390453610435365
3 0.38938599515343814 0.754507255460949 0.029434233282500076 0.056413626463433175
3 0.3939845358066327 0.8513958909995683 0.02794446846486114 0.0595295361043533
12 0.7183669399669451 0.860313390508589 0.04244337955902786 0.07836134933607006
12 0.7165004350298613 0.17602020374030566 0.04542290919430556 0.07212953005422928
5 0.30950555262104185 0.1752146652000653 0.04538654160312507 0.07056703005422929
5 0.3305214478507299 0.843215231456844 0.04244337955902786 0.07836134933607006
9 0.7225887405006947 0.2697929296380047 0.04825696846486114 0.05964771077238851
9 0.7240337520872923 0.7681713423039872 0.05181837955902786 0.07841589149054791
2 0.3096166150257294 0.28066977966144585 0.05145470364722229 0.06279089149054773
2 0.3293206641313895 0.7580635266363838 0.048402438829583436 0.06589771077238851
6 0.7157471669811811 0.6806349808676687 0.04044446846486114 0.05960225897699036
6 0.7228998246568754 0.38384179409938535 0.04197060087368065 0.05804884933607006
0 0.3326800938429172 0.6674703428931623 0.03888196846486114 0.05959316861791066
0 0.32121003808774334 0.3760368218159235 0.04029899810013893 0.053352258976990544
1 0.32759124391916716 0.5830771621750032 0.05319904160312507 0.07061248184962743
11 0.7250636963321184 0.47681054409938534 0.051381968464861136 0.059665891490547726
4 0.32037619633211845 0.4744561410977643 0.051381968464861136 0.059665891490547726
8 0.7181253249412157 0.5814435019449076 0.04854790919430556 0.0721477107723885
7 0.7401821921875 0.9110121625 0.7420594640625 0.124671246875 0.2891095671875 0.129558190625 0.318188221875 0.8894624375 0.7401821921875 0.9110121625