10 0.5577050540260897 0.2212983836486268 0.024055665340545217 0.05435330732694632
10 0.4947425247055891 0.312472260288307 0.023928396005726958 0.043415807326946346
10 0.5560714707192703 0.41640616576080236 0.022384077339272324 0.04489642017181654
10 0.5511219834102237 0.5949439235627185 0.022384077339272324 0.04489642017181659
10 0.459590106102768 0.7806556942549333 0.02249316534054522 0.05427142017181659
10 0.5551940547819493 0.8777973671402833 0.02256589067472703 0.060521420171816234
3 0.28726166744904014 0.8668787200355309 0.03346702800763594 0.057969630257724704
3 0.28261797875554134 0.6690996393028363 0.031795440006363404 0.048512743102595124
3 0.3394668680776328 0.5893169640426372 0.031722714672181594 0.042262743102595125
3 0.44771462539781515 0.4981740649017198 0.025454533338636055 0.0403726944820761
3 0.3884197993714073 0.30065393373948385 0.028652258672817864 0.04678646879233552
3 0.4450777846912716 0.20446500847928464 0.023982940006363408 0.04810330732694632
12 0.6130610987825855 0.8855146918800841 0.03212270401018138 0.07663774310259512
12 0.6152630153564534 0.20245320838842762 0.03528406667727228 0.07992651741285454
5 0.2236873267424965 0.5699760645630355 0.050654528007636035 0.05887038896415202
9 0.4966237453850885 0.4070444538658718 0.03346702800763594 0.057969630257724745
9 0.5084463241167674 0.8862782524863908 0.03059656667727211 0.07968085594746518
2 0.5555982087046346 0.3086346093383673 0.03212270401018138 0.07663774310259512
2 0.4457986840785873 0.6019165405914603 0.03815452800763595 0.05821529172311415
6 0.21343798070495276 0.2930450723649516 0.05223520934118149 0.06051477611928178
6 0.6031304734245413 0.7030740061044355 0.030378390674726852 0.06093085594746519
0 0.5563720100652243 0.5093339721832375 0.03501134667409058 0.056489017412854635
8 0.6091617500795418 0.6175049983025194 0.036737478675999566 0.07063340456798421
1 0.2766117847310425 0.4884261714150119 0.05855793467536321 0.0670923247398008
11 0.2326559834499946 0.8710439196059896 0.06050224267981754 0.09998671189493073
7 0.6377901500000001 0.9362307624999999 0.64374078125 0.16155255156249998 0.1961294328125 0.13635918281249998 0.21994490625 0.896981896875 0.6377901500000001 0.9362307624999999