10 0.56015625 0.14453125 0.0234375 0.06328125
10 0.57109375 0.23203125 0.02265625 0.0515625
10 0.515625 0.33359375 0.02265625 0.04765625
10 0.590625 0.60546875 0.021875 0.0453125
10 0.53515625 0.71328125 0.0234375 0.04453125
10 0.60546875 0.8 0.025 0.05078125
3 0.3265625 0.8625 0.03125 0.05859375
3 0.32890625 0.75390625 0.03046875 0.04765625
3 0.3234375 0.64921875 0.03203125 0.04375
3 0.4203125 0.45390625 0.02578125 0.04375
3 0.29296875 0.1828125 0.03125 0.0546875
12 0.61796875 0.13203125 0.034375 0.08359375
12 0.63984375 0.49453125 0.034375 0.0546875
5 0.2484375 0.4859375 0.046875 0.05234375
5 0.26171875 0.87578125 0.04609375 0.07265625
9 0.35625 0.3640625 0.03828125 0.06484375
2 0.3703125 0.65234375 0.0421875 0.05390625
6 0.43671875 0.73671875 0.0296875 0.05703125
6 0.59765625 0.71171875 0.03203125 0.05625
0 0.41328125 0.35703125 0.03046875 0.05625
0 0.46640625 0.34609375 0.0296875 0.05390625
8 0.6546875 0.71015625 0.04375 0.07265625
1 0.2484375 0.65625 0.06171875 0.0640625
4 0.34921875 0.17578125 0.04609375 0.090625
11 0.51171875 0.23984375 0.03359375 0.0859375
7 0.22233072968749998 0.1603009265625 0.22265625 0.1603009265625 0.24674479218749998 0.922453703125 0.6969401046875 0.8512731484374999 0.6389973953125 0.078703703125 0.22233072968749998 0.1603009265625