10 0.1479479452081663 0.4170766314944694 0.0597841030842551 0.024473894480112966
10 0.23612010105236494 0.4092856765437752 0.05356137662320544 0.02592730032431163
10 0.32601839813026556 0.41084244805413056 0.05353410308425506 0.024364800324311587
10 0.4267723745913153 0.4075208047918338 0.04100682954530477 0.022584112012708914
10 0.5150263510523649 0.4044173498411395 0.04415910308425523 0.024201159090609537
10 0.6118468039744642 0.3996013904262184 0.04415910308425506 0.024201159090609537
10 0.7001280539744643 0.3980604354755242 0.04731137662320535 0.025818206168510206
10 0.8078450965881381 0.3907098112879508 0.05040910308425524 0.024310253246410875
3 0.8330395600602489 0.6700427552815963 0.05372501785690744 0.03530230032431163
3 0.7258719423654971 0.6640984926996947 0.04429547077900686 0.032013659090609534
3 0.6204168291349724 0.6667207065788425 0.04429547077900686 0.032013659090609534
3 0.5251861497518234 0.6730718924548134 0.039607970779006865 0.03193183847375849
3 0.4359736452875966 0.6660327341749828 0.04429547077900686 0.032013659090609534
3 0.35014523944339787 0.6737827788172515 0.04429547077900677 0.032013659090609534
3 0.2564225129823482 0.6769816911542718 0.05369774431795715 0.03373980032431163
3 0.15720376298234823 0.6787135608776185 0.0567409237011061 0.02910684740221221
12 0.14222405072805336 0.35778345211132045 0.07872501785690744 0.03573867694751698
12 0.81773256533855 0.33036264651529834 0.07568183847375849 0.04037162986961631
5 0.17004072807931217 0.7425715093354908 0.07576365909060949 0.045059129869616396
5 0.837296411926688 0.7348319582036956 0.07115797970746059 0.049664809252765355
9 0.7246956314911741 0.3280791720828436 0.05698638555165925 0.04316934740221221
9 0.23349393303330168 0.3483754500827255 0.07579093262955983 0.04662162986961631
2 0.25437481777088666 0.7387549882321724 0.06498980032431154 0.05424321509696384
2 0.7318685722351136 0.7390166720828436 0.05728639448011279 0.06035684740221221
6 0.3218570036501527 0.3515219951320313 0.06619774431795715 0.0339579886359143
6 0.6138126785690747 0.3331405933483177 0.06310001785690744 0.035465941558013546
0 0.34568561038456047 0.7316907362035776 0.057013659090609535 0.04473184740221221
0 0.6355975442319364 0.7305377447282895 0.05388865909060954 0.04467730032431163
8 0.41869109334172716 0.34748728571711024 0.06945911201270878 0.041825035713814976
11 0.52085756533855 0.33554461891586296 0.06170115909060954 0.04481366801906326
4 0.5395992516182625 0.7376838173737355 0.06191934740221221 0.057313668019063256
1 0.4301424310014115 0.7349054651002592 0.07285684740221221 0.05750458279171564
7 0.8689431359374999 0.3010095734375 0.0932821625 0.3363653265625 0.12486634218749999 0.752933259375 0.8831443374999999 0.7497916874999999 0.8689431359374999 0.3010095734375