10 0.39797616461330476 0.17333887675958293 0.02518353847458741 0.05109161910658786
10 0.46437000172928056 0.2599441567433723 0.026527783665263982 0.044914393713693726
10 0.4043823881196169 0.3695952925991831 0.026527783665263982 0.044914393713693726
10 0.41289674864923764 0.5501539338316774 0.02329365626060227 0.04164384449948209
10 0.5091293639881818 0.7203871970662439 0.023730165879248942 0.054143844499482084
10 0.4147940322296836 0.8308581242783836 0.02562004809323426 0.06359161910658777
3 0.6831273699786315 0.785601166463282 0.0348313569862416 0.05934076674922295
3 0.6829984283234849 0.5882724021952583 0.034449411069925516 0.04840326674922295
3 0.623844172333035 0.5177094991759397 0.02954365626060227 0.04193494292790554
3 0.5135093622589013 0.43861065819111433 0.02329365626060227 0.04164384449948209
3 0.5689310161572508 0.23635464537083278 0.026636911069925696 0.04803939371369372
3 0.5112127745947712 0.1470053550479612 0.023730165879249122 0.054143844499481994
12 0.35657230446220217 0.8452695347413002 0.033978185116542825 0.07958049214211727
12 0.33817457867845524 0.16598444913315843 0.0400099303072194 0.07362159057054063
5 0.7404513189749904 0.4841991782501062 0.051800602176918176 0.05389128742738745
9 0.46002468667618734 0.8310914106723137 0.03263393992586607 0.08575771753501123
9 0.46497514773826365 0.35429347022560764 0.03315972958158007 0.056142992142117085
2 0.5184473442027339 0.5428978978520321 0.03299603847458741 0.05145549214211727
2 0.4026785335804459 0.26203750372405366 0.033978185116542825 0.07958049214211718
6 0.7446676261387173 0.20711013937497671 0.05218254809323426 0.06482878742738744
6 0.36209316208141595 0.6648371720448532 0.030198420688572546 0.060684942927905536
0 0.40574150227743466 0.4646894687778655 0.03154266587924912 0.05450771753501123
8 0.35415666570961307 0.5794090942945942 0.043080366604888454 0.07220463978475226
1 0.6860664085380369 0.41107420140947004 0.056760920688572546 0.06192211124870499
11 0.7370063381274662 0.7838716925181299 0.06264882213985139 0.09651543507002262
7 0.3098274953125 0.12712135625 0.3326130453125 0.8985285171875 0.751724975 0.8090988078124999 0.7611277484375 0.0465921765625 0.3098274953125 0.12712135625