10 0.08339757106644541 0.8539319828364922 0.0460420118629981 0.05828768899896417
10 0.16269509330956686 0.7519564139775734 0.04109984387822054 0.051819365177646404
10 0.0980516145641051 0.6479730812649157 0.04416117688202614 0.05040241439185813
10 0.11925940559030686 0.45406041542531544 0.040845175893442956 0.045569365177646405
10 0.23850544859367492 0.25532116252983134 0.036667011862998054 0.0578510413563289
10 0.13441746787104683 0.15889346463952717 0.04317167984777566 0.06439213978475226
3 0.42276238486724116 0.17075787965055786 0.025856845855386723 0.06046661910658786
3 0.41604817536197036 0.37395565425766375 0.025347509885831697 0.04796661910658786
3 0.3540482410655704 0.454820356491194 0.026655341901054185 0.04178939371369381
3 0.23103255232054618 0.553976986351149 0.0362850098858317 0.04847604135632899
3 0.27994626030576125 0.7558520095105127 0.03172484387822054 0.051382717535011224
3 0.20905148707405666 0.8629153387085136 0.036667011862998124 0.05785104135632864
12 0.023705495761340463 0.8726412874273874 0.047410991522680926 0.08259848428423418
12 0.06794755087485245 0.15736304383752825 0.05956068380210837 0.0838698858558109
5 0.46222815559030683 0.4700344416850511 0.0305443458553869 0.060684942927905536
9 0.16498444657932754 0.6573523893704676 0.054363847832553255 0.07115156203449331
9 0.18245571984821315 0.1517380901562558 0.05962435079830275 0.0854323858558109
2 0.23552107555225077 0.4438207363511489 0.0443521778706093 0.05508991439185813
2 0.0896250078343033 0.7587286447471511 0.06274935079830275 0.08557793507002262
6 0.45343018125628837 0.74358110359571 0.03341467787060921 0.054580492142117264
6 0.06349617832771985 0.34344609305173995 0.06204901384016444 0.06839043507002263
0 0.10225363631293494 0.5448480812649157 0.058605678859192475 0.0604323858558109
8 0.04492790905034795 0.43416098428423433 0.07942751482874762 0.07387845574818708
1 0.4033213877958097 0.5518259431327932 0.03685801285158128 0.06253854135632882
11 0.4706733028520188 0.1667275051672865 0.036887187756441085 0.101528266749223
7 0 0.914620446875 0.4702484125 0.905520384375 0.49721347031249996 0.1396982859375 0.49688794999999997 0.139683125 0.058628214062499996 0.1059354046875 0 0.855186096875 0 0.914620446875