10 0.74375 0.1375 0.03359375 0.0609375
10 0.7515625 0.22890625 0.0328125 0.05546875
10 0.74921875 0.3203125 0.034375 0.053125
10 0.7515625 0.42265625 0.0328125 0.04296875
10 0.7546875 0.51640625 0.034375 0.04375
10 0.759375 0.61640625 0.03359375 0.0453125
10 0.7609375 0.70703125 0.03515625 0.04765625
10 0.76875 0.81953125 0.03359375 0.05390625
3 0.4734375 0.14921875 0.02265625 0.05703125
3 0.4734375 0.24765625 0.021875 0.05390625
3 0.475 0.34296875 0.0234375 0.0484375
3 0.4828125 0.42890625 0.021875 0.04140625
3 0.475 0.5171875 0.02265625 0.04609375
3 0.48203125 0.61484375 0.02265625 0.0421875
3 0.484375 0.71796875 0.021875 0.04375
3 0.47890625 0.82421875 0.0234375 0.04921875
12 0.8078125 0.13359375 0.046875 0.078125
12 0.83359375 0.82890625 0.05390625 0.07578125
5 0.41171875 0.15703125 0.03515625 0.075
5 0.41640625 0.828125 0.03515625 0.0734375
9 0.81875 0.2265625 0.0546875 0.07265625
9 0.83828125 0.734375 0.0609375 0.06171875
2 0.415625 0.2484375 0.0390625 0.06953125
2 0.41484375 0.72109375 0.040625 0.05703125
6 0.81484375 0.315625 0.05 0.065625
6 0.834375 0.6203125 0.05078125 0.06328125
0 0.421875 0.62578125 0.03125 0.05390625
0 0.42265625 0.33828125 0.03125 0.0578125
8 0.82265625 0.4171875 0.06328125 0.075
11 0.834375 0.52421875 0.0671875 0.06328125
4 0.41953125 0.52890625 0.0375 0.0625
1 0.42109375 0.421875 0.03984375 0.06875
7 0.3948567703125 0.11342592656249999 0.39453125 0.87210648125 0.8570963546874999 0.8819444437499999 0.82421875 0.084490740625 0.3948567703125 0.11342592656249999