10 0.8849638906088126 0.6786304139425287 0.06388271753501122 0.030051114363184795
10 0.794629989037236 0.6854076547691466 0.05599744292790554 0.028443162567786652
10 0.7030418025194713 0.6820331907753042 0.05130994292790536 0.02841589149054773
10 0.6006616652159185 0.6818473592950192 0.04200771753501122 0.029923849336070063
10 0.5101458271265773 0.684718350121637 0.04349744292790536 0.028370439695149584
10 0.41025498903723606 0.6876438831027325 0.04505994292790536 0.028379530054229284
10 0.32041123903723606 0.6881665787498106 0.04825771753501131 0.02996021077238851
10 0.20972845016210653 0.6942807442444634 0.05443494292790545 0.028434072208706952
3 0.8733734574008167 0.4130008687629889 0.060466619106588126 0.023782933645025393
3 0.7741183200972639 0.4127968565645446 0.05585189371369381 0.02531816256778665
3 0.6796234574008169 0.4141280732888616 0.048112168320799495 0.026835210772388506
3 0.5947583058292404 0.42087349785870065 0.04491439371369381 0.025254530054229285
3 0.505295545490158 0.41279789832623887 0.04491439371369381 0.025254530054229285
3 0.40934734470436973 0.4164819554096354 0.04498716832079954 0.026817030054229463
3 0.3046962320079227 0.4178722594679698 0.04818494292790536 0.028397710772388507
3 0.1980823589723934 0.4106779038853838 0.06068494292790545 0.028470433645025394
12 0.8894737621965998 0.7419025735834491 0.08016268899896417 0.044204517953980726
12 0.1986497090534467 0.7584250574761799 0.07725601282028158 0.048873837235821685
5 0.8626863604201354 0.351327570558387 0.07518409057054072 0.03792724687674198
5 0.1951349873846062 0.34739665388538377 0.07213186517764644 0.03947156615858276
9 0.7976865225356821 0.7510326547691466 0.07747433664159917 0.05356133723582168
9 0.2918367828747643 0.7625716811109428 0.06653683664159918 0.05349770472226432
2 0.7752591350272414 0.3533991306668456 0.06758991439185813 0.042569295081343925
2 0.3021298500810533 0.3459927142884299 0.06148546360606986 0.04565793364502548
6 0.7068068114108115 0.7460911455957644 0.06282963978475245 0.040979524004105095
6 0.4058265082676584 0.7603455848981306 0.06453768899896399 0.0441136143631848
0 0.6848888461521119 0.3593951214934634 0.06097604135632899 0.034720433645025486
0 0.3970613604201355 0.3540364975641131 0.05487159057054054 0.03780907220870704
1 0.6011495469379001 0.356756455704223 0.07086046360606986 0.04571247579950324
4 0.49386358581302964 0.35191039530117674 0.061412688998963995 0.0440954336450254
11 0.5027378955712114 0.7605632326351943 0.0651198858558109 0.056613614363184794
8 0.6069887479285762 0.7505791785768599 0.07278683664159917 0.05353406615858276
7 0.90828055625 0.3366052703125 0.1489177390625 0.32637070625 0.14822873125 0.7838554156249999 0.9396553890625 0.7616681421875 0.90828055625 0.3366052703125