10 0.6182746084731249 0.18365179362813122 0.026381968464861138 0.060539393713693726
10 0.6263760895714234 0.2724060785743193 0.026236498100139016 0.05428939371369372
10 0.5661996961446872 0.3712759181114026 0.024528527735416715 0.04796661910658786
10 0.6378512649145481 0.6530396484666955 0.027580792553055566 0.0449871683207995
10 0.5775112173274993 0.7589407380037787 0.026091027735416716 0.04803939371369381
10 0.648839397039027 0.8529861445377541 0.029397865691319504 0.055997442927905185
3 0.3656443841212493 0.8898503279551468 0.029397865691319504 0.05599744292790554
3 0.37051568170829796 0.7813657398658056 0.027653527735416718 0.048112168320799675
3 0.3682648103173953 0.676459916044488 0.027653527735416718 0.048112168320799495
3 0.4673056416237843 0.4871127797743924 0.024383057370694416 0.04171661910658777
3 0.34870633767156234 0.20629081120592377 0.029361498100139015 0.05443494292790545
12 0.680266115406979 0.17480764060881263 0.03931837955902786 0.07987159057054058
12 0.6920867828663191 0.5405974605011887 0.04193423328249999 0.058142139784752266
5 0.2979373925737149 0.5058156222069597 0.04495013050895835 0.053600188998963995
5 0.30047332580062425 0.9008926817602537 0.043969511967847284 0.07852741439185813
9 0.4085138295034372 0.39208707009726396 0.03270470364722229 0.06395549214211718
2 0.4150307075438536 0.6833306542576637 0.04037173328249999 0.0580693651776464
6 0.47712935762010356 0.7706894131490039 0.030960365691319502 0.05607021753501122
6 0.6423004159407286 0.7643046341986718 0.03891833605604163 0.06268409057054054
0 0.4640916822769789 0.38998306864952187 0.029506968464861318 0.06068494292790536
0 0.5158542040284719 0.3837908806840152 0.029506968464861137 0.06068494292790536
8 0.7032742835319091 0.7655803438758003 0.05494337955902786 0.08059933664159899
1 0.2947182075438536 0.6777270095105127 0.056214938829583436 0.06817211124870504
4 0.4074273742406943 0.20355110897239345 0.0411354526972918 0.09088186517764643
11 0.5660561854111108 0.27663550620074384 0.03633884992375016 0.08597604135632882
7 0.7394401828125 0.9086505421875 0.7000471984375001 0.12298086718750001 0.27840123125 0.177496765625 0.2830285796875 0.9447466046875 0.7394401828125 0.9086505421875