10 0.790625 0.16875 0.03671875 0.06328125
10 0.68125 0.25859375 0.0296875 0.05234375
10 0.78359375 0.46171875 0.0375 0.0453125
10 0.79140625 0.65703125 0.0375 0.04609375
10 0.721875 0.75078125 0.03515625 0.04375
10 0.79375 0.859375 0.0375 0.0578125
3 0.509375 0.15 0.021875 0.05625
3 0.503125 0.3515625 0.021875 0.04453125
3 0.55859375 0.43984375 0.0234375 0.03984375
3 0.6671875 0.54765625 0.02734375 0.04296875
3 0.60859375 0.73984375 0.0234375 0.04453125
3 0.66796875 0.8515625 0.028125 0.0546875
12 0.86015625 0.88671875 0.0546875 0.0828125
12 0.85546875 0.1734375 0.05234375 0.08046875
5 0.44921875 0.44296875 0.03125 0.053125
9 0.74296875 0.15703125 0.04765625 0.0796875
9 0.7265625 0.65390625 0.0453125 0.06328125
2 0.67109375 0.43984375 0.03671875 0.05234375
2 0.79296875 0.7671875 0.04765625 0.08203125
6 0.440625 0.715625 0.03125 0.05546875
6 0.846875 0.35703125 0.05078125 0.0578125
0 0.79296875 0.55390625 0.046875 0.0546875
1 0.50390625 0.52890625 0.03203125 0.0625
11 0.4625 0.13984375 0.034375 0.1
8 0.8578125 0.4515625 0.06953125 0.06796875
7 0.4378255203125 0.109953703125 0.4137369796875 0.8726851859375 0.8798828125 0.9322916671874999 0.8723958328125001 0.124421296875 0.4378255203125 0.109953703125