10 0.6859375 0.83515625 0.03046875 0.0546875
10 0.615625 0.73125 0.0265625 0.04453125
10 0.68046875 0.634375 0.03125 0.04375
10 0.671875 0.44765625 0.02890625 0.040625
10 0.57265625 0.25390625 0.025 0.05234375
10 0.675 0.159375 0.03046875 0.06171875
3 0.403125 0.1515625 0.0265625 0.05703125
3 0.4015625 0.3515625 0.025 0.0453125
3 0.45859375 0.4359375 0.02265625 0.040625
3 0.56484375 0.53671875 0.02265625 0.04375
3 0.509375 0.72890625 0.02421875 0.04609375
3 0.5671875 0.8359375 0.02421875 0.0546875
12 0.74921875 0.859375 0.04921875 0.08203125
12 0.73828125 0.15625 0.04296875 0.078125
5 0.3453125 0.44296875 0.03828125 0.05234375
9 0.6171875 0.63671875 0.03359375 0.06328125
9 0.62890625 0.15234375 0.03828125 0.07890625
2 0.565625 0.4328125 0.0296875 0.05546875
2 0.68125 0.74375 0.0390625 0.07734375
6 0.7296875 0.34296875 0.04140625 0.06171875
6 0.33984375 0.71953125 0.0375 0.05859375
0 0.67890625 0.5359375 0.03828125 0.05390625
8 0.7390625 0.4296875 0.053125 0.071875
1 0.40078125 0.53046875 0.04296875 0.06015625
11 0.35390625 0.14453125 0.04609375 0.09765625
7 0.3336588546875 0.11574074062499999 0.3167317703125 0.8773148140625 0.7744140625 0.9016203703125001 0.7587890625 0.10648148125000001 0.3336588546875 0.11574074062499999