10 0.21368296246075746 0.1298192175491401 0.04077548620519007 0.06446529172311405
10 0.20177942673053723 0.22315645974722398 0.03724105042954129 0.056489017412854545
10 0.2009362217330116 0.31357674185939965 0.03872166327441155 0.05500840456798421
10 0.19466853233931822 0.4183051854369645 0.03979284034363304 0.04571529172311397
10 0.188233746609098 0.5113558225920942 0.03979284034363304 0.04571529172311415
10 0.181389525103229 0.612218959747224 0.03979284034363308 0.04571529172311415
10 0.17573598937300877 0.7052286533247889 0.040120388964152064 0.05196529172311415
10 0.1636720013587964 0.8164937019453078 0.03724105042954129 0.05648901741285437
3 0.48720234961588715 0.11392646540143354 0.026549211894930556 0.060603307326946264
3 0.484346265265148 0.2130223846687389 0.0244953889641522 0.051146420171816497
3 0.47856989880223305 0.3083758282463038 0.027456614653892687 0.04818519448207601
3 0.4685973552700967 0.3945999332892579 0.02564845318850324 0.043415807326946346
3 0.47182417458283066 0.4816904975136092 0.024004066033373662 0.041771420171816585
3 0.4642805902320914 0.5810320782463038 0.025730340343632994 0.04497830732694617
3 0.45731353799352775 0.6842389654014335 0.025730340343632994 0.04497830732694617
3 0.4580361550222696 0.7893801667809145 0.027866050429541288 0.0559976944820761
12 0.1479760753056277 0.13482097806458967 0.05417624491161734 0.08230788896415206
12 0.09883157338506374 0.8346948253056276 0.06026247060135783 0.07951043758467113
5 0.5190555421773992 0.7846240677308541 0.03477114767057934 0.06882524310259512
5 0.5479351317280627 0.11463911635137321 0.03830558344622794 0.07680151741285454
9 0.09741291553771911 0.7428348739261467 0.06610303482570908 0.07202548620519007
9 0.1352503459978426 0.22898041384023843 0.06478619629109836 0.07663109905006031
2 0.5416641203081021 0.20456475350650294 0.041184921980838854 0.072277791723114
2 0.5247057558813522 0.6768115677308542 0.041928550429541286 0.056734678878243724
6 0.1337487217330116 0.31709788952997897 0.056236711894930555 0.06215916327441153
6 0.10351350859488562 0.6264286239261467 0.05820864767057934 0.07005355042954128
0 0.5314049717330116 0.2962576085494571 0.032635437584671044 0.057805855947465276
0 0.5209842916115723 0.5842931970840679 0.03099105042954129 0.05616146879233561
8 0.12275258876175336 0.42285324457293305 0.07111808344622808 0.07852114767057934
11 0.10785020579049512 0.5288133175037115 0.07375176051544959 0.06930992198083885
4 0.5268016016520521 0.4881585035065029 0.03748671189493056 0.06117651741285464
1 0.52858650893357 0.3797694713943274 0.04143058344622812 0.07696529172311406
7 0.13538624999999999 0.086397215625 0.0729036890625 0.8883979109375 0.540695359375 0.8263695625 0.5666932609375 0.0701416296875 0.13538624999999999 0.086397215625