10 0.14963890462308735 0.5098565353604728 0.05975682954530477 0.024640435070022625
10 0.23727527231783901 0.5135936573625448 0.05353410308425506 0.025911836641598997
10 0.3300161513766765 0.4514146809361934 0.047284103084255055 0.02562073821317572
10 0.6107673193957398 0.49932552626424487 0.04418637662320535 0.027037688998963992
10 0.7105121749156268 0.4352565641059171 0.04415910308425506 0.025475188998963994
10 0.8045991400125908 0.4949889749831186 0.050436376623205346 0.027328787427387268
3 0.14884046915415372 0.2401433488427082 0.056850017856907485 0.0369948858558109
3 0.4383587110364789 0.3423778211352304 0.044268197240056394 0.031725188998963996
3 0.6177813839268061 0.22924846671095098 0.04437729139585791 0.037975188998963995
3 0.7224825206962813 0.2251538180348585 0.04435001785690744 0.036412688998963993
3 0.8270472897710046 0.21324666935876607 0.05377956493480838 0.039974336641599176
12 0.1459332520252996 0.5663248591817904 0.07864319724005649 0.03332623035529281
12 0.5054037094116258 0.5550554495474432 0.050490923701106104 0.030453787427387448
5 0.4423898717519415 0.17017533540325408 0.05399775324641087 0.05247433664159917
5 0.8298216879045656 0.14822098284100144 0.07123980032431163 0.05639985731976358
9 0.3380899297868908 0.28684275868645237 0.06792388555165925 0.04531680810555185
2 0.6287149297868908 0.27330668176476286 0.05558752678536116 0.05410961124870504
6 0.7204581448838547 0.33314825455262315 0.053779564934808025 0.039974336641599176
6 0.7170309561652148 0.4951581029810466 0.05679547077900686 0.0338698858558109
0 0.33909905072805335 0.34465525868645236 0.058412517856907445 0.03706766046291676
0 0.3361473745913153 0.399524695204217 0.061482970779006864 0.034088209677128486
8 0.7210696197200513 0.5473563037668349 0.07091251785690744 0.03764985731976367
1 0.6148824805182395 0.15275874131805683 0.06213753571381488 0.07158820967712845
4 0.15060356655636595 0.29635696153915525 0.0946500267853612 0.05592897642635144
11 0.236225241068251 0.45343740736254484 0.08653751785690747 0.0383776033908223
7 0.095495890625 0.59336855625 0.8655354640624999 0.5783536578125 0.8774441140624999 0.13245025625 0.1189056078125 0.17592439375 0.095495890625 0.59336855625