10 0.8426933802246179 0.19537309919530627 0.04189786569131968 0.05705363680346811
10 0.7697805974552081 0.30299661242007303 0.03866376291777769 0.05218412628012441
10 0.8386922919843748 0.40088735182614216 0.043314895326597026 0.05089464206513998
10 0.8294770268823953 0.5951455860411267 0.041752395326597025 0.05080363680346807
10 0.7229867182774299 0.8009489940324566 0.03248649810013902 0.05494510523343692
10 0.8312336697404508 0.8893961149803218 0.04364220364722229 0.0649571420651398
3 0.5437512003256589 0.9055091494635376 0.023293336056041624 0.062211573663405774
3 0.5390858033835411 0.7026193678935064 0.023038762917777688 0.05127407366340577
3 0.5966456898764232 0.616006304682857 0.025945557370694417 0.04208108418674961
3 0.7126363254193746 0.5061979361540662 0.03074216014423605 0.04704159997176518
3 0.6529924877478123 0.3126229704255203 0.029216027735416716 0.04851309471009326
3 0.7166030056995831 0.2013284256307224 0.03248649810013902 0.054945105233436944
12 0.8970041401051729 0.8869683359705395 0.05806837955902786 0.08140118942018652
12 0.9097906144570486 0.16955332281635985 0.06133884992375016 0.08783319994353027
5 0.48725250608083287 0.6104171863658276 0.029361498100139015 0.05476309471009326
9 0.7721951230064233 0.4009258782050886 0.051418336056041625 0.06384966837349922
9 0.7832319276242353 0.9014642044993305 0.056724085106111134 0.09068518415851443
2 0.7139968440367357 0.6158004493082457 0.04186149810013902 0.055491136803468066
2 0.841256207162604 0.29073110182614215 0.05494337955902786 0.08121917889684287
6 0.8911756334556593 0.7004393017696724 0.057741071238402955 0.06733868942018653
6 0.48187990074184006 0.3370783969032888 0.03263196846486114 0.061195105233437005
0 0.8402346485576384 0.5026773649803218 0.05450696846486096 0.06246917889684287
1 0.5432317087781245 0.5244943678935063 0.03582970364722229 0.06450211575678075
11 0.4974028771873951 0.9137619942442179 0.035212761017916705 0.10503611049510866
8 0.9042951889264927 0.6073263386013753 0.07660017401194423 0.07311825256024881
7 0.91116701875 0.9338915171875 0.9280307546875 0.12532868749999998 0.457002159375 0.181920184375 0.4715702359375 0.942477725 0.91116701875 0.9338915171875