10 0.16106558519836628 0.8254559441433917 0.04182793507002258 0.06142217887824373
10 0.2752244385891885 0.7337453997067442 0.03223461124870504 0.05624335594746519
10 0.18397666212005576 0.5343396212126132 0.03961046360606986 0.04727779172311415
10 0.1867507134011821 0.34091716983313225 0.03968323821317572 0.04884029172311406
10 0.26075760173819235 0.2411794414298583 0.03343323821317572 0.048512743102595034
10 0.19472168693204941 0.13631155698826203 0.040119885855810854 0.05821529172311406
3 0.4427500787882256 0.8348531190649066 0.02620293507002245 0.06060330732694652
3 0.4599505031048811 0.632881183289258 0.02405823821317572 0.048021420171816584
3 0.4093383811028091 0.5482472337187992 0.023694365177646403 0.040208920171816584
3 0.30360426551087794 0.4423424717330116 0.030162688998963995 0.04522396879233561
3 0.37498276757779253 0.24844198552782154 0.027110463606069855 0.04662269448207601
3 0.3193214265929672 0.13835433457788185 0.030672111248705038 0.05616146879233552
12 0.13040662985995483 0.11162581750371159 0.060179828783716305 0.08732293758467105
12 0.09718502171613094 0.8249070675037116 0.05676373035529288 0.08090916327441171
5 0.517260043013468 0.5402532700148462 0.03401543507002262 0.06101274310259512
9 0.20895727564507238 0.8346361923343695 0.05363873035529283 0.08074538896415184
9 0.251630850704735 0.3367376028952475 0.043608758891340214 0.06619156603337348
2 0.2954942049241267 0.5495374960432711 0.04026543507002263 0.06134029172311397
2 0.19039159780925088 0.229280306988262 0.05378427956950462 0.08387038896415204
6 0.540933099256993 0.2662425599289381 0.040410984284234175 0.06446529172311397
6 0.11362131265817503 0.6393413817280628 0.05603598428423431 0.06528416327441171
0 0.17825966315351308 0.4395593877209566 0.0497132096771284 0.06339411465389251
8 0.1094304263880794 0.5452605110812765 0.07202485731976357 0.07391553482570909
1 0.46739278370784304 0.45635962686682274 0.034160984284234176 0.06413774310259512
11 0.4891520438420375 0.8425527544110143 0.03754284946188076 0.10328213025772479
7 0.5117712015625 0.8714442015625 0.575427628125 0.11127944218750001 0.1124353625 0.0680007765625 0.07814426249999999 0.8739644375 0.5117712015625 0.8714442015625