10 0.7904444475244559 0.17802655194257405 0.04252069994353036 0.06005683847375849
10 0.6752829081325041 0.2620412674465751 0.032872684158514784 0.055205697240056396
10 0.7641424688534919 0.4684879107088721 0.04013915258848364 0.045967064934808025
10 0.7591078164061826 0.6623470048646733 0.04023015785015538 0.0475295649348082
10 0.6839797428133639 0.7572270823813833 0.03398015785015538 0.047420470779006865
10 0.7487486271271704 0.8670617784036239 0.04077618942018653 0.056904564934808374
3 0.5090425290803695 0.14887129139256255 0.02533319994353036 0.05975682954530477
3 0.48949035032470095 0.3502974236978108 0.02460515785015538 0.04725682954530477
3 0.5390815556710774 0.43875199756107275 0.024150131541796148 0.03944432954530477
3 0.6435121794615402 0.5524071688265468 0.030673147326811902 0.044240923701106105
3 0.5699095375375747 0.7419412272685333 0.02763915258848364 0.04574887662320535
3 0.6242491560663656 0.8562861452875964 0.03131018415851479 0.05517842370110628
12 0.8127355324170772 0.8963322670395379 0.0611642841302797 0.08535684740221221
12 0.8542794343702763 0.18305101703953802 0.05767526308359265 0.07905230032431158
5 0.43113254777856974 0.4392138733734992 0.03470819994353036 0.05992047077900686
9 0.7426894869869948 0.16546232223511353 0.0545502630835923 0.07899775324641087
9 0.6942185637753467 0.6619964029982344 0.044356215728545756 0.06477161201270895
2 0.652871039886062 0.44543046590444757 0.04095819994353036 0.0600295649348082
2 0.7541634401966454 0.7740930284036237 0.05473227360693613 0.08212275324641105
6 0.40426912698599604 0.712460458600847 0.041140210466874015 0.0631545649348082
6 0.835682810862162 0.3680708993447863 0.05676521046687384 0.06342730032431154
0 0.7687473978915091 0.5639776887120492 0.0504242052052021 0.061755706168510116
8 0.8387707425310152 0.46275215380901324 0.07284523677523325 0.07151253571381488
1 0.479988005755782 0.5268735604672861 0.034890210466873836 0.06304547077900687
11 0.46275906328123656 0.13789683522405233 0.037165342008670166 0.10210797077900677
7 0.44049169062500004 0.1073270421875 0.36798326718749996 0.8655132640625001 0.8301855390625 0.9413582046875 0.8738823046875 0.135167125 0.44049169062500004 0.1073270421875