10 0.76484375 0.1609375 0.03515625 0.06015625
10 0.65625 0.24453125 0.025 0.05390625
10 0.753125 0.45234375 0.03203125 0.04296875
10 0.75546875 0.6421875 0.03515625 0.04453125
10 0.68515625 0.734375 0.0296875 0.04765625
10 0.7546875 0.84609375 0.034375 0.05625
3 0.4875 0.13046875 0.0203125 0.059375
3 0.478125 0.33046875 0.021875 0.04765625
3 0.53125 0.41953125 0.02265625 0.0390625
3 0.6359375 0.53203125 0.0265625 0.0421875
3 0.575 0.71875 0.02421875 0.0453125
3 0.63125 0.83203125 0.02578125 0.05234375
12 0.83046875 0.1671875 0.0484375 0.075
12 0.81875 0.878125 0.0515625 0.08125
5 0.421875 0.415625 0.03203125 0.05546875
9 0.690625 0.6390625 0.0390625 0.059375
9 0.71796875 0.14921875 0.04921875 0.08359375
2 0.75625 0.75390625 0.0453125 0.07890625
2 0.64140625 0.4265625 0.03515625 0.0515625
6 0.81640625 0.35078125 0.0484375 0.059375
6 0.4078125 0.6875 0.0328125 0.05703125
0 0.76015625 0.54296875 0.04375 0.0578125
8 0.825 0.44296875 0.06484375 0.06953125
1 0.475 0.50625 0.03515625 0.0625
11 0.43984375 0.11640625 0.03671875 0.10078125
7 0.4169921875 0.0856481484375 0.3798828125 0.8414351859375 0.8414713546874999 0.92476851875 0.8483072921874999 0.11921296249999999 0.4169921875 0.0856481484375