10 0.8386768081297152 0.8287860961170855 0.06046613855894449 0.03819089067472703
10 0.746216523489979 0.8370883974379042 0.05430706677218975 0.041243165340545215
10 0.6544214800747543 0.7688100174251776 0.04943771034569906 0.03493862133990877
10 0.3499409170634883 0.838729429384134 0.051136602665567035 0.03964430267345449
10 0.2510918915949522 0.7711504833704529 0.04787521034569897 0.03492044000636341
10 0.14736984653037485 0.8441874466899989 0.05421613855894432 0.03811816534054522
3 0.8438035434817316 0.5451559834499946 0.06005696159934004 0.02412839067472703
3 0.5459761457515874 0.6550100520766783 0.04760242570596294 0.025545440006363405
3 0.3700250626820616 0.5513657893857248 0.04755696159934022 0.023982940006363408
3 0.26680913446881627 0.5532908213717255 0.0443864974927175 0.022384077339272324
3 0.15917849089530697 0.5457863093570898 0.05697742570596294 0.025654528007635947
12 0.8383298156515625 0.8944292774506308 0.07967077962517104 0.054034066677272105
12 0.4614490669052037 0.9009850760661788 0.054761707838416385 0.056868165340545215
5 0.5484288590002802 0.49013903007636017 0.053943353919208195 0.028743165340545218
5 0.1624913590002802 0.4856482406906353 0.0727388180258309 0.030523841343090476
9 0.6508060497499379 0.5976162700906776 0.06809678213245363 0.032031797342454024
2 0.3591497471635131 0.6028192013844522 0.06202863855894432 0.03820907200827239
6 0.23884429269030888 0.8429073047024076 0.06726170783841656 0.05701361600890849
6 0.2550783611118512 0.6610033240372256 0.05568771034569906 0.03501134667409058
0 0.6490042058598595 0.7132594514242231 0.06363660266556685 0.03978975334181776
0 0.6475613778048986 0.6554105887571322 0.06037521034569906 0.03506589067472685
8 0.22829558610553358 0.9099948073679076 0.08030727711788865 0.07590906667727211
1 0.3789658051602142 0.4858226053866794 0.0635456744523216 0.036664753341817756
4 0.8420531753767584 0.6053122334499946 0.0979661385589444 0.03862724267981754
11 0.7519186057015749 0.7754151007717679 0.09226170783841656 0.05730451734563573
7 0.8794805437500001 0.4729554 0.1162556046875 0.46114379375 0.0834717921875 0.93129918125 0.8876691734375 0.9077681296875 0.8794805437500001 0.4729554