10 0.148621697595043 0.23071269086099083 0.05816111049510884 0.0354323858558109
10 0.24907745292730202 0.29849304218489836 0.04860409997176518 0.03187073821317572
10 0.3521184239175197 0.22824685463367644 0.04575211575678066 0.036412688998963993
10 0.5406803949783245 0.2280348771738677 0.045661110495108834 0.03485018899896399
10 0.7322392924463106 0.32351638937497673 0.05476309471009344 0.030599336641599174
10 0.8322686555016683 0.21133741294862532 0.06450211575678075 0.03728598428423433
3 0.141386779292131 0.3549314408609908 0.05476309471009326 0.030599336641599174
3 0.24647682671776483 0.4100298556671338 0.04502407366340586 0.023912688998963993
3 0.44189501350711546 0.34560982899311327 0.04520608418674961 0.027037688998963992
3 0.538695147820922 0.4494004549241267 0.04033657366340595 0.023694365177646403
3 0.6206207110315713 0.5009029888368575 0.048149073663405775 0.02405823821317572
3 0.8207117162932432 0.4900253391273077 0.05908657366340577 0.024567660462916762
12 0.8382981185993781 0.1479470010379665 0.08085515785015537 0.0505137303552929
12 0.12583591595442475 0.16710610918179042 0.08434417889684287 0.056909279569504576
5 0.5236855268730566 0.5599569652632089 0.055036110495108835 0.035286836641599
9 0.34599795555813795 0.2931997665443352 0.06486613680346806 0.04353598428423435
9 0.8356519897590051 0.26026506452020187 0.09161064732681164 0.04789815260503385
2 0.5489262635071155 0.340624768406362 0.06477513154179633 0.04197348428423435
2 0.2406271870716993 0.22954398904174528 0.0935371683734992 0.05422092721213971
6 0.6519965975526907 0.16285717928356352 0.06523015785015537 0.04978598428423431
6 0.24919376108804103 0.5774164088102869 0.05981461575678075 0.03706766046291676
0 0.45060142654835567 0.22288080438600746 0.06513915258848364 0.04822348428423433
8 0.5635711343843937 0.15606783188859738 0.06935621572854593 0.06711903349844599
1 0.4449759689240791 0.5067463821362664 0.06137711575678075 0.037140435070022626
11 0.8257485558122518 0.5373177160917784 0.10218412628012423 0.04215757485477489
7 0.88709391875 0.128143859375 0.0861860703125 0.1453192 0.0909786265625 0.6080294625 0.8544874453125001 0.55915831875 0.88709391875 0.128143859375