10 0.7333737873386681 0.15115655912649995 0.035465941558013546 0.06269998789975158
10 0.7388095353100732 0.24260371574235826 0.03220457386326192 0.0548693071815924
10 0.6723020994341024 0.3375389658405541 0.028943206168510115 0.047038626463433084
10 0.7390769476503889 0.6301446223582164 0.035138659090609536 0.043949987899751616
10 0.6716655308491416 0.7321065772768727 0.028915932629559826 0.04547612646343317
10 0.7441251375868447 0.8333196193331546 0.03373980032431163 0.0533158975406721
3 0.4541859302005184 0.8371021077238854 0.02592730032431163 0.05327044574527377
3 0.46153655438809194 0.7293214239806639 0.024201159090609537 0.04388635538619425
3 0.4617604711893392 0.6269685836215844 0.025818206168510115 0.047020445745273774
3 0.5633344281686282 0.44785377624360023 0.024201159090609537 0.04388635538619425
3 0.45670219318286664 0.15579756556940763 0.02447389448011279 0.05951135538619425
12 0.7974771976470935 0.14918551384876427 0.048238676947516976 0.07839771077238851
12 0.8003201850684871 0.523458806003242 0.04936480032431163 0.05340680113146803
5 0.39239899635314257 0.8406492885402403 0.037219356330665934 0.07364657825883114
5 0.39843613109072756 0.4500197433607006 0.03532957386326192 0.05488748789975162
9 0.5088162978919749 0.34830777331673407 0.030887535713814883 0.06892271682251269
2 0.5108428534945875 0.6350674299325924 0.03543866801906326 0.06113748789975162
6 0.5669643940796665 0.7322787732185383 0.02905230032431163 0.05328862646343317
6 0.7418143896154396 0.7418906434354554 0.04791139448011279 0.05964771077238851
0 0.5627498214309252 0.34705889070498086 0.02913412094116268 0.05797612646343318
0 0.6182594817393507 0.3450378484523073 0.032313668019063255 0.0611193071815924
8 0.8064944983817375 0.7516428933372594 0.06698867694751698 0.07850679508134384
1 0.3931332021146157 0.6195373578220812 0.04484094155801355 0.06275453005422929
4 0.5152686696439164 0.1577009540348933 0.03439436525911965 0.09081589754067196
11 0.6786532853100732 0.24225373691779292 0.05147277110331831 0.08466589149054775
7 0.8330262875000001 0.8990344234375 0.8157565015625 0.097926690625 0.3866112078125 0.1203167828125 0.3690457078125 0.8841810515624999 0.8330262875000001 0.8990344234375