10 0.1322059026417011 0.3699092235504664 0.060247822188333355 0.04095819994353027
10 0.21990592439319415 0.36641176820408994 0.05701371941479172 0.036088689420186525
10 0.3127473878240622 0.377295331273565 0.06326371941479163 0.03645271046687402
10 0.41118488782406215 0.3830286627588915 0.044513719414791764 0.035360647326811726
10 0.5011195568020137 0.3843552153050228 0.050581881458888846 0.027912168373499212
10 0.6027002405976039 0.389489307313693 0.05705008700597212 0.037651189420186526
10 0.6925258068020137 0.3955033598598243 0.044513719414791805 0.035360647326811726
10 0.7974496961446873 0.39144446239183817 0.06337282218833344 0.041140210466873925
3 0.799497279732187 0.6731949913310333 0.053852351823611144 0.03434417889684287
3 0.6965359338924995 0.6601573940606913 0.04440461664124999 0.03067314732681172
3 0.5926115000969092 0.6548867941595133 0.04909211664125017 0.030946163111827296
3 0.4956273973233675 0.6539319679358587 0.03808188145888884 0.02718412628012441
3 0.4075461690748606 0.6401964206513993 0.047529616641250126 0.030855157850155378
3 0.3222262649145481 0.6422678838902834 0.04440461664124999 0.03067314732681172
3 0.22764046352777725 0.6391058155591367 0.05065461664125 0.031037168373499215
3 0.1300387649145481 0.631074236704646 0.056831881458888935 0.028276189420186525
12 0.12586629008451364 0.3061729472421072 0.07899782218833336 0.04205026308359248
12 0.8106231497919094 0.3296270018543771 0.07445579255305565 0.0480272472985769
5 0.13557894367614526 0.6955462603821694 0.0759455573706945 0.04499325256024882
5 0.8034749584937841 0.7375760097468849 0.07445579255305565 0.0480272472985769
9 0.7169640687698609 0.32026043615406613 0.05581489532659738 0.05162268415851479
9 0.22137881183600672 0.3031305182040899 0.07311149810013892 0.057311242036904984
2 0.22233406126732583 0.6990345524049569 0.06678876291777777 0.053822220990217676
2 0.6948266571070134 0.7335948940606913 0.060611498100139015 0.05658319994353036
6 0.30797027526687476 0.3136500602268776 0.06500805737069451 0.044356215728545756
6 0.6051907673830901 0.3160973099445289 0.05872168977951393 0.04242969468185844
0 0.31310453163204804 0.6980628575819242 0.05712282218833335 0.04077618942018653
0 0.6012766788585063 0.7195408283603804 0.05566942496187508 0.04537268415851479
8 0.4064986942448261 0.3154771417122041 0.07456489532659734 0.052714747298576906
11 0.5106413335874997 0.311372741613382 0.06057513050895835 0.055020699943530274
4 0.5043653112673259 0.7154610021367257 0.06366376291777787 0.05364021046687402
1 0.39738861265409664 0.706883391712204 0.07303876291777786 0.05418624203690499
7 0.8632577687499999 0.306485265625 0.07801276406249999 0.28324133749999997 0.090206984375 0.705420590625 0.8469392859375 0.7586221656250001 0.8632577687499999 0.306485265625