10 0.8626606505626023 0.8494149289335546 0.0631818384737585 0.04160917984777583
10 0.7639310499139792 0.7392175751695023 0.05210797077900686 0.03335101087441501
10 0.5674026976405029 0.8405068666528145 0.045994338473758486 0.040908842889637496
10 0.3738845227215809 0.84589340912471 0.04443183847375849 0.04084517589344294
10 0.27114926054671623 0.7745675543720746 0.0490920649348082 0.039473676882026076
10 0.16855214041633254 0.8453336991251476 0.05693183847375849 0.04135451186299797
3 0.8522417532431156 0.5655983444468742 0.05819432954530477 0.02423067885919252
3 0.6498843664736403 0.5565722184397005 0.047284103084255236 0.025347509885831697
3 0.5688486006453278 0.610260951139495 0.04103410308425524 0.025092841901054187
3 0.467741842527653 0.7216839293906652 0.04429547077900686 0.03303267589344294
3 0.27069351866439106 0.659006221368269 0.050490923701106104 0.030162343878220456
3 0.16324525730030537 0.7202063651327588 0.05679547077900682 0.03354201186299797
12 0.8637925024290414 0.9142586789335546 0.08217730032431163 0.05643568380210837
12 0.1486311525911972 0.9116616946765234 0.08382162094116259 0.06118685079830257
5 0.5544803632272296 0.5027203651699399 0.05517842370110611 0.030353344866803765
9 0.865735057624617 0.8019178464240406 0.08527502678536152 0.05500051779449713
9 0.36492653408566655 0.7799500741437381 0.06644320616851021 0.049549013840164594
2 0.261479980107907 0.8467781353987138 0.07907957386326192 0.05787084980971961
2 0.5771168425276529 0.7261406191242725 0.05536933847375849 0.04129084486680377
6 0.675483978890091 0.9050243058921303 0.06345457386326192 0.05723417984777583
6 0.2794530896882792 0.4899524738397269 0.05997501785690744 0.0367943458553869
0 0.47466577272158084 0.8499999303792481 0.05717730032431163 0.05541701186299832
8 0.585104440740644 0.9153941201128557 0.07159435633066594 0.07630251482874754
1 0.47419857385996667 0.5548784313678314 0.05992047077900686 0.033669345855386903
11 0.8576735470746055 0.5189780124316518 0.09903751785690744 0.038386020760246706
7 0.8853093703124999 0.4937556515625 0.121380709375 0.46035091875 0.10643735000000001 0.9294597874999999 0.9137508859375 0.930476940625 0.8853093703124999 0.4937556515625