10 0.8556679784929399 0.4114811603316674 0.06293637662320535 0.02645470364722229
10 0.7683316197266419 0.4000695752255562 0.05353410308425506 0.024673998100138837
10 0.670420225246529 0.4571897845723617 0.045694329545304765 0.02292966014423605
10 0.38961628449929425 0.38031293436427116 0.04574887662320535 0.02605466014423614
10 0.28624977678865654 0.43652460714194474 0.04418637662320553 0.026018292553055565
10 0.19449469927194665 0.3648294854667016 0.05361592370110611 0.029361498100138928
3 0.8338030665629566 0.6790498668286812 0.05833069724005639 0.031033100873680653
3 0.5530769922926575 0.5529360828250004 0.04413182954530477 0.022893292553055743
3 0.36462637256931096 0.6478089056789239 0.044240923701106105 0.029143292553055745
3 0.26232353287773646 0.6430830784565974 0.047420470779006775 0.032341027735416715
3 0.1544428490303606 0.644479964665139 0.05054547077900677 0.032413762917777686
12 0.8669015332814783 0.34999879967434105 0.08190456493480838 0.03939111474138901
12 0.49993222159308104 0.3289524157469102 0.05065456493480802 0.038663762917777865
5 0.14473088393339667 0.708342442913646 0.07107615909060953 0.04538654160312507
5 0.5345064500860208 0.7213224069131948 0.057013659090609535 0.045059233282499986
9 0.6481343478125445 0.6145476896826046 0.06932274431795697 0.03441267401194459
2 0.3576457155072963 0.5999708177230211 0.061673885551659244 0.043605836056041625
6 0.2720179070653099 0.5354524164125003 0.053643197240056485 0.030923998100139016
6 0.2834344683466701 0.3739336881639933 0.056850017856907444 0.03568423328249999
0 0.6514463084452817 0.5591334910693756 0.059865923701106286 0.029506968464861137
0 0.6586236087695932 0.5061539614340977 0.06299092370110611 0.02957970364722229
8 0.28137313636573336 0.31292345298163216 0.07272047970746058 0.05011040919430556
1 0.36333087946916975 0.7220276556789239 0.06035684740221221 0.057631968464861315
4 0.836374687504119 0.6212737344198619 0.09445911201270896 0.04280705547083343
11 0.7649378384770538 0.4601712738387853 0.08810001785690744 0.03641158510611113
7 0.918207540625 0.3310676 0.1393868546875 0.2732106703125 0.09850278125 0.72491686875 0.8593788296874999 0.7494651703125 0.918207540625 0.3310676