10 0.490625 0.81328125 0.02421875 0.04609375
10 0.4265625 0.71796875 0.025 0.04140625
10 0.4875 0.6171875 0.0234375 0.04140625
10 0.48125 0.43828125 0.021875 0.04140625
10 0.384375 0.24765625 0.025 0.04765625
10 0.48125 0.1578125 0.0234375 0.06015625
3 0.2109375 0.15546875 0.03515625 0.05703125
3 0.209375 0.35390625 0.0359375 0.04765625
3 0.2671875 0.43515625 0.03359375 0.03984375
3 0.378125 0.53203125 0.02890625 0.040625
3 0.31875 0.7265625 0.03125 0.04609375
3 0.3765625 0.82890625 0.03046875 0.05703125
12 0.5375 0.153125 0.0296875 0.075
12 0.546875 0.83203125 0.03203125 0.07265625
5 0.15 0.45 0.05625 0.05546875
9 0.42578125 0.625 0.03671875 0.05625
9 0.4328125 0.1484375 0.03359375 0.07890625
2 0.3734375 0.4296875 0.0421875 0.05703125
2 0.48671875 0.7234375 0.0296875 0.0765625
6 0.14296875 0.72734375 0.05859375 0.05859375
6 0.53046875 0.33359375 0.02890625 0.0578125
0 0.4875 0.52265625 0.0296875 0.05234375
8 0.53671875 0.41875 0.0328125 0.06875
1 0.20234375 0.53359375 0.06640625 0.0609375
11 0.15546875 0.15234375 0.06640625 0.09609375
7 0.1471354171875 0.1232638890625 0.1315104171875 0.881365740625 0.5758463546875 0.8726851859375 0.5618489578125 0.1041666671875 0.1471354171875 0.1232638890625