10 0.15593894211485834 0.840992043832065 0.055160214672181594 0.04253472958157971
10 0.2668395321053133 0.7667782391154088 0.05043635200509069 0.03924603847458741
10 0.3614167827816311 0.8345981669755573 0.04736589600572705 0.04382441106992587
10 0.5558934887809948 0.8231174860353658 0.047347714672181594 0.04226191106992587
10 0.7664304521005408 0.7141616043695349 0.05348862667090888 0.033105165879249124
10 0.8497434861154947 0.8214532599971649 0.06299089600572713 0.04437004809323426
3 0.8792197114099055 0.533588672248217 0.06119203866963616 0.02400298439090349
3 0.676766873408633 0.5312796717000628 0.05025453866963616 0.023621038474587408
3 0.5875685607494961 0.589885834584087 0.04091590133672707 0.026418656260602268
3 0.472480457431541 0.7072320804077359 0.04565794533736352 0.03126984736759475
3 0.2818912727561777 0.6497990702409349 0.047202264003817974 0.029761911069925696
3 0.16775659476445007 0.7147470023622527 0.05348862667090888 0.033105165879249124
12 0.8442571021244033 0.8872965148064885 0.07877952800763595 0.058978185116542646
12 0.12702414879053975 0.9084350041763513 0.08506589067472689 0.06232143992586607
5 0.587077117401315 0.48048355273292165 0.05345226400381797 0.02998016587924912
9 0.3645503261059497 0.7680555077197303 0.06151930267345422 0.05212798439090349
9 0.8640327054423587 0.7732786548250218 0.08813634667409076 0.05774306733052796
2 0.5819009107654045 0.7073188712445759 0.05359771467218159 0.04248016587924912
2 0.2512605327816311 0.8384449079898829 0.07874316534054512 0.05585318511654265
6 0.658201423456358 0.8836333453838602 0.06471702800763594 0.058487111795565025
6 0.31428450739972424 0.47828616878965596 0.05973862667090888 0.033323420688572546
0 0.46302473611549466 0.8349577763240518 0.05999316534054522 0.055198420688572725
1 0.4986418734086329 0.5374999337657804 0.06289998933799978 0.03655754809323426
11 0.8896208620703149 0.48711297633190104 0.1035068080044546 0.03641370435383653
8 0.5645786927911761 0.8978446675237116 0.06962270401018138 0.07740080290255769
7 0.9195078437499999 0.46092888125 0.1604522984375 0.45519602656249997 0.08199845 0.9272018203125001 0.8904702500000001 0.9009232812500001 0.9195078437499999 0.46092888125