10 0.80234375 0.1453125 0.03828125 0.065625
10 0.81015625 0.2375 0.0390625 0.053125
10 0.74375 0.33125 0.03203125 0.04765625
10 0.81640625 0.6296875 0.03828125 0.04375
10 0.75 0.73046875 0.03515625 0.0484375
10 0.82421875 0.834375 0.0390625 0.05546875
3 0.51953125 0.14609375 0.025 0.05703125
3 0.63203125 0.43984375 0.02578125 0.04453125
3 0.53125 0.61796875 0.02265625 0.04375
3 0.5328125 0.721875 0.02421875 0.0453125
3 0.5265625 0.83046875 0.02578125 0.0546875
12 0.86875 0.14453125 0.05234375 0.07734375
12 0.87734375 0.5203125 0.0546875 0.05390625
5 0.4671875 0.4421875 0.0296875 0.05703125
5 0.4671875 0.83046875 0.03046875 0.06875
9 0.5734375 0.33984375 0.03125 0.065625
2 0.58203125 0.628125 0.03359375 0.0578125
6 0.64140625 0.73046875 0.03203125 0.05703125
6 0.82109375 0.7453125 0.0546875 0.06484375
0 0.6890625 0.33828125 0.03828125 0.06171875
0 0.63203125 0.340625 0.0328125 0.05859375
8 0.8890625 0.7515625 0.07265625 0.08046875
1 0.465625 0.61171875 0.03671875 0.0640625
4 0.5796875 0.1484375 0.03515625 0.09609375
11 0.74921875 0.23515625 0.05703125 0.0875
7 0.4482421875 0.1105324078125 0.4479166671875 0.109953703125 0.4430338546875 0.874421296875 0.9111328125 0.8981481484374999 0.8821614578125001 0.0949074078125 0.4482421875 0.1105324078125