10 0.17051938292725594 0.23983905298213615 0.060775673916276626 0.036102636051661904
10 0.2585379891627661 0.3508651326864496 0.054143671939110224 0.02654577962517113
10 0.46240313539871386 0.2600368588672662 0.04502333992388792 0.032522994985435094
10 0.6521513849044223 0.263216997821922 0.045150673916276675 0.03564799498543501
10 0.7472038997331699 0.3362118801126601 0.04808467292769336 0.03105142319868044
10 0.8560894684025195 0.2699313137361818 0.05765067391627667 0.03601170783841656
3 0.15135152475176042 0.5162962529029939 0.060202670950527094 0.02204013605166182
3 0.35173352672892677 0.5314906585506971 0.04776633794672147 0.02323892319868044
3 0.43863134885831745 0.48095711262818985 0.03995383794672147 0.02301160266556703
3 0.5468656601132932 0.3795430283050229 0.0432698389353046 0.027790030878812377
3 0.7360674229648745 0.4459134890464333 0.046331171939110224 0.02631845909205772
3 0.8470566611018764 0.3929596367765777 0.05414367193911005 0.02654577962517113
12 0.17409536908709147 0.17439590940862687 0.07697367688202612 0.050619777117888676
12 0.8855103715585493 0.2068008279219468 0.08335101087441502 0.05392663354437941
5 0.43918178859192486 0.5902184523616332 0.05752333992388792 0.03288670783841656
9 0.6516685652464895 0.32796981960867655 0.06096667490485981 0.04079013605166191
9 0.16071064281308764 0.2863730721824661 0.08641234387822054 0.05245506175762475
2 0.763838301406325 0.2656864314454436 0.07997134288963732 0.047585705331134064
2 0.44117407562661287 0.37100545110799193 0.052963173916276675 0.03587531551854841
6 0.358262122052841 0.1938004419367919 0.061348676882026075 0.05016513605166186
6 0.7116297915576745 0.6121917069139797 0.05758700692008212 0.03444920783841656
0 0.5527416339158391 0.2556425270513817 0.059595175893442945 0.04543217194503919
8 0.45009945357377185 0.1878890742275301 0.07142401384016442 0.06762542069139794
1 0.5276421107213155 0.5397303705457487 0.06390067391627667 0.03619356426490725
11 0.13923086813568936 0.5635433259433897 0.10152800790866538 0.04040970282385157
7 0.9312280656249999 0.1854366609375 0.1253939671875 0.15516144999999998 0.109403896875 0.58549991875 0.866703025 0.6446004515625 0.9312280656249999 0.1854366609375