10 0.165811033470972 0.8336862986950895 0.04077548620519007 0.06293635200509087
10 0.27989454489093274 0.7451152420432707 0.03247166327441153 0.05347044533736352
10 0.18819612505780048 0.5407993646960441 0.039874727498762794 0.04574885200509069
10 0.19061951944901948 0.3453959580283169 0.03995661465389255 0.04731135200509069
10 0.2650639987568046 0.25245502737108916 0.036667840343633 0.04414998933799978
10 0.19888015603832235 0.1430249360279987 0.0405298247398008 0.05824885200509069
3 0.44607838760941493 0.8557089387332697 0.024822937584671224 0.05650453866963616
3 0.46289183062115297 0.6542191640674515 0.024167840343633173 0.04400453866963616
3 0.4120497048859839 0.5652924767265881 0.025566566033373615 0.0408977200031817
3 0.30910616858993684 0.4562163740451798 0.030417840343632995 0.04407726400381797
3 0.3777720386708963 0.2647106740531339 0.025730340343632994 0.044022720003181706
3 0.3242519702626736 0.152301033378407 0.03099105042954129 0.055014764003818016
12 0.133906931253093 0.11490847935231732 0.05902751922187686 0.08344884667409057
12 0.10121294493636127 0.8282442733529536 0.0573831320667471 0.08186816534054495
5 0.5215884791962434 0.5634401700747693 0.03403416327441171 0.05348862667090888
9 0.21285312980749885 0.8459595793682256 0.05105124491161737 0.08023294000636341
9 0.25529949513876 0.34927548337045283 0.04858798620519007 0.06302725867281786
2 0.299549704885984 0.5639834207113161 0.04028416327441153 0.05356135200509051
2 0.19483006388566698 0.23522152669477142 0.0511331320667471 0.08179544000636332
6 0.5444715377663851 0.2908839174092692 0.034197937584671045 0.05661362667090888
6 0.1194284356641071 0.6447505206874536 0.053029824739800814 0.058394302673454135
0 0.18365246721045586 0.44850277669477145 0.049741050429541286 0.055232940006363404
1 0.47140477272837983 0.47686632340067875 0.03452548620519007 0.06286362667090888
11 0.4924211211010716 0.8664106287396329 0.03961577792830404 0.10039998933799979
8 0.11344510854945708 0.5500920013526355 0.0723530348257091 0.06954997867599957
7 0.5155291296875 0.8965877890625 0.579590734375 0.1341366015625 0.11656874375 0.0691060234375 0.08171703125 0.8770635125 0.5155291296875 0.8965877890625