10 0.7359375 0.146875 0.034375 0.06171875
10 0.74296875 0.23828125 0.03203125 0.0546875
10 0.678125 0.33359375 0.028125 0.04765625
10 0.75 0.62578125 0.034375 0.04375
10 0.684375 0.728125 0.028125 0.0453125
10 0.75859375 0.82890625 0.0328125 0.053125
3 0.46875 0.834375 0.025 0.05234375
3 0.47421875 0.7265625 0.0234375 0.04375
3 0.47265625 0.62421875 0.025 0.04765625
3 0.57109375 0.44453125 0.0234375 0.04453125
3 0.459375 0.153125 0.0234375 0.059375
12 0.8 0.14453125 0.046875 0.07734375
12 0.809375 0.51875 0.0484375 0.05234375
5 0.40703125 0.83828125 0.03515625 0.0734375
5 0.40625 0.44765625 0.03359375 0.0546875
9 0.51484375 0.3453125 0.0296875 0.06796875
2 0.521875 0.63203125 0.034375 0.0609375
6 0.5796875 0.72890625 0.028125 0.05390625
6 0.7546875 0.7375 0.04609375 0.059375
0 0.56875 0.34375 0.02890625 0.0578125
0 0.62421875 0.34140625 0.03046875 0.0609375
8 0.81953125 0.746875 0.06484375 0.07890625
1 0.40390625 0.6171875 0.04375 0.0625
4 0.51796875 0.1546875 0.03203125 0.09140625
11 0.6828125 0.23828125 0.05 0.08515625
7 0.388671875 0.11805555625 0.3844401046875 0.8819444437499999 0.8486328125 0.894097221875 0.8173828125 0.093171296875 0.388671875 0.11805555625