10 0.1614384638876653 0.20446487648475045 0.06380952885594056 0.03931856426490725
10 0.2474627547245054 0.31122569035394626 0.054161710344286275 0.03123327962517113
10 0.45416167722717643 0.20297160649299775 0.04662202885594056 0.03881845909205774
10 0.6497469957388308 0.1894760931651626 0.04818452885594056 0.03886392319868044
10 0.7410689109851076 0.2562794967678017 0.04495040145127884 0.03564799498543501
10 0.8521725912923269 0.18124474135752539 0.059122028855940555 0.03918217194503919
3 0.1328669974681113 0.48626044576422256 0.05701389183263199 0.023511707838416385
3 0.3342112426587879 0.4866455760098967 0.04451389183263199 0.023147994985435006
3 0.42442950409153324 0.42860810398571525 0.04144345553496294 0.02461956677218975
3 0.5360341814035278 0.3168773306287503 0.04473214664195542 0.029397994985435005
3 0.7261755425661207 0.3698789955141605 0.044568455534962935 0.024710494985435004
3 0.839967713254693 0.30725331189063876 0.05566964664195524 0.029716243731793844
12 0.8818352986413884 0.11404286949162845 0.08472222958157971 0.05709709765100211
12 0.16839035753439582 0.13948473416488238 0.08310516587924913 0.05548913354437941
5 0.42373504492837333 0.53789217577247 0.05421627404661713 0.03279577962517113
9 0.1480555209665742 0.25246210728442053 0.08132441106992569 0.049193669437756785
9 0.6443576020921002 0.25441077137840795 0.06408234736759474 0.04713106426490725
2 0.4283580906593548 0.31610810398571526 0.05443452885594056 0.039045779625171126
2 0.7599578094411616 0.1847083736482636 0.0828869110699257 0.04923913354437941
6 0.6960911945655537 0.5385524391668121 0.05734127404661713 0.03288670783841656
6 0.35168400717157616 0.1427364516367174 0.059558538474587405 0.05168217194503919
0 0.5466765594411616 0.19091422420225954 0.056324411069925515 0.04846624373179385
1 0.5115822745099533 0.4807041499082224 0.06359127404661713 0.03306856426490725
11 0.12107383639818559 0.5334309624572701 0.10120040145127884 0.037284702823851566
8 0.44659720308789214 0.12904837318604515 0.07115080290255768 0.07075042069139795
7 0.0903221375 0.558975153125 0.8522124296875001 0.560870475 0.9280970828124999 0.0929902703125 0.1199652609375 0.12398387656250001 0.0903221375 0.558975153125