10 0.8039509061241997 0.7544380099601937 0.056142992142117265 0.03347834486680377
10 0.6922000769261987 0.683352235739906 0.04818494292790554 0.030035009885831698
10 0.6021336949993292 0.7516937174511173 0.04364299214211727 0.03296900889724856
10 0.3004470705160579 0.6916542366913082 0.04825771753501131 0.031597509885831696
10 0.21584943858918842 0.7602185528891999 0.05465326674922304 0.03497717787060921
10 0.1237347131962943 0.7548997001137308 0.06104881596343472 0.0383568458553869
3 0.08412651943981934 0.4793293557412186 0.058831344499482 0.02423067885919252
3 0.3948221168347855 0.5812207554743886 0.04633134449948191 0.0237213428896375
3 0.5538225893321955 0.4781169545995361 0.04484161910658777 0.025220175893442942
3 0.6556761877606189 0.4760053093521715 0.04484161910658777 0.025220175893442942
3 0.7555135219210187 0.46676691361051537 0.04960189371369381 0.026973676882026253
12 0.5052179995902244 0.8158424476794538 0.05687073821317572 0.04910334486680377
12 0.13090720430495414 0.8193760355889943 0.07725601282028158 0.05149351581733086
5 0.36801567597379464 0.41732008155811184 0.06424659057054054 0.04004667984777566
5 0.7498307562052531 0.4039167451314462 0.0674443651776464 0.04173651384016441
9 0.28305201695862003 0.5273543147521979 0.07013271753501123 0.03248884783255335
2 0.5712433757261256 0.5242252920519659 0.060976041356328815 0.036794345855386726
6 0.6758730636916324 0.5801489812912818 0.057705492142117266 0.03354201186299797
6 0.713997994213541 0.7531209076790163 0.06766268899896417 0.04642401384016441
0 0.29378615570991495 0.5825829842198502 0.06224744292790545 0.030608012851581278
0 0.29986918176476285 0.6368394026989195 0.06395549214211708 0.03379667984777566
8 0.7313631226257538 0.8172298286295433 0.08408820967712849 0.06424818380210837
1 0.5375298093484061 0.40778986714710613 0.06155823821317572 0.049294345855386903
4 0.09400663358400849 0.5360886917107738 0.099965766749223 0.03682352076024671
11 0.20466153556986982 0.6979267999234503 0.09124573821317572 0.050504018783080265
7 0.0407002453125 0.40835325781250004 0.08502946875 0.83837953125 0.8832083468749999 0.842854909375 0.7910538328125 0.3815274265625 0.038415753125 0.40760789375 0.0407002453125 0.40835325781250004