10 0.8318927006285926 0.2950464565689567 0.0534886266709087 0.03217730032431163
10 0.7279313592855022 0.36512140299823426 0.047202264003817974 0.028943206168510205
10 0.6302483846276382 0.29855942004436287 0.047238626670908876 0.03206820616851021
10 0.4418489559595928 0.3054292086008469 0.04407726400381797 0.028888659090609538
10 0.2461359192791389 0.4035961530015296 0.053415901336727065 0.025927300324311585
10 0.15359497795991092 0.2980534906645092 0.06286362667090888 0.03234094155801355
3 0.1465069945894581 0.5714228068171333 0.0565227200031817 0.02441934740221221
3 0.34727006325591264 0.576489956572252 0.04556703866963625 0.022665932629559828
3 0.4315183412635486 0.5216990909060952 0.04087953866963616 0.02258411201270878
3 0.5335541032781844 0.4156457341683922 0.044040901336727244 0.025763659090609535
3 0.7274490066040938 0.4737287897677095 0.044022720003181706 0.024201159090609537
3 0.8320552379455932 0.41538623010790704 0.05029090133672724 0.025872753246410873
12 0.8576563166375013 0.2298578331921622 0.07874316534054522 0.05448867694751698
12 0.1535591626352742 0.233977353895034 0.08332157733927241 0.045195497564368026
5 0.44273655724859484 0.6320735292176979 0.05512385200509069 0.038454573863261746
9 0.14210294728677486 0.3455188258918568 0.08488407733927246 0.045222771103318314
9 0.6326370406190477 0.3618952171222635 0.05668635200509069 0.03848184740221221
2 0.42965694394495707 0.41305079382819454 0.05977498933799978 0.03541139448011297
2 0.7333915659611836 0.2987969736150853 0.0911704400063634 0.04845686525911965
6 0.716101331914413 0.6430963985340075 0.05512385200509069 0.038454573863261746
6 0.33471825596754695 0.24495358441327345 0.05986589600572696 0.04322389448011297
0 0.5310296346276381 0.29682755032101626 0.05670453333863605 0.04004434740221221
8 0.42468927530236505 0.23558431290291798 0.06944089067472685 0.06057503571381497
1 0.5246319945894581 0.5780230032431156 0.0598477146721816 0.04166139448011297
11 0.13967519191600386 0.621313712661332 0.10050907733927246 0.04549550649282175
7 0.11060878437499999 0.642034625 0.8726252015625 0.6670568015625 0.9005505640625 0.2071642953125 0.10110696875 0.21502427968750001 0.11060878437499999 0.642034625