10 0.6235223112879508 0.8379113967621145 0.025872753246410873 0.05145608418674961
10 0.554832586855496 0.7408474099868811 0.024201159090609537 0.045115078925077864
10 0.6160349139651687 0.6396181099304115 0.025763659090609535 0.04520608418674961
10 0.6043548944834083 0.45750355994452896 0.025818206168510115 0.048331084186749605
10 0.5067510117711228 0.2696024705666947 0.02592730032431163 0.054581084186749604
10 0.6030414050334197 0.1743270388978415 0.026090941558013725 0.06395608418674961
3 0.33396412256601565 0.17742413389028347 0.02907957386326192 0.05632559471009326
3 0.33595549634984734 0.376961402306135 0.028943206168510205 0.04851309471009326
3 0.3947617061718055 0.45780885488050116 0.02568183847375849 0.040518584186749605
3 0.503349727682161 0.5540684758283665 0.02261138555165907 0.04346157366340595
3 0.45069451177441805 0.7480768100857033 0.024255706168510117 0.04824007892507769
3 0.5083921891289722 0.8476287600292334 0.024310253246410875 0.05136507892507751
12 0.6633885698060722 0.1668932414722077 0.03886367694751698 0.0803091262801244
12 0.6857495758984473 0.8571766072289883 0.04511367694751698 0.08067314732681155
5 0.27950885308755036 0.47455746814762023 0.04467730032431154 0.05567314732681172
9 0.5556877491925164 0.6470519073560453 0.03384889448011297 0.061286110495108834
9 0.5570703859586963 0.16461113367852198 0.037410271103318495 0.08646812101845254
2 0.4996810312528834 0.45062495741251496 0.03223184740221221 0.05807010523343692
2 0.6187996294691698 0.7500473757154269 0.03571140340856669 0.07856461575678075
6 0.277011549923865 0.752037726040128 0.04484094155801355 0.06504814732681172
6 0.6578674525183575 0.3487879835796999 0.035465941558013546 0.06450211575678075
0 0.6129974630716644 0.544813844145396 0.03066934740221221 0.05797909997176518
8 0.6680725211066136 0.43618927304223876 0.04656708279171564 0.07451415258848364
1 0.33597131290950855 0.5552684128294787 0.05106366801906326 0.06384966837349922
11 0.2816612828744412 0.17203170762427655 0.05481595941492108 0.09996917889684287
7 0.264674490625 0.144597659375 0.25982450468749996 0.9078220859374999 0.7132199625 0.9000511328125 0.6858310046875 0.11699094843749999 0.264674490625 0.144597659375