7 0.5380859375 0.908669359375 0.5563151046875 0.146304465625 0.1139322921875 0.13004001874999999 0.1253255203125 0.8839583734375 0.5380859375 0.908669359375
10 0.45859375 0.857163778604412 0.021875 0.05962953866963616
10 0.465625 0.7680194626034574 0.0234375 0.0533977200031817
10 0.40703125 0.6757325126114117 0.025 0.04872840133672707
10 0.46796875 0.39767969060313935 0.025 0.045603401336727065
10 0.40703125 0.29526376261141163 0.0265625 0.04405908267027261
10 0.471875 0.20466548726927564 0.025 0.05029090133672709
3 0.18828125 0.8548403993077738 0.0375 0.05668635200509087
3 0.3015625 0.5691472526257291 0.03125 0.04255112667090906
3 0.19453125 0.38914267397359215 0.040625 0.039535214672181594
3 0.19609375 0.2828744926400467 0.0375 0.04262385200509069
3 0.1890625 0.17905005864100118 0.0390625 0.05670453333863614
12 0.51875 0.5009950472629123 0.028125 0.05032726400381797
12 0.5140625 0.8612058412635486 0.028125 0.07532726400381798
5 0.1296875 0.5617721993157281 0.0546875 0.056886346674090406
5 0.12578125 0.17431765264959168 0.0546875 0.06626134667409059
9 0.24140625 0.6682847339672288 0.046875 0.0661704400063634
2 0.24140625 0.3784409839672288 0.05625 0.052217028007636036
6 0.3015625 0.2871160026257291 0.04375 0.0536340773392725
6 0.46875 0.29142059993636654 0.0296875 0.05347044533736352
0 0.29765625 0.6684114559595928 0.040625 0.06141021467218159
0 0.3546875 0.670091587285184 0.0375 0.06137385200509051
8 0.51953125 0.2900484565961396 0.034375 0.06758748933799978
1 0.11875 0.3900244686505462 0.0734375 0.06335452267663584
4 0.24140625 0.8550034839672287 0.05625 0.09440452800763595
11 0.40390625 0.7703001252785026 0.040625 0.0864102146721816