7 0.3650794 0.1255370140625 0.416942259375 0.8998547921875 0.855351525 0.8207369671875 0.77775454375 0.0731580203125 0.3650794 0.1255370140625
10 0.45134756050482655 0.16640761890927241 0.024855836056041625 0.0613466030842551
10 0.45263926320211834 0.2554564821397972 0.023111498100139016 0.053506829545304765
10 0.5185383265567364 0.33548094723676114 0.022966027735416717 0.04725682954530477
10 0.4839328161075006 0.6269456984545771 0.022820557370694418 0.04100682954530477
10 0.5523756512136118 0.7156048238599666 0.022893292553055566 0.04413182954530477
10 0.4962730812094799 0.8216133161493289 0.024673998100139018 0.053534103084255144
3 0.7750877590211465 0.7889952796214397 0.035611498100139014 0.05372501785690744
3 0.7594426155944103 0.6872009545403619 0.040153527735416715 0.04755683847375849
3 0.7492662221676741 0.5855020868456101 0.03546602773541672 0.04747501785690744
3 0.629913544071667 0.423327594963285 0.029179660144236053 0.04580342370110611
3 0.7156633272223265 0.1147941205308302 0.03419446846486114 0.05994774431795715
12 0.394479964665139 0.17244338473758497 0.03136040919430565 0.07239319724005648
12 0.4224121282278476 0.5337218039744643 0.03248649810013902 0.053670470779006864
5 0.838150803474063 0.7807248579489284 0.05763196846486096 0.06035684740221221
5 0.7995168760436462 0.39583166070887205 0.05138196846486096 0.06024775324641087
9 0.6788575775066669 0.3117276217486462 0.04222517401194459 0.06945911201270878
2 0.7059162656706602 0.6019259277550006 0.05116376291777769 0.05087275324641087
6 0.6536290266885769 0.7040963538917386 0.038772865691319505 0.05534206493480802
6 0.49271036369454924 0.7356485426103785 0.03266833605604162 0.061482970779006864
0 0.622934885827292 0.32480827434643395 0.03263196846486114 0.05992047077900677
0 0.5692104737831947 0.3316798372526472 0.03263196846486114 0.05992047077900677
8 0.4415115396063548 0.7503735158250173 0.03619337955902786 0.07872501785690744
1 0.8230303772779172 0.5672663299457513 0.06704333605604162 0.062082988635914306
4 0.661266767951771 0.1263395466675683 0.04912979065319441 0.09769320616851021
11 0.5117051386770836 0.24321162661991017 0.03321384992375016 0.08492047077900677