7 0.657502359375 0.836561790625 0.60052536875 0.0607944109375 0.1597520171875 0.13960250624999998 0.24487339531250002 0.8918437609375 0.657502359375 0.836561790625
10 0.5211800384437537 0.13876601311744138 0.03099105042954129 0.05616146879233552
10 0.46642834068231737 0.24504366858993681 0.02556656603337366 0.041853307326946344
10 0.5361443764125375 0.33461410165205213 0.02408595318850324 0.04333392017181659
10 0.5464245364075888 0.5158231580744873 0.024004066033373482 0.041771420171816585
10 0.4679254794193268 0.722053225916883 0.030827276119281776 0.05303646879233561
10 0.5721017243309441 0.796499947988579 0.026631099050060315 0.06216580732694617
3 0.3061801532091879 0.8496060950933314 0.03748671189493056 0.06117651741285464
3 0.28710484735257963 0.650056474446545 0.03691350180902227 0.050239017412854636
3 0.3356032230877487 0.5589910611721335 0.033542840343632994 0.04538774310259512
3 0.43599829149597136 0.4417039846233104 0.027538501809022266 0.049747694482076096
3 0.35972463930283627 0.25690293871632486 0.032389776119281774 0.05311835594746537
3 0.4073222563315781 0.14865002544191327 0.03090916327441153 0.05459896879233552
12 0.5759151260738533 0.10691182553277032 0.035098696291098366 0.07507524310259503
12 0.6281470064431197 0.789645760403908 0.033618083446227943 0.0765558559474652
5 0.21841572308774868 0.5651325978068649 0.056236711894930555 0.06215916327441153
9 0.5252643458822417 0.8146225062200365 0.03550813206674715 0.08288774310259503
9 0.47602906999010247 0.3385480071245476 0.040611711894930555 0.06134029172311397
2 0.44136190015697013 0.5440477346233104 0.04184666327441171 0.05517217887824373
2 0.5258476062861496 0.2278285131174414 0.031973696291098364 0.07491146879233553
6 0.605530620758328 0.6122168012225109 0.031072937584671046 0.057723968792335614
6 0.18525358378491236 0.2911152436684219 0.057471663274411576 0.05599105042954129
0 0.5442644928754524 0.4297628273417926 0.032635437584671044 0.05780585594746519
8 0.6025074400710619 0.524634914067381 0.03797803482570909 0.07055151741285463
1 0.26448846166778794 0.4726275152651479 0.06569359905006031 0.06421298620519007
11 0.25276522613996644 0.8618062019453078 0.06453389077317437 0.10154921189493038