7 0.8817507140625 0.349229340625 0.11897188593750001 0.35440484843750003 0.10544794375 0.8152996640625 0.904491934375 0.77628465 0.8817507140625 0.349229340625
10 0.8494395230221464 0.694620015427866 0.06268180718159258 0.032340941558013724
10 0.7535270593228918 0.5931587013038369 0.05327044574527377 0.02592730032431163
10 0.5611582730221464 0.6996519833642039 0.0439227168225127 0.030451159090609536
10 0.3729361103561639 0.7130946948077198 0.0439318071815924 0.032013659090609534
10 0.2717821556338996 0.6507913380700167 0.047038626463433174 0.028943206168510115
10 0.17141906215156205 0.7244254813323137 0.05488748789975162 0.03532957386326174
3 0.8486208698241338 0.41960637865839095 0.06264544574527378 0.026090941558013725
3 0.6462816650036736 0.42391955195246 0.047020445745273774 0.025818206168510115
3 0.5645822131100796 0.48238266274735275 0.040761355386194256 0.02414661201270878
3 0.4675531978865733 0.591899758931749 0.040770445745273776 0.025709112012708958
3 0.2727128756778662 0.5421703145310663 0.047011355386194255 0.024255706168510117
3 0.16680830932289167 0.6033999151796895 0.05327044574527386 0.02592730032431163
12 0.8537230229239505 0.7593955815804903 0.07841589149054755 0.05136367694751698
12 0.14835881205336618 0.7896783344165688 0.08467498184962738 0.053035271103318495
5 0.5537805476154267 0.37162244075053 0.054905668617910665 0.03845457386326192
9 0.8554077218906784 0.6460734212720647 0.08462043969514994 0.04366027110331849
9 0.3663224959929793 0.6507037889635211 0.06586134933607006 0.0417704886359143
2 0.572245243066113 0.5908536818220762 0.05486930718159222 0.03220457386326174
2 0.262802586253863 0.7189237293037187 0.07993293969514967 0.04357845048646745
6 0.2771953217177277 0.37254360714474016 0.05803066861791084 0.038509120941162586
6 0.6661821163080923 0.755637156254531 0.06589771077238851 0.04802048863591431
0 0.4705878151766242 0.7106088486233235 0.056486349336070066 0.04160684740221221
8 0.5787502940011894 0.7688832244357501 0.06908634328594587 0.05901253571381489
1 0.46973280054229294 0.42934521185384833 0.05959316861791084 0.038536394480112965
11 0.8538078186926654 0.3710734212720647 0.09712953005422946 0.04544095941492108