7 0.9031522843750001 0.2049189953125 0.1099995015625 0.24948903437499997 0.13345349374999999 0.6731038453125 0.8945890109375 0.6630054125 0.9031522843750001 0.2049189953125
10 0.1648373960454979 0.33047344701786385 0.05973862667090888 0.03297763605166191
10 0.2605413420591791 0.42850411856719167 0.050272720003181705 0.024892351411925872
10 0.450802168045816 0.3244972655059132 0.04407726400381797 0.029397994985435095
10 0.6366214893777707 0.30893078681781416 0.04407726400381797 0.029397994985435005
10 0.7381390833863612 0.36927960194065124 0.044040901336727244 0.026272994985435005
10 0.839673764043589 0.2967704529568656 0.055014764003817974 0.029716243731793844
3 0.16408560741563258 0.6016808572844206 0.05654090133672711 0.026636707838416384
3 0.36565719808240527 0.5965972375300946 0.047165901336727066 0.026363923198680438
3 0.44780607940799655 0.5371563898790926 0.042460220003181705 0.024665030878812288
3 0.5449981580601336 0.4272609011618636 0.04247840133672707 0.02622753087881229
3 0.7401566640674515 0.47550686988733987 0.04400453866963616 0.023147994985435006
3 0.8457430453930428 0.4153840606369975 0.05339772000318135 0.024983279625171127
12 0.16331980203690738 0.26721492907117517 0.07863407733927245 0.04602320533113406
12 0.8615754887014528 0.23126747341083673 0.07552725867281822 0.04749477711788863
5 0.46083388542326864 0.6493154090794225 0.05514203333863606 0.04065374373179385
9 0.15914192671863397 0.3783115534443546 0.07854317067154523 0.03821070533113406
9 0.6451612427195885 0.37120346628470074 0.05977498933799978 0.03610263605166182
2 0.7459601267106798 0.3026232993542265 0.07856135200509069 0.039773205331134064
2 0.44031974872690627 0.4310882463055833 0.05661362667090888 0.03288670783841656
6 0.3454510493714073 0.2705121106496328 0.05824885200509069 0.03918217194503919
6 0.7366787700906776 0.6467597442605193 0.059829533338636054 0.04079013605166182
0 0.5405459207113161 0.313289329375109 0.05356135200509051 0.039045779625171126
8 0.4343953707033619 0.25776440657214 0.06934998400699968 0.05356292069139794
1 0.5445634480824053 0.5913915973217977 0.059884077339272326 0.045477636051661816
11 0.16077025075585955 0.6525757675509773 0.09743862133990877 0.05125627461060631