7 0.31687529375 0.14761185625 0.34320006875 0.924415140625 0.7600508500000001 0.9146712750000001 0.7657314875 0.15692181249999998 0.31687529375 0.14761185625
10 0.4245309474937898 0.8740253540758349 0.023782933645025393 0.060193455534962935
10 0.41776734220579137 0.7855258492665114 0.02530907220870695 0.05399801923729371
10 0.42036964655871334 0.695791226671173 0.02374657220870695 0.053943455534962936
10 0.418220818398078 0.5949554129688422 0.022111349336070063 0.041388891832631815
10 0.4161447131100796 0.5066195992665113 0.023692030054229284 0.044568455534962935
10 0.4124561108471433 0.4096354718618496 0.023692030054229284 0.04456845553496289
10 0.4119425055591449 0.32135422186184964 0.025272710772388508 0.0477480192372937
10 0.40584652078265127 0.21335074890369166 0.02372839149054773 0.05081845553496285
3 0.6854158461146163 0.20280515162091484 0.03468407220870695 0.05432540145127884
3 0.67822603571157 0.3095635831092606 0.031504530054229284 0.04484127404661713
3 0.6796208849494443 0.415059614960426 0.031504530054229464 0.04484127404661713
3 0.684862896853301 0.5105358060674186 0.03147725897699054 0.04015377404661713
3 0.6767872973208391 0.5992982057045989 0.031504530054229464 0.04484127404661713
3 0.6835372670702181 0.6854539605139223 0.031504530054229284 0.04484127404661713
3 0.6856451886149951 0.7792585242162532 0.03312157220870695 0.05427083774894807
3 0.6862224264165508 0.8784772742162531 0.028452252926866352 0.05723214664195524
12 0.3651832185710286 0.8766394333872622 0.034829517953980905 0.07932540145127902
12 0.34562663826909396 0.20031254636395374 0.039498837235821684 0.07636409255827134
5 0.7502167487234537 0.8689956360118183 0.04418633723582168 0.07652778366526398
5 0.750241415396457 0.20194454526764538 0.04884656615858276 0.07200397477225648
9 0.3422612646343312 0.2931448871081266 0.04251475292686617 0.05772321996293313
9 0.356838932564871 0.784960364875608 0.04574883723582168 0.07658234736759476
2 0.7473821193331543 0.784538790458322 0.05349770472226432 0.06591766587924894
2 0.7531987646343312 0.3074951408211416 0.05970225292686635 0.05832342068857255
6 0.36101282727687256 0.6968428059826005 0.033194295081344014 0.0667708377489479
6 0.34603168012898405 0.40419151451278823 0.034738614363184706 0.06370040145127884
0 0.7413815833269968 0.6929415675001639 0.04407725292686635 0.05777778366526398
0 0.7436015717177277 0.4032342267559911 0.04405907220870695 0.05465278366526398
8 0.35810547501393625 0.5998859604291042 0.04102497579950315 0.07016865626060227
11 0.3473538064942213 0.49718754636395374 0.0441045240041051 0.06246528366526398
4 0.7496293788011241 0.49951894971414906 0.056604524004105095 0.06290179328391084
1 0.7455782039366975 0.6087302586071566 0.056668156517662285 0.07383929328391084