7 0.157277309375 0.8241223625 0.9173653578125001 0.8268632124999999 0.8792225218749999 0.381030975 0.11037641875 0.40927184062500005 0.157277309375 0.8241223625
10 0.16713300253188873 0.4897523255283566 0.060248019237293705 0.025345433645025395
10 0.26728182467174005 0.5829387232654204 0.050873019237293704 0.02529089149054773
10 0.44905512512722706 0.48498651571448564 0.044568455534962935 0.023692030054229464
10 0.6292237747644073 0.47534282924078985 0.04144345553496294 0.023673849336070064
10 0.7320784454529798 0.5341315010801545 0.044623019237293705 0.025254530054229285
10 0.8235367699550838 0.4679610795353774 0.050873019237293704 0.02529089149054773
3 0.8438716065229055 0.5803656307650414 0.05405258293962447 0.02687157220870695
3 0.7482887772114781 0.6403087782075175 0.04322421034428636 0.029932939695149586
3 0.5494494839275672 0.5852041634515495 0.0414980192372937 0.025236349336070062
3 0.46116328864422346 0.6974592446372468 0.04484127404661713 0.031504530054229284
3 0.3835219274816305 0.7565166029503073 0.05120040145127884 0.03466589149054773
3 0.18279524118396134 0.7592472140920382 0.05750496515360966 0.03626475292686635
12 0.8364435085223384 0.4124059711241211 0.08077877404661712 0.03171360831306043
12 0.1612351773968125 0.43274380142605573 0.07921627404661713 0.0317045179539809
5 0.48241578446787214 0.8137655006873711 0.05498016587924894 0.053434072208706954
9 0.16257447730414526 0.5382261869646752 0.08077877404661712 0.03171360831306043
9 0.6407267591553106 0.5362257870863122 0.0542708377489479 0.03312157220870695
2 0.4449529568857252 0.5912819675098838 0.05766865626060227 0.040952252926866176
2 0.7362004610620765 0.473157639643836 0.07765377404661714 0.0316954275949012
6 0.3410590866526396 0.43560466013189975 0.06035714664195542 0.028470433645025394
6 0.7591692574260301 0.8176252571302787 0.05821429328391083 0.05657725292686626
0 0.5370635566155728 0.4766604104264873 0.054107146641955414 0.028434072208706952
8 0.42675104999215074 0.4280734403825207 0.07151290145127884 0.03478406615858276
1 0.5617833367374576 0.7593865520152309 0.06312004809323427 0.0628545240041051
11 0.18386915706321044 0.8123767592715779 0.09916667549789597 0.06618860226293614