7 0.9545005859375 0.43270344843749997 0.20285251093749998 0.3542400515625 0.10271536562500001 0.8076454249999999 0.90040493125 0.8588269093750001 0.9522047140625001 0.4332871359375 0.9545005859375 0.43270344843749997
10 0.183458953153056 0.7250407670887589 0.05559678213245363 0.03284124373179385
10 0.29637047862159205 0.6619761289255259 0.04769335391920819 0.02948892319868044
10 0.38518057752623536 0.7363743868430846 0.043096782132453625 0.03247753087881229
10 0.6877001722742436 0.6975609055811962 0.04773881802583091 0.03105142319868044
10 0.7710415211788869 0.7718000391255756 0.05407974623907634 0.03435827962517113
10 0.8631835570722644 0.7729199214163138 0.06042067445232178 0.037665136051661816
3 0.9075710884132949 0.5010054689881736 0.05844899749271733 0.0235571719450391
3 0.5953187924907879 0.5809069515037033 0.045948997492717504 0.023193459092057722
3 0.4382300550272002 0.4670537370013692 0.04443196159934022 0.024710494985435004
3 0.3364856986007095 0.4578485700708949 0.04443196159934022 0.024710494985435004
3 0.23688050369441668 0.4416803493003547 0.04916492570596294 0.026409387305303157
12 0.48090826616432203 0.8070709832404456 0.056051423198680436 0.04846624373179402
12 0.8548913354437943 0.8366869047232663 0.0764093873053028 0.050619777117888634
5 0.6249655254020291 0.4194071618494023 0.06359113855894431 0.03931856426490725
5 0.24365568942950944 0.37943040188677946 0.06676160266556704 0.0409719924781526
9 0.7079491731321734 0.5350070812871591 0.06961381802583091 0.03168792069139794
2 0.420017264119258 0.5117979356685858 0.06037521034569902 0.03610263605166182
6 0.3144863296378064 0.560246144364932 0.05715928213245362 0.03288670783841656
6 0.27337089931299 0.7299987032195631 0.0668979949854351 0.04565949247815269
0 0.6962591668639673 0.5893081363808663 0.061755853919208195 0.029898100158284535
0 0.6892339285424498 0.6429643337944415 0.06340928213245363 0.03306856426490725
8 0.2548996956312086 0.7926889198334681 0.08302310015828454 0.0633016335443795
1 0.4557381522824909 0.3980907883341528 0.06073892319868044 0.04860263605166182
4 0.8967077962517116 0.5568917561351923 0.09939224623907635 0.035676738717229026
11 0.7833081889672909 0.7104904660851797 0.09042642319868044 0.04946645407749273