7 0.1545859296875 0.077998609375 0.105532615625 0.8834348437499999 0.5350886625 0.9245282906250001 0.6118071578125 0.16938899999999998 0.1545859296875 0.077998609375
10 0.19118284769532323 0.8431671676120261 0.03748671189493056 0.05997501785690744
10 0.30415756049476494 0.7614689285690748 0.027784163274411532 0.05356137662320535
10 0.21817355212702197 0.5519654691541538 0.033542840343632994 0.04429547077900686
10 0.2257790914752868 0.3620808088457282 0.036667840343633 0.04435001785690744
10 0.30092293362794215 0.2711206180984935 0.03214411465389251 0.047393197240056396
10 0.23724661521971946 0.15818819561520336 0.03732293758467105 0.056850017856907444
3 0.46692979817029306 0.8784769707757114 0.023424211894930557 0.0597295560063543
3 0.48678635402690135 0.6786406120094136 0.024331614653892508 0.04725682954530477
3 0.4383289218692972 0.5886508116851019 0.023922178878243727 0.03944432954530477
3 0.33953729703863933 0.4743234845754293 0.02877345318850333 0.042651150162155815
3 0.4102603120766447 0.28866840259449245 0.02737472749876275 0.04574887662320544
3 0.3599471308235517 0.17440530519228026 0.027784163274411532 0.05356137662320544
12 0.12588539631584225 0.8357716789761118 0.05236808344622808 0.07584547970746058
12 0.17486280189987935 0.12503873051823944 0.0558206320667471 0.08215002678536121
5 0.5474992039814728 0.5944662094116258 0.034197937584671045 0.05679547077900686
9 0.2904590671650273 0.36633766071216733 0.042174211894930556 0.06005683847375849
9 0.23744369403185012 0.8557041237805365 0.05442190637700657 0.08524775324641069
2 0.23085277306706412 0.250348422076253 0.049406857756487635 0.07891593262955983
2 0.3285411640673811 0.579696777189103 0.03707727611928178 0.05216251785690744
6 0.1495696370435881 0.652423390826665 0.05154921189493056 0.060220479707460584
6 0.5758100689740496 0.32283667126217885 0.03576043758467105 0.056822744317957155
0 0.2158917571245476 0.46121773822887724 0.0467798247398008 0.058576159090609536
8 0.14580722919624348 0.5600858863624381 0.06922803482570909 0.0698954886359143
1 0.49912365897899835 0.5029139090873143 0.03765048620519007 0.06310001785690744
11 0.5138490637741253 0.8933713137136969 0.04274077792830404 0.10065456493480837