7 0.9001815437499999 0.5184151421875 0.1453446 0.474126165625 0.0880235296875 0.9417482703125 0.88943186875 0.9529833765625 0.9001815437499999 0.5184151421875
5 0.8556624792025722 0.534540167282833 0.08245967292769336 0.033471779569504534
2 0.7665044787082806 0.5327357646777993 0.07483817391627667 0.037795406533975395
0 0.6765015612177947 0.5324574747692123 0.06533583992388792 0.03423375889134021
1 0.5920947277196975 0.5293088959854961 0.07471083992388791 0.03467040653397539
4 0.4837238122063779 0.5187823107916391 0.06390067391627667 0.03728598428423417
0 0.3860357287082807 0.5150151478475229 0.05433467292769354 0.032161836641599176
2 0.2940710631949611 0.5052526960282774 0.059213173916276673 0.03706766046291676
5 0.18700797969686386 0.501048885441526 0.06839717292769346 0.032816808105551945
3 0.8594931333471856 0.5942062657112566 0.06339133794672165 0.024785984284234175
3 0.7587755503433798 0.5879498035529287 0.05564250494291585 0.025984611248705037
3 0.6642443003433798 0.5835469398230243 0.04776633794672147 0.02405823821317572
3 0.5764577988605051 0.5865028118250963 0.04476867193911023 0.027037688998963992
3 0.4877773008376714 0.5729796592200624 0.041580004942915846 0.025329639784752445
3 0.39146071635099106 0.5739727708830522 0.04470500494291585 0.02547518899896417
3 0.2890532993547966 0.5707685341176185 0.04783000494291585 0.02562073821317572
3 0.1838392173395742 0.5596062481379731 0.054143671939110224 0.02747433664159917
10 0.8457848245264865 0.8730033538005977 0.06402800790866543 0.04041098428423453
10 0.7548733230436118 0.8758136765884579 0.05784167490485981 0.04168238585581108
10 0.6620319070360006 0.8683585874656593 0.054716674904859805 0.041536836641599
10 0.5588432400398061 0.8651179633966729 0.04527800790866543 0.03953768899896417
10 0.4649977395455146 0.8630952369703214 0.045405341901054184 0.04266268899896417
10 0.3625266555531258 0.8614535002048879 0.04377917490485981 0.04102741439185813
10 0.26955790555312575 0.8571234110820892 0.05015650889724856 0.04444351282028158
10 0.15758448756834822 0.8581700266740204 0.05784167490485981 0.04168238585581072
12 0.8431426441844192 0.9378471038005977 0.08341467787060922 0.05690927956950489
12 0.1424741407243782 0.9216503298171735 0.07442167984777566 0.06584763192686935
9 0.7489788087091558 0.9436368773742462 0.07442167984777584 0.06584763192686935
9 0.235873972245309 0.9346105562435252 0.062176347832553255 0.07151543507002245
6 0.6592305592034473 0.9371085874656593 0.06498301285158128 0.06384848428423454
6 0.3523438892415034 0.9384697644729115 0.0617943458553869 0.06214043507002245
8 0.5566321412186698 0.9385918507002259 0.07805601581733086 0.07849318114108143
11 0.449155222245309 0.9445442901134747 0.06561968281352523 0.07947348428423454