7 0.8848343140624999 0.40127131718750003 0.12042353750000001 0.436452553125 0.09124986093750001 0.9057949828125 0.8948277140625001 0.834727565625 0.884251821875 0.401627165625 0.8848343140624999 0.40127131718750003
10 0.8453513852244141 0.7575514761440257 0.06607953333863606 0.042501760515449585
10 0.753072978556687 0.7701953182966811 0.053579533338636055 0.041846663274411534
10 0.6600956852323683 0.7087022976044662 0.047238626670908876 0.033706614653892505
10 0.3608127532225051 0.7969989942342488 0.04418635200509069 0.03979284034363299
10 0.26080420989818653 0.7358744657401178 0.048837489337999786 0.03691350180902227
10 0.15603434655477785 0.8155387115562462 0.05670453333863614 0.042010437584671136
3 0.8478609565961396 0.4747799197215906 0.05654090133672725 0.027947937584671224
3 0.5528019005808675 0.602674704885984 0.04404090133672707 0.027292840343633173
3 0.3758495965945488 0.5112285905707756 0.04400453866963616 0.024167840343632997
3 0.27192516526100335 0.5182365863869041 0.045603401336727065 0.02737472749876275
3 0.1634041405951851 0.5176777436684219 0.054978401336727115 0.027866050429541288
12 0.8453599285487327 0.8239167825664608 0.07874316534054522 0.057219357756487454
12 0.46947868121423275 0.8522043933751661 0.053761346674090583 0.057471663274411354
5 0.552376281269912 0.43795378561867854 0.05659544533736351 0.032635437584671044
5 0.164095031269912 0.4583027436684219 0.06911362667090888 0.034853034825709096
9 0.6534837005888218 0.5388401769576798 0.06598862667090888 0.034689260515449585
2 0.3651024532543218 0.5625421070791191 0.05821248933799979 0.0374048247398008
6 0.2620678125795949 0.6272807157401179 0.05661362667090888 0.034197937584671226
6 0.24513320922186876 0.8077461437138505 0.06626134667409059 0.058126760515449405
0 0.6537007819064589 0.6543832898025501 0.06293635200509069 0.04077548620519007
0 0.6520206505808677 0.5974748705352447 0.059756808004454244 0.03592421189493056
8 0.23809232121264193 0.8760424423343695 0.08208634134309048 0.07613313206674696
1 0.38286321260345746 0.44527604195025666 0.06449885200509069 0.040857373360319825
4 0.84481722525464 0.5350590004542852 0.09727498933799979 0.03945200361804453
11 0.7561258005649593 0.7091349875639865 0.08815452800763612 0.06083568068726617