7 0.8965830078125 0.33300455156250003 0.1116714015625 0.29588708750000003 0.09578719531249999 0.7485788296875 0.8590916984374999 0.752043075 0.8965830078125 0.33300455156250003
10 0.8391004240788599 0.41424288728713526 0.06264544574527378 0.025363614363184794
10 0.7404316408031767 0.5081968994855796 0.04856476502711473 0.022156801131468208
10 0.5546981530016211 0.4079009419346448 0.040761355386194256 0.023673849336070064
10 0.3702640656676035 0.39667202956324993 0.04388635538619425 0.023692030054229284
10 0.2682657493126289 0.45545161104353504 0.040761355386194256 0.023673849336070064
10 0.17255327351312577 0.3861470991396784 0.05328862646343313 0.02843407220870704
3 0.8297264658405542 0.6829292547735779 0.05486930718159257 0.031568162567786474
3 0.6281457851223948 0.6786315984523072 0.047038626463433174 0.028397710772388507
3 0.5504611466569092 0.6195878756778662 0.04391362646343318 0.028379530054229284
3 0.458418571521336 0.5096810896717086 0.039207945745273774 0.02522725897699054
3 0.25792821301188373 0.5585129785299777 0.05014544574527387 0.025290891490547907
3 0.16071686972593788 0.5001368762670413 0.05014544574527387 0.025290891490547907
12 0.15500670432948088 0.3243283551898025 0.07837953005422929 0.04420451795398091
12 0.8434470356133742 0.3556764083643741 0.07522725897699054 0.039498837235821684
5 0.5292542880492611 0.7343043606507516 0.05496021077238851 0.047193162567786474
9 0.3628015444921687 0.4567828277678519 0.05956589754067192 0.033157933645025395
9 0.8464089300307883 0.4619400439029936 0.08456589754067209 0.03330337939029935
2 0.562347547419035 0.5141918485505031 0.050181807181592396 0.03154089149054773
2 0.2624333849494443 0.3929197947867563 0.0783068071815924 0.0317045179539809
6 0.6630010115110732 0.3585327218906783 0.0595568071815924 0.031595433645025484
6 0.25426792358788053 0.7350482074527388 0.06279089149054773 0.050363614363184796
0 0.46793849638576274 0.40036517700572605 0.0548693071815924 0.031568162567786516
8 0.5754419241770556 0.3478674117822197 0.06900453005422928 0.044149975799503235
1 0.4515878303019347 0.6783856378763105 0.061246572208706954 0.05347952400410509
11 0.8315980380492611 0.7360633451326576 0.09875566256778648 0.05526019262201594