7 0.7431314953125 0.9020037750000001 0.7624527921875 0.1094515765625 0.3367835125 0.113604975 0.2867989609375 0.872029840625 0.7431314953125 0.9020037750000001
10 0.6767529369320494 0.15880717329077373 0.032598484284234175 0.06301819724005644
10 0.6787820097199097 0.24954126744657507 0.030672111248705038 0.05517842370110611
10 0.670618445204217 0.34087933359919925 0.030453787427387448 0.050490923701106104
10 0.6650704584387833 0.443209446829724 0.03157963978475227 0.0411431972400564
10 0.6631932812266437 0.5338753571381496 0.03008991439185813 0.042678423701106284
10 0.6608794563718687 0.633916267446575 0.030162688998963995 0.044240923701106105
10 0.6566949164632819 0.723760017446575 0.03187073821317572 0.047393197240056396
10 0.6569966693587661 0.8347929748329012 0.030599336641599174 0.05361592370110628
3 0.41116432423560234 0.15338942166921593 0.026202935070022627 0.0597841030842551
3 0.40576188668438035 0.2525945348997408 0.027547111248705035 0.055123876623205524
3 0.40214027295447596 0.34713942166921596 0.02874573821317572 0.04733865016215581
3 0.4044240568672068 0.4324047658250173 0.027037688998963992 0.04418637662320535
3 0.39168215426217295 0.5213172613607904 0.027037688998963992 0.04418637662320535
3 0.3903315159251627 0.6174655584386912 0.028600188998963993 0.04421365016215582
3 0.38623686724907025 0.7221666952081663 0.03030823821317572 0.04736592370110611
3 0.373475693965872 0.8282803275134146 0.029327935070022626 0.05983865016215582
12 0.7401069615391552 0.15834925161826252 0.047388730355292806 0.07888865909060953
12 0.7204041978948134 0.8499736899298652 0.051930681141081084 0.07584547970746058
5 0.34908170120007304 0.16012461688067753 0.04092040653397531 0.07409206493480816
5 0.3101944439658719 0.8271757491859258 0.04233735731976358 0.0709943384737585
9 0.7444070097199097 0.25068675608248936 0.05661818114108108 0.07592730032431154
9 0.729421787017612 0.7570867605467162 0.05610875889134022 0.06498980032431163
2 0.346568823202145 0.24765189041962782 0.04524403349844608 0.06636138555165924
2 0.31439825455262316 0.7201308624164506 0.04807793507002263 0.06016593262956001
6 0.7347173325077699 0.3412162986961632 0.04346320967712849 0.061646612012708865
6 0.7331718333363394 0.642996987007766 0.046660984284234173 0.06326365909060953
0 0.3478166459900053 0.33837234780595404 0.03870293507002263 0.06000229139585782
0 0.3273948682825275 0.6257496168806775 0.039974336641599176 0.0537795649348082
1 0.34079820450984194 0.42191155072805336 0.04851458271265772 0.06954093262955982
4 0.3303443939230907 0.5288473433417271 0.04651543507002263 0.06013865909060954
11 0.7384651089769025 0.5461356237772411 0.05916098428423418 0.06348184740221222
8 0.733966007652995 0.4412844825435391 0.05639985731976367 0.07123980032431163