7 0.08333333281250001 0.8278130000000001 0.8802083328125001 0.8515832359375001 0.8883101859375 0.3865509140625 0.125 0.3978067375 0.08333333281250001 0.8278130000000001
10 0.821875 0.7636831470390272 0.053125 0.035611498100139014
10 0.725 0.6901566876922216 0.046875 0.032341027735416715
10 0.6203125 0.756655816301319 0.04375 0.035393292553055566
10 0.32734375 0.6876934896476733 0.0484375 0.03081489532659738
10 0.2296875 0.7532477140964582 0.0546875 0.0356478656913195
10 0.13828125 0.7460002181805206 0.0625 0.03582970364722229
3 0.8359375 0.4719495887184021 0.053125 0.024673998100139018
3 0.72890625 0.47756576871427026 0.04375 0.024455792553055744
3 0.62578125 0.47684102973218695 0.04375 0.024455792553055567
3 0.44296875 0.5771897879003122 0.040625 0.024383057370694416
3 0.15546875 0.4690376746775346 0.05625 0.023184233282499987
12 0.50859375 0.8178498490707288 0.05625 0.05755923328249999
12 0.1328125 0.8133150047496527 0.078125 0.05338087955902786
5 0.453125 0.4136721485576385 0.053125 0.03248649810013902
5 0.84296875 0.41006718455808955 0.0703125 0.032886541603125076
9 0.34609375 0.5224133285535066 0.0625 0.03114220364722229
2 0.63359375 0.5258779417762842 0.05 0.032413762917777866
6 0.72890625 0.5838157687142702 0.053125 0.030923998100139016
6 0.73203125 0.7618680335319091 0.065625 0.048402438829583436
0 0.34296875 0.5771735637358677 0.059375 0.029506968464861137
0 0.3375 0.6335508503049997 0.059375 0.035756968464861136
8 0.73515625 0.8266390483495479 0.075 0.07049564437666689
1 0.6234375 0.4089268311189578 0.0609375 0.04204333605604167
4 0.1546875 0.5276496084731248 0.09375 0.03499455547083343
11 0.23203125 0.6922556627096872 0.084375 0.04883884992375016