7 0.14409722187500001 0.72343179375 0.9236111109375 0.647411809375 0.87210648125 0.2302143203125 0.1111111109375 0.2724941875 0.14409722187500001 0.72343179375
10 0.8625 0.5684221668775666 0.0625 0.027910984284234174
10 0.775 0.5818725448754948 0.053125 0.025911836641599174
10 0.678125 0.5270095705160579 0.0453125 0.023985463606069856
10 0.39609375 0.6104578870986652 0.0453125 0.027110463606069855
10 0.29375 0.5566308738640988 0.04375 0.027037688998963992
10 0.20078125 0.6304922129868974 0.053125 0.030599336641598994
3 0.8453125 0.30125393755573115 0.0578125 0.032380160462916766
3 0.5625 0.4339573914418914 0.04375 0.023912688998963993
3 0.37578125 0.3434352069910413 0.04375 0.030162688998963995
3 0.2734375 0.35054569375647493 0.046875 0.03343323821317572
3 0.165625 0.3516608916467791 0.05 0.033578787427387444
12 0.87265625 0.6296678819313787 0.08125 0.041284279569504534
12 0.50546875 0.6592699146012551 0.05 0.03982878742738745
5 0.15703125 0.28799865198586133 0.0703125 0.04702485731976358
5 0.546875 0.2659351375129499 0.05625 0.0463698858558109
9 0.65859375 0.3701067531048811 0.06875 0.036014582712657804
2 0.36796875 0.39145533002657057 0.0609375 0.0450257096771284
6 0.28125 0.4579943207209457 0.053125 0.032161836641599176
6 0.28984375 0.6193128103818635 0.05625 0.0369948858558109
0 0.6609375 0.42546634119422233 0.059375 0.030890435070022627
0 0.6671875 0.47830024276579886 0.0625 0.031035984284234354
8 0.28671875 0.6803958595960753 0.071875 0.05178513192686936
1 0.37578125 0.2692164569910413 0.059375 0.059015435070022625
4 0.846875 0.35899366294862534 0.09375 0.04499147642635144
11 0.77265625 0.5218254567861536 0.0875 0.038450377997927984