7 0.07411820625 0.9242054453125 0.8825454109375 0.8782029734375 0.8693202578125 0.442694225 0.10547114375 0.45374931093750004 0.07411820625 0.9242054453125
10 0.8342143494373977 0.8000342183499655 0.0631818384737585 0.04015344155801363
10 0.7391939500860208 0.6954751777648864 0.05210797077900686 0.03215002678536116
10 0.5388473023594971 0.8083139172115796 0.045994338473758486 0.03985343262956
10 0.3448654772784191 0.8249770860414218 0.04443183847375849 0.039826159090609534
10 0.24447573945328377 0.7595623660731939 0.0490920649348082 0.038345479707460585
10 0.13926035958366745 0.8363760564133915 0.05693183847375849 0.04004434740221221
3 0.8336957467568844 0.5165359257362916 0.05819432954530477 0.022884120941162676
3 0.6313656335263597 0.5192865990303606 0.047284103084255236 0.024255706168510117
3 0.5483388993546722 0.5777497098252534 0.04103410308425524 0.02414661201270878
3 0.443195657472347 0.6951747633959758 0.04429547077900686 0.032013659090609534
3 0.24805648133560892 0.6439100925342436 0.050490923701106104 0.028997753246410872
3 0.13831724269969464 0.7114306034912922 0.05679547077900682 0.03223184740221221
12 0.8330824975709585 0.8648779683499654 0.08217730032431163 0.05454322402541791
12 0.11699384740880281 0.9039317491892211 0.08382162094116259 0.059257997564368024
5 0.5377071367727704 0.4709366481368562 0.05517842370110611 0.02907957386326192
9 0.838952442375383 0.7523097845025896 0.08527502678536143 0.053035271103318314
9 0.33819846591433345 0.7594884537361735 0.06644320616851021 0.04802048863591431
2 0.23227001989209292 0.8324095308458462 0.07907957386326192 0.056051176947516976
2 0.552570657472347 0.6932656156694521 0.05536933847375849 0.04001707386326192
6 0.644828521109909 0.8666019297934813 0.06345457386326192 0.055778441558013724
6 0.2627344103117208 0.474174290992116 0.05997501785690744 0.03541139448011297
0 0.44564672727841914 0.8232179427791249 0.05717730032431163 0.05410684740221221
8 0.5539580592593559 0.882246295052601 0.07159435633066594 0.074664809252765
1 0.45548892614003333 0.5278236221622739 0.05992047077900686 0.032286394480112966
11 0.8407639529253947 0.4695518315804902 0.09903751785690744 0.03609323295387146