7 0.0715289765625 0.7916085421875 0.8698301078125 0.8506413015625001 0.8660158984375 0.3893036546875 0.10338561875 0.36552456875 0.0715289765625 0.7916085421875
10 0.8058375982524828 0.7584292774980808 0.054398339923887915 0.03372433664159917
10 0.7056412800774247 0.6817511534290942 0.04802100593149916 0.03030823821317572
10 0.6045615997353575 0.7420101031814251 0.048148339923887916 0.03343323821317572
10 0.41669418521062107 0.7230845130251693 0.04489600593149912 0.030162688998963995
10 0.22630128996325646 0.6124615744404901 0.054143671939110224 0.027474336641598995
10 0.12831743471632945 0.7120013480141386 0.0638370069200822 0.03572348428423418
3 0.13555290905034795 0.43838191149637407 0.057205004942915846 0.026057385855810723
3 0.33639782604654234 0.4461709485094767 0.04620383794672147 0.023985463606069856
3 0.41769956418354426 0.5063143899896401 0.04151633794672147 0.023767139784752443
3 0.5140877914461313 0.6188208521479679 0.04476867193911023 0.027037688998963992
3 0.710847386312935 0.5731937907326471 0.04470500494291585 0.025475188998963994
3 0.8123024569594509 0.6381895521051867 0.05101867193911014 0.027328787427387445
12 0.8281635844123183 0.8252186712117744 0.08028967787060921 0.0567637303552929
12 0.12492583787235938 0.7760274607105857 0.08465884288963736 0.0491695541766104
5 0.4346880874152489 0.3967403368464869 0.05621550790866543 0.04004711124870504
9 0.11932177810025837 0.6638356757643977 0.08615767589344295 0.04767982878371626
9 0.6102651130812303 0.6788744023956369 0.05777800790866543 0.0401198858558109
2 0.41014970794803407 0.6147625907754284 0.060775673916276626 0.037140435070022446
2 0.7076229327391631 0.7483757272504118 0.0925350098858317 0.051095927212139715
6 0.7083802554000265 0.40322589309001194 0.05621550790866543 0.04004711124870504
6 0.30649417285333136 0.7766568151348652 0.061094008897248565 0.044952935070022446
0 0.5053428497353575 0.7373889156302033 0.05784167490485981 0.04168238585581072
8 0.39589225387997057 0.791778855043452 0.0711693458553869 0.0625770827126578
1 0.5136779090503479 0.45599336641599153 0.061030341901054184 0.04339043507002245
11 0.1313402529285685 0.3880908130679506 0.10178267589344295 0.04840757485477489