7 0.7353609703124999 0.8816198875 0.7806049140625 0.08886304375000001 0.322480209375 0.12416150937499999 0.3106349390625 0.8824158375 0.7353609703124999 0.8816198875
10 0.6538019685273527 0.8332344533525771 0.03187004809323426 0.06336381802583091
10 0.6632166632625424 0.7424275969260863 0.030034729581580065 0.05550585391920819
10 0.6625023898488974 0.651135007192643 0.029871038474587407 0.05081835391920819
10 0.6652950623515685 0.5488139892459543 0.03110615626060227 0.04148881802583091
10 0.6708035070867581 0.4581207930860202 0.029598219962933214 0.04300585391920819
10 0.6766393340359329 0.35805259692608626 0.02965278366526398 0.044568353919208284
10 0.6797767469199572 0.26820884692608626 0.031324411069925694 0.04773881802583091
10 0.6891195197854478 0.1571122225529069 0.02998016587924912 0.05394335391920828
3 0.38814968667618727 0.8417446014784329 0.02551092068857246 0.06005696159934004
3 0.39083323177419665 0.7425485835317442 0.02690972958157989 0.05541492570596276
3 0.39491558576521346 0.6479946014784328 0.028199411069925694 0.04764788981258548
3 0.4041393075422451 0.562656495051942 0.026527783665263982 0.044477425705962935
3 0.3986556885751038 0.47384404763836685 0.026527783665263982 0.044477425705962935
3 0.40513635626845146 0.37765936942512146 0.028090283665263983 0.044522889812585655
3 0.4095733743246188 0.27294913737181015 0.029761911069925696 0.04769335391920828
3 0.405471206083117 0.16692645790492353 0.030198420688572546 0.060193353919208284
12 0.7170286548250219 0.8329556570343584 0.04647818511654282 0.07939799498543501
12 0.7536730931064255 0.14118569418137697 0.05105655771188111 0.07640938730530311
5 0.3267037551878416 0.8357279336900287 0.040064494009550165 0.0745286385589444
5 0.342189956083117 0.1687677542231421 0.04151786660488845 0.07144910266556703
9 0.7288416632625424 0.7405181044479336 0.05574405771188111 0.07654577962517131
9 0.7551140528177397 0.23401805186150892 0.05536211179556503 0.06560827962517113
2 0.3313218225183695 0.7481824695834061 0.04447917549789597 0.06685253087881246
2 0.33767109247345334 0.27582173627645346 0.047385920688572544 0.06069345909205772
6 0.726537607997732 0.650052228821113 0.04275298439090349 0.06211956677218975
6 0.7495684025475872 0.3481260159681316 0.04593254809323426 0.06377299498543501
0 0.3399552672535592 0.6573983452102267 0.03801092068857255 0.06042067445232178
0 0.34296373848243655 0.3701029336900287 0.03935516587924912 0.05421613855894432
1 0.3397494253282599 0.5738955234234719 0.04771330290255769 0.07006845909205772
4 0.33801828893792357 0.4670233977966515 0.04582342068857255 0.06064799498543501
11 0.7469667030030741 0.44497828391482025 0.05843254809323426 0.06413670783841638
8 0.7339359349469067 0.5499385685545564 0.05558036660488845 0.07185827962517113