7 0.0911110953125 0.554706409375 0.8572560906250001 0.578171690625 0.8661955390625 0.13589999375 0.11145606718750001 0.14160809218749998 0.0911110953125 0.554706409375
10 0.14412516637841563 0.47521996266133193 0.061064765027114644 0.022938668019063257
10 0.2345325186413519 0.3799131911509765 0.05170794574527395 0.02590002678536125
10 0.4238217567374953 0.4785394261334428 0.04075226502711473 0.02258411201270878
10 0.6042541453011768 0.4879395198822071 0.04233294574527378 0.02573638555165907
10 0.7046132144848217 0.4279662763750288 0.04390453610435348 0.027326159090609536
10 0.7979905097625574 0.49366518871204923 0.05327044574527377 0.02592730032431163
3 0.14100575331964968 0.20560689204448096 0.05489657825883123 0.03689207386326192
3 0.33945688885826913 0.2067268814911741 0.04864657825883114 0.036782979707460584
3 0.4211608859314029 0.264408742286067 0.04082498789975162 0.03508411201270878
3 0.5173950156162899 0.3762559517009881 0.0439227168225127 0.030451159090609536
3 0.7138296540817756 0.3210850308392557 0.04080680718159222 0.03195911201270887
3 0.8119399011549092 0.3790532637931271 0.04705680718159248 0.03206820616851021
12 0.139900753810629 0.5298392788139561 0.07361930718159235 0.03253185633066593
12 0.8172035971947708 0.5486936079489284 0.07207498789975161 0.035629582791715644
5 0.43355232250329456 0.1489882938281945 0.055005662567786474 0.05564207386326192
9 0.6108586693052819 0.4271111140380084 0.05490566861791084 0.038454573863261746
9 0.1350319675098838 0.42661882142762997 0.08144089754067196 0.03423072402541756
2 0.4111722866935287 0.3697138510523649 0.05336134933607006 0.04155230032431163
2 0.7097274404807166 0.48899923376135507 0.07360112646343317 0.02940685633066593
6 0.7109551598373122 0.14367309699187986 0.056586343285945875 0.05879434740221221
6 0.3211871152469475 0.5267530093321955 0.05952953610435348 0.02759889448011297
0 0.5097274404807166 0.4855082207757115 0.048601126463433175 0.028970479707460584
8 0.406307003810629 0.5344894172049891 0.06738748789975162 0.03554776217486459
1 0.516850635833207 0.20122867816203768 0.059774975799503235 0.06978639448011295
11 0.13820346106697615 0.15008359496658025 0.09725679508134394 0.06731595941492108