7 0.7962761406250001 0.8687584875000001 0.8461678984375001 0.0663770703125 0.38169233125 0.10014997031249999 0.36814439062500004 0.8638417609375001 0.7962761406250001 0.8687584875000001
10 0.7160807952154159 0.8188481600531411 0.03582970364722229 0.06410104135632873
10 0.7252395492994785 0.7271144243211648 0.0325228656913195 0.056142992142117265
10 0.6626142223614926 0.6348220705160579 0.029216027735416716 0.04818494292790554
10 0.7412899619122566 0.33928693858918846 0.035393292553055566 0.045351041356328815
10 0.6780470391345832 0.23999972208763448 0.029179660144236053 0.046622442927905364
10 0.7546114987657291 0.13576167825010624 0.03404899810013902 0.054653266749222995
3 0.464895035334861 0.14379261786824277 0.026236498100139016 0.05428939371369372
3 0.46785442154340257 0.2513504067433723 0.024455792553055567 0.04484161910658786
3 0.4639098443210761 0.35376693135047815 0.026091027735416716 0.04803939371369372
3 0.558165071335312 0.5288696311028092 0.024455792553055567 0.04484161910658777
3 0.43966376558013814 0.825479265510878 0.024819468464861317 0.06046661910658777
12 0.7800887438286452 0.818208151161801 0.04869337955902786 0.08030823821317554
12 0.7981737819163884 0.44355275351916584 0.04967399810013902 0.055381012820281586
5 0.4032672043128123 0.14276096484892414 0.03764677678548618 0.07511131596343472
5 0.3933940565176732 0.533422352152477 0.0356478656913195 0.05628854135632881
9 0.49960572929534663 0.6307082669586199 0.031287674011944586 0.07013271753501123
2 0.5133104322769789 0.3436620312266436 0.035793336056041625 0.06253854135632882
6 0.5733777229301733 0.24409437076372692 0.029361498100139015 0.05443494292790545
6 0.7485777446816664 0.2273498647678709 0.04825696846486114 0.06155823821317572
0 0.5534756117041661 0.6297600430134679 0.02947060087368065 0.05912244292790536
0 0.6088898103173953 0.62952029446121 0.03266833605604162 0.062392992142117264
8 0.8136397002287497 0.2149547185729778 0.06744337955902786 0.08118153349844599
1 0.3949961901607636 0.36400026406313585 0.04520470364722229 0.06453768899896399
4 0.49829388317131873 0.8211877177444084 0.03492182028847228 0.09215326674922295
11 0.6650832992994784 0.7299162466947403 0.05196384992375016 0.08670378742738745