7 0.7983995687500001 0.92966405625 0.842754859375 0.1241482703125 0.4130030609375 0.08807413750000001 0.34069233906249996 0.8436452796875 0.7983995687500001 0.92966405625
10 0.7573479654680967 0.16538723076947287 0.03870293507002263 0.05958407825883123
10 0.6448607739879333 0.24834920081343945 0.02747433664159917 0.05327044574527386
10 0.7320567512428543 0.4567253030763757 0.03328768899896399 0.04393180718159222
10 0.7255583864794926 0.6465826886149951 0.036412688998963993 0.043949987899751616
10 0.6509521846602471 0.7383611224564124 0.03187073821317572 0.0470477168225127
10 0.7152800502521782 0.8504843934354553 0.0369948858558109 0.05644998789975162
3 0.48142332030666085 0.13330494203284074 0.023077935070022447 0.05949317466803503
3 0.46273317059711117 0.333250399878363 0.02405823821317572 0.04700226502711473
3 0.5117100179920773 0.42262197208707003 0.023694365177646403 0.03918976502711473
3 0.6111577462804556 0.5357310261454045 0.02852741439185813 0.04234203610435348
3 0.5415236807313055 0.7220952521412993 0.027110463606069855 0.04545794574527395
3 0.5924975217161309 0.8357037550681656 0.02747433664159917 0.05327044574527377
12 0.8226818670396734 0.17201902585081683 0.051930681141081084 0.07528180113146812
12 0.7778506708065083 0.8828883481577197 0.05534677956950453 0.08154998184962743
5 0.4025169545098419 0.41807939695149676 0.0338698858558109 0.05643180718159226
9 0.6608601856937043 0.6430804387131911 0.04182793507002262 0.05960225897699054
9 0.7110187750213907 0.15339576999708435 0.05392982878371626 0.08466589149054773
2 0.7211362520714237 0.758305983794535 0.04895123035529281 0.07838862041330899
2 0.621538782260101 0.4302940924021831 0.03677656203449331 0.051762487899751616
6 0.800068350704735 0.3555309626191002 0.05120293507002245 0.05965680113146821
6 0.37579167287342274 0.6898725837197802 0.0354323858558109 0.05644089754067192
0 0.7348670740307146 0.5473912096922341 0.046442660462916764 0.05806703005422946
8 0.8043683988854895 0.44776845959403816 0.06882708271265763 0.06913179508134384
1 0.4514210272977023 0.5090134691602037 0.03728598428423417 0.06269998789975162
11 0.4344220417706136 0.1189651860809124 0.04215757485477489 0.10021816861791084