7 0.37988703125 0.127155415625 0.353339978125 0.8863478765625 0.816064725 0.9028536 0.8096429234375 0.108665328125 0.37988703125 0.127155415625
10 0.7273180171635077 0.1606502177240972 0.03728598428423435 0.06450211575678066
10 0.7317636145584739 0.25021324666329237 0.03684933664159917 0.05512711575678066
10 0.6639339516143579 0.3441837835655825 0.030381012820281585 0.05007559471009326
10 0.7255070366033272 0.6368332861258313 0.036412688998963993 0.04575211575678075
10 0.6580947506236818 0.7386618256589573 0.03357878742738727 0.05182010523343692
10 0.7294367495902245 0.838388080850042 0.03684933664159899 0.055127115756780753
3 0.4507726337888963 0.16099403903901582 0.024494885855810722 0.05752407366340586
3 0.5531526552956303 0.45210342840273265 0.025329639784752268 0.04199007892507787
3 0.44928913896069195 0.6301458574407499 0.023912688998963993 0.04502407366340577
3 0.4483922648917054 0.7334983705949295 0.025475188998963994 0.045115078925077864
3 0.4395009543049541 0.8403021074407497 0.02583906203449331 0.05292757892507751
12 0.7884865337078429 0.5292629808076896 0.04934933664159917 0.05585515785015538
12 0.7909631401990371 0.15652343082180709 0.049096779569504534 0.08388915258848365
5 0.3893255957423363 0.4543121285580245 0.036922111248705036 0.056689615756780755
5 0.37752749318008366 0.8421761496047118 0.03445208271265772 0.07057010523343692
9 0.5006334309361934 0.3519067363517102 0.031108758891340217 0.06570059471009326
2 0.4965815159251627 0.6407340179217413 0.0354323858558109 0.05816111049510884
6 0.5531889268023642 0.7372519731269433 0.030453787427387448 0.051638094710093264
6 0.7281889268023642 0.7474445624341906 0.04964043507002245 0.06210515785015538
0 0.5546124555432993 0.353483917879389 0.031035984284234173 0.06413809471009327
0 0.6095546666681697 0.3512003520379037 0.034160984284234176 0.06432010523343692
8 0.7928143529810466 0.7559087807935722 0.06897263192686935 0.07569722099021767
1 0.3806483008713507 0.6237978759271885 0.04346320967712849 0.06330363680346807
4 0.5094755456995551 0.16206298635171018 0.03576202564056317 0.09869510523343701
11 0.670789727254921 0.2474452914580903 0.051095927212139715 0.09335515785015555