7 0.0948794453125 0.44759912812499997 0.0641016515625 0.8816093031250001 0.8663306890625 0.9059075390625001 0.8589502140624999 0.43794662031250003 0.0943121078125 0.447276975 0.0948794453125 0.44759912812499997
10 0.11729403885310555 0.8014983466055956 0.0669890925582714 0.03944429508134384
10 0.20920872034145127 0.8087745154198981 0.05448909255827141 0.03937157220870695
10 0.3052776776905126 0.7418228438751211 0.04796627404661713 0.03152271077238851
10 0.6011779655321279 0.8127428352909141 0.045059528855940556 0.03775453005422946
10 0.7042781728811892 0.7457502571302788 0.049637901451278846 0.034656801131468205
10 0.8055926470204735 0.819364498251484 0.057614092558271324 0.039389752926866264
3 0.12795131897499043 0.5186813014260558 0.0571230192372937 0.02532725292686635
3 0.41777273240716883 0.6294723139190876 0.044623019237293705 0.025254530054229285
3 0.5994170912075091 0.5276547629840111 0.04451389183263199 0.022129530054229463
3 0.7032687775051782 0.5286127541052166 0.04618551923729371 0.025263620413308985
3 0.8120807823145016 0.5217309741491831 0.0555605192372937 0.02531816256778665
12 0.11419383150404416 0.8679091417851353 0.07998016587924908 0.05357951795398108
12 0.4896749811412244 0.8743166604264874 0.055034729581580066 0.05499657220870695
5 0.42587295300307415 0.46461492838046825 0.05728671034428632 0.03001475292686635
5 0.8141542030030742 0.46235597414918317 0.06984127404661714 0.03164997579950324
9 0.3198188712445759 0.5714603469001831 0.06671627404661713 0.03163179508134402
2 0.6078000208817562 0.5783769256499938 0.05901290145127884 0.03471134328594587
6 0.7080703501931838 0.6371565071302787 0.05734127404661713 0.031577252926866174
6 0.7166392744251352 0.8167576487190225 0.06753472958158006 0.0550692950813441
0 0.3142186572720925 0.6870944372592629 0.06380952885594056 0.03786361436318479
0 0.3185539824071688 0.6300495517206434 0.06052083774894799 0.033157933645025395
8 0.720515753373743 0.8846900372827038 0.0837599303072194 0.07234769867214012
1 0.595458766705405 0.4620661244203297 0.06537202885594055 0.03787270472226432
4 0.12819436643525248 0.5788239158874363 0.09807540145127884 0.034938602262936415
11 0.20899295473235463 0.7478506509585175 0.08946429328391084 0.05675906010845857