7 0.9165011546875 0.1293628859375 0.1163626421875 0.06891526875000001 0.10333645 0.5386530828125 0.8653356890625 0.56375915 0.9165011546875 0.1293628859375
10 0.8608135900049488 0.20657350738883337 0.06454717887824372 0.04088106426490725
10 0.7698986629357274 0.19453885715140654 0.05821529172311415 0.039136707838416565
10 0.6711469024202777 0.257390546647423 0.05180151741285464 0.03582985141192578
10 0.3766399858665058 0.17370690228249092 0.04579717887824382 0.040335494985435094
10 0.27085697535105624 0.23635400329870526 0.04884029172311406 0.03886392319868044
10 0.17404725237484917 0.15764031842154233 0.05517217887824381 0.04060827962517113
3 0.8373573213488988 0.48991720480240863 0.06208392017181659 0.023648100158284537
3 0.5520107208285004 0.36581314891727856 0.04522396879233561 0.029397994985435005
3 0.36621930574506656 0.46212454460235897 0.04662269448207601 0.02631845909205772
3 0.26251777363289097 0.4551949315119506 0.04497830732694626 0.024710494985435004
3 0.15519991858993681 0.457549390208297 0.05443519448207601 0.02654577962517113
12 0.8665556569428337 0.1417979535487674 0.08559666327441136 0.055534597651002084
12 0.49229264133900125 0.11682406795932394 0.0655298247398008 0.05963106426490725
5 0.5379028759623117 0.5304977745440992 0.057723968792335614 0.029761707838416383
5 0.14974445669500627 0.5168561940483629 0.06866146879233552 0.030079956584775403
9 0.6496393153560049 0.4289018337944416 0.06718085594746519 0.03159699247815269
2 0.35646252544191326 0.4094170817493775 0.05484463025772479 0.03435827962517113
6 0.26282206806953845 0.3448795571387713 0.058051517412854546 0.03601170783841656
6 0.2606022280645897 0.16328857633910115 0.07169793758467105 0.05825042069139794
0 0.6542725836733707 0.37035354790106423 0.0642196302577247 0.03463106426490725
0 0.6604274084131715 0.3126319761143096 0.06759029172311415 0.0394094924781526
8 0.26256087573516906 0.09605561223247847 0.08205558344622813 0.07727320533113406
1 0.36833068238474675 0.5263461689755383 0.06273901741285455 0.036148100158284534
4 0.8405099768213942 0.4297609548024086 0.10023901741285464 0.03723923871722903
11 0.769830063885667 0.2555672853646519 0.09373671189493056 0.062011918184115444