7 0.08506944375 0.5973307296875 0.8547453703125001 0.6181640625 0.874421296875 0.1731770828125 0.11574074062499999 0.1813151046875 0.08506944375 0.5973307296875
10 0.140625 0.51640625 0.059375 0.021875
10 0.228125 0.52421875 0.053125 0.0234375
10 0.321875 0.46640625 0.046875 0.0234375
10 0.6015625 0.52734375 0.04375 0.025
10 0.70234375 0.46796875 0.04375 0.0234375
10 0.7953125 0.53203125 0.05 0.025
3 0.14453125 0.246875 0.05625 0.034375
3 0.43203125 0.3625 0.04375 0.0296875
3 0.61328125 0.2578125 0.04375 0.0359375
3 0.71796875 0.25859375 0.04375 0.034375
3 0.82265625 0.2515625 0.053125 0.0375
12 0.1359375 0.57265625 0.078125 0.0296875
12 0.4953125 0.578125 0.05 0.028125
5 0.4390625 0.190625 0.053125 0.05
5 0.8265625 0.18671875 0.0703125 0.053125
9 0.3328125 0.30234375 0.0671875 0.0421875
2 0.6234375 0.30234375 0.0546875 0.0515625
6 0.7140625 0.36640625 0.053125 0.0375
6 0.7078125 0.528125 0.05625 0.03125
0 0.3328125 0.36015625 0.0578125 0.034375
0 0.32890625 0.41484375 0.0609375 0.03125
8 0.7109375 0.58046875 0.0703125 0.034375
1 0.61171875 0.18125 0.0609375 0.06875
4 0.1453125 0.303125 0.09375 0.0515625
11 0.228125 0.4640625 0.0859375 0.034375