7 0.8953819078125 0.2492573234375 0.10974594062500001 0.2565387609375 0.098805659375 0.7094010468749999 0.8591078609375 0.671473690625 0.8953819078125 0.2492573234375
10 0.8382905898867069 0.3342707185273527 0.06039367193911005 0.027073420688572547
10 0.7487015078714844 0.3311581314113769 0.054143671939110405 0.02685516587924912
10 0.6578855068829011 0.33901032614656657 0.04945617193911023 0.026691474772256463
10 0.5579491738790956 0.3409399030957413 0.04170733893530461 0.02798115626060227
10 0.4674196743733871 0.34176084783093097 0.044768671939110403 0.026527783665263982
10 0.3698589248676788 0.34282732922660947 0.04164367193911023 0.026418656260602268
10 0.2784526748676788 0.34601930581296453 0.04802100593149898 0.029761911069925696
10 0.17089484285245632 0.3435342012737936 0.05414367193911027 0.02685516587924912
3 0.15084103353746584 0.6250843016366133 0.05589717292769345 0.031597229581580066
3 0.25581503502034064 0.6143972835804459 0.044896005931498985 0.02965278366526398
3 0.36050253502034063 0.6107415155242786 0.04808467292769336 0.031324411069925694
3 0.4587490340317574 0.6119915022774347 0.043333505931499164 0.029598219962933214
3 0.5458497860089239 0.5995882167980722 0.04177100593149916 0.02954365626060227
3 0.6314689510279518 0.6043997131698752 0.044832338935304604 0.028090283665263983
3 0.7267496175298547 0.6018525773276929 0.05739600593149916 0.030089293283910835
3 0.8237201180241461 0.5961258777831799 0.060457338935304604 0.02863592068857255
12 0.8439622697344824 0.271661591122691 0.07978034190105418 0.043353185116542826
12 0.16016027270023198 0.2814979927436059 0.07365767589344294 0.0462599303072194
5 0.14513752019159298 0.688474679041275 0.07209517589344294 0.046205366604888456
5 0.8133291046782734 0.6596799462948342 0.07978034190105418 0.043353185116542646
9 0.254069440190718 0.2743179206037545 0.0612850098858317 0.048948420688572546
9 0.7520931047154544 0.2670683495602115 0.08016234387822045 0.05272818511654283
2 0.2505107696973014 0.6871353791339423 0.06453734387822045 0.05218254809323426
2 0.7282046881763705 0.6618724180718658 0.06753500988583169 0.049166675497895794
6 0.6643384367306768 0.2763739168907394 0.06096667490485981 0.041135920688572546
6 0.36803643969642635 0.27267852033360207 0.05946784190105418 0.0426438569862416
0 0.6378025226630509 0.6595683628070554 0.06090300790866543 0.039573420688572544
0 0.3462052716744678 0.67443199329176 0.054716674904859805 0.040917665879249124
1 0.5533001886706621 0.6656398027329216 0.07241351087441501 0.054017866604888456
11 0.46100518969642634 0.26943198004491614 0.061412343878220456 0.05207342068857255
4 0.444515437682079 0.6741194800449162 0.061412343878220456 0.05207342068857255
8 0.5653106877192601 0.27515121198874876 0.0737850098858317 0.049384930307219396