7 0.8916255 0.1895269484375 0.097057740625 0.2232048796875 0.1574831953125 0.67668930625 0.9099836046875 0.614133784375 0.8916255 0.1895269484375
10 0.8466285185431561 0.27636632106644543 0.06268180718159222 0.03379667984777566
10 0.7552495396203949 0.2754033403438173 0.05328862646343317 0.0302896778706093
10 0.6673586541799713 0.3461561921307032 0.047020445745273774 0.0269100098858317
10 0.37316374746591724 0.3003449209133461 0.040788626463433175 0.029780341901054184
10 0.27902286202549365 0.37135244068500955 0.04545794574527386 0.02684634288963732
10 0.17238249746591722 0.3085261299243253 0.05329771682251274 0.031852177870609386
3 0.1965183924725064 0.5902881244871179 0.05327953610435347 0.02872717787060921
3 0.3004791846269841 0.5766792692401909 0.04390453610435348 0.02834517589344294
3 0.4036223653451433 0.569352247491361 0.04389544574527382 0.026782675893442943
3 0.5683030097625574 0.45641721289094994 0.04075226502711473 0.023530341901054186
3 0.8716138412428425 0.5463777321311408 0.05952044574527378 0.027419345855386724
12 0.8430949732654204 0.2124629885569314 0.07525453005422947 0.04680601581733077
12 0.472746111829102 0.23380206665500217 0.050254530054229286 0.045787343878220456
5 0.19849852810932173 0.6526926239928263 0.06587043969514968 0.04486151384016459
5 0.5829689768796577 0.620624292929006 0.05647725897699054 0.04135451186299797
9 0.6742484827333902 0.5044316071497313 0.06422612646343318 0.030735346843970036
2 0.38748428093799203 0.5239270009514021 0.051762487899751616 0.03647601087441501
6 0.2878069886853185 0.4725329387078432 0.054851126463433084 0.030353344866803765
6 0.2614449974659172 0.304897111141245 0.06117384933607006 0.04310801285158128
0 0.6683075549420971 0.45156127513450883 0.0595477168225127 0.0321068458553869
0 0.6654916271508042 0.3985636091268976 0.0595568071815924 0.033669345855386903
8 0.2477415666495621 0.24375136410699455 0.07845225292686617 0.059433349809719614
1 0.41493204918656057 0.6391872450199031 0.059665891490547726 0.052419345855386726
4 0.8633609797083281 0.48813415061021 0.0970658975406721 0.03675985376405215
11 0.76192626561629 0.33605433886094255 0.09086134933607007 0.04431768577927464