7 0.8418948374999999 0.9732728671875 0.867326053125 0.1650537859375 0.43334525 0.1303457546875 0.37817778281250003 0.8919552953125001 0.8418948374999999 0.9732728671875
10 0.7837489644110057 0.20557395119556388 0.040046679847775477 0.06424659057054057
10 0.6707131121298282 0.2903234786981538 0.031852177870609386 0.05450771753501123
10 0.7647801526245572 0.4982152154635875 0.039346342889637495 0.04705909057054054
10 0.7646342781002584 0.6938915884991168 0.039410009885831696 0.04862159057054072
10 0.6912830083285948 0.7844031184829061 0.036157675893442945 0.045351041356328815
10 0.7587331520930847 0.8963445004097756 0.03985567885919252 0.05955909057054072
3 0.5032629683653385 0.1737245219165095 0.024167011862997967 0.057268844499482
3 0.4887999258562619 0.3749959234880861 0.02365767589344294 0.04476884449948208
3 0.5406714905712788 0.4658606720403441 0.025092841901054187 0.04171661910658777
3 0.6448722178338657 0.5787310072342011 0.029907675893442943 0.045059942927905536
3 0.5784474273019556 0.7681894594677315 0.025220175893442942 0.04484161910658777
3 0.6332702370740566 0.8826736445377541 0.030353344866803765 0.055997442927905185
12 0.8240252296596828 0.9267811712117744 0.05806185079830266 0.08535961124870503
12 0.8484017134224227 0.21328159739045693 0.05643568380210837 0.08372433664159917
5 0.43116915657889 0.463891449542934 0.03341467787060921 0.05458049214211709
9 0.7365702168824637 0.19163557567883518 0.051684516805913995 0.08194351282028159
9 0.6999178620926472 0.6877464423042237 0.04785917984777566 0.06461046360606985
2 0.6531714905712788 0.4711004437519658 0.03966467787060921 0.05487159057054054
2 0.7617082548685538 0.8041206131062226 0.050185683802108375 0.08343323821317554
6 0.4114655157429687 0.7361474392038518 0.03354201186299814 0.057705492142117266
6 0.8323270913695815 0.3964750870513747 0.052355678859192525 0.060141287427387446
0 0.7703987998490882 0.5908393631062226 0.04910334486680377 0.05687073821317572
1 0.48235497178819847 0.552376060791639 0.03379667984777566 0.06395549214211727
11 0.456801803840602 0.1613850337033338 0.038449687756440906 0.1016010413563289
8 0.839412738099821 0.49151575930111574 0.07155134783255335 0.07195208271265763