7 0.11887305 0.55660716875 0.878542571875 0.60700283125 0.9299727343749999 0.142827109375 0.12395215 0.12262620625000001 0.11887305 0.55660716875
10 0.17104665389834955 0.20477373119538153 0.06073909255827141 0.04079013605166184
10 0.26083089491267486 0.31743050705962894 0.055724210344286276 0.031278743731793845
10 0.46199903611233467 0.2226050550272002 0.04662202885594056 0.03881845909205772
10 0.6555307813030112 0.22199260424841266 0.04818452885594056 0.03886392319868044
10 0.7540526160567343 0.2943198968057076 0.04796627404661713 0.032613923198680436
10 0.8601637176006804 0.22638590221598393 0.05755952885594055 0.039136707838416565
3 0.15670393402023444 0.48688153754272995 0.06013889183263199 0.023602636051661817
3 0.35853925253188873 0.5005589072970558 0.047638891832631994 0.02323892319868044
3 0.4441295229503088 0.448417397267926 0.039826391832631994 0.02301160266556703
3 0.5519742500848179 0.3407305808914477 0.04473214664195542 0.029397994985435095
3 0.7447817981780522 0.4087772018994148 0.04618551923729371 0.02631845909205772
3 0.8559350637871489 0.3511358496295592 0.05566964664195524 0.029716243731793844
12 0.8859970421027844 0.16157925613519214 0.08633929328391084 0.0587050617576248
12 0.17271579210278445 0.14082489146193822 0.07998016587924908 0.055398205331134064
5 0.4502381684111378 0.55629809342786 0.06046627404661713 0.03297763605166182
9 0.16101937867060606 0.2528702503957114 0.07987103847458736 0.05227320533113407
9 0.6585764249497418 0.286859086301724 0.06548115626060227 0.04248902837152997
2 0.4448338726801563 0.334491289587794 0.060684528855940556 0.03922763605166191
2 0.7671949676006804 0.22368078787193438 0.0829960384745874 0.05236413354437941
6 0.7240576143274537 0.5751918120868292 0.06380952885594056 0.03931856426490725
6 0.35814486061443873 0.15402488809672593 0.06435516587924912 0.05494356426490725
0 0.556956872047184 0.21522211553118376 0.06257441106992552 0.04864810015828454
8 0.45237601025161905 0.14818171654739815 0.07271330290255769 0.07079588479802065
1 0.5350744706807233 0.5049151013454188 0.06359127404661713 0.03306856426490725
11 0.14818459509016013 0.5334610208496826 0.10265377404661713 0.03420516693047428