7 0.131063059375 0.786181196875 0.93101449375 0.8033415421875001 0.8923714921875 0.343186390625 0.1306279421875 0.35933921562500004 0.131063059375 0.786181196875
10 0.860282834923359 0.7146724530719444 0.054216274046616775 0.03155907220870695
10 0.7546479046161397 0.6433974167711991 0.047857146641955416 0.028397710772388507
10 0.6584747982628703 0.7088138593932151 0.04796627404661713 0.03152271077238851
10 0.4698388841977197 0.6997529976623089 0.04473214664195542 0.028379530054229284
10 0.2717609935462141 0.5993222473677214 0.05399801923729371 0.02530907220870695
10 0.18163947975121597 0.7037739189124984 0.06364583774894798 0.033176114363184794
3 0.16818458184331622 0.43035914481019744 0.05706845553496285 0.02376475292686635
3 0.36891126814098535 0.42762853366846654 0.04607639183263199 0.022138620413308985
3 0.4544693114248962 0.48339219945770706 0.04138889183263199 0.022111349336070063
3 0.5590154568857252 0.5906183712970716 0.044623019237293705 0.025254530054229285
3 0.7516369773041452 0.5347991215916592 0.044568455534962935 0.023692030054229284
3 0.8576439298438832 0.5943508627128647 0.050873019237293704 0.02529089149054773
12 0.8875745104212551 0.7801520073266704 0.07998016587924894 0.05357951795398073
12 0.18309534154678106 0.7678409640920382 0.0843948473675948 0.04579428903121965
5 0.46312257041057087 0.37316322658507006 0.05599702885594056 0.03781816256778665
9 0.16903778683012488 0.6561813014260557 0.08590278366526394 0.044240879390299345
9 0.6593899683184705 0.6455144286750558 0.05755952885594055 0.03782725292686635
2 0.45513648873689067 0.5920041301758662 0.06057540145127884 0.034720433645025396
2 0.7616543619652012 0.7097763956939602 0.09226191106992551 0.04740224082661797
6 0.7363418156012475 0.365322413746137 0.05599702885594056 0.03781816256778665
6 0.36407252303512677 0.7589739824388027 0.060848219962933034 0.042532933645025396
0 0.5592560482628702 0.7093910971947708 0.057614092558271324 0.039389752926866174
8 0.45429821895144273 0.7693887867917246 0.07082342068857254 0.059774975799503235
1 0.5463095818433162 0.42815927791292996 0.06079365626060227 0.040970433645025395
11 0.16018854336872881 0.38039550624651597 0.10152778366526398 0.044331782981095455