7 0.8848782046875 0.49348032656249996 0.1271866171875 0.42539925156249997 0.0432001125 0.887996640625 0.8494480453125 0.9269891390625 0.8848782046875 0.49348032656249996
10 0.8080008844066018 0.8438096279944173 0.060739092558271326 0.04217421189493038
10 0.7259101254209271 0.7291495844622808 0.05572421034428636 0.03255355042954129
10 0.517703266620587 0.8192036171402834 0.04662202885594056 0.03987472749876275
10 0.3237350118112635 0.8152996099041943 0.04818452885594056 0.03995661465389242
10 0.23006934656498662 0.7407322998637145 0.04796627404661713 0.033706614653892505
10 0.11899294810893268 0.8061348925821967 0.057559528855940546 0.040447937584671134
3 0.8420956645284867 0.5622663788989284 0.06013889183263217 0.02498671189493056
3 0.6408059830401409 0.5438904358871903 0.04763889183263181 0.024331614653892684
3 0.551396253458561 0.5939922551999244 0.039826391832631994 0.023922178878243727
3 0.4358034805930703 0.6990748236081471 0.04473214664195542 0.030417840343633172
3 0.24736102868630452 0.6265845906823173 0.04618551923729371 0.02737472749876275
3 0.13195179429540113 0.6815852719354103 0.055669646641955416 0.03099105042954129
12 0.08857627261103672 0.8702859237898611 0.08633929328391081 0.06067190637700648
12 0.8018575226110368 0.9076674101065929 0.07998016587924903 0.057219357756487454
5 0.5528173989193901 0.48605692446722965 0.06046627404661713 0.034361711894930556
9 0.8214111091788585 0.7959862816578904 0.07992560217691827 0.055656857756487634
9 0.32521815545799404 0.7504149163266293 0.06548115626060227 0.04398237336031983
2 0.5427256031884086 0.707809093734535 0.060684528855940556 0.040611711894930555
2 0.21196169810893267 0.811007178312417 0.08299603847458739 0.05425813206674697
6 0.2797618448357061 0.4607891723195231 0.06380952885594056 0.04077548620519007
6 0.616974091122691 0.8901512822237173 0.06435516587924912 0.056400486205190246
0 0.42203610255543633 0.8243647506773686 0.0625744110699257 0.050068599050060315
8 0.5221427407598713 0.8937908593383673 0.07271330290255769 0.07243492198083885
1 0.46421620118897555 0.5354184373575285 0.06359127404661713 0.03452548620519007
11 0.8538888255984125 0.5159236454072718 0.10265377404661713 0.03657266508343397