7 0.8950091312499999 0.25869881875 0.10048683437499999 0.22965008125000003 0.06727400156249999 0.6543782953124999 0.8186605921875 0.71255075 0.8950091312499999 0.25869881875
10 0.14251514278208646 0.31623017912609297 0.06340928213245363 0.03343254809323426
10 0.23405778510195452 0.3147346557124481 0.053943353919208195 0.02998016587924912
10 0.3196028285171792 0.384977723042976 0.04760242570596294 0.026636911069925696
10 0.6158162504622184 0.3374504809323423 0.04144335391920819 0.02954365626060227
10 0.707611293877443 0.40791180307219366 0.046039925705962756 0.026582347367594794
10 0.8165975004622185 0.3444619166818573 0.05398881802583091 0.03154266587924912
3 0.7825872471635131 0.6263741155933982 0.053897889812585476 0.02841766587924912
3 0.6789537818032493 0.6133706293883963 0.044522889812585474 0.028090283665263983
3 0.5759197100164946 0.6066444250345598 0.044477425705962935 0.026527783665263982
3 0.41494876926683694 0.4946652362898199 0.04126149749271764 0.02329365626060209
3 0.10806462028305128 0.5863963461864685 0.06010242570596289 0.02707342068857237
12 0.14828542115361637 0.2523040883819202 0.07627299498543509 0.046369057711881115
12 0.5184160647271256 0.27148568583433297 0.05127299498543501 0.04549603847458741
5 0.7784249328986059 0.688792270039902 0.0668525308788123 0.04447917549789597
5 0.39452730601814406 0.6589633492665113 0.057386602665567034 0.04102679328391083
9 0.3071757216949771 0.5432986545313218 0.06488085391920828 0.030362111795565028
2 0.5936671511618636 0.5611235939090338 0.05256271034569906 0.036175602176918176
6 0.6952811269469688 0.5091469208582085 0.05550585391920819 0.030034729581580065
6 0.7275350004622184 0.34135178564899854 0.06211956677218975 0.0427529843909034
0 0.31497150132014823 0.49039190934064514 0.060238818025830906 0.031760920688572544
0 0.3196422809453194 0.4373760367453069 0.060284282132453626 0.033323420688572546
8 0.7433933326738144 0.28012410896997625 0.07976170783841638 0.058978185116542826
1 0.5621550752184739 0.6765476972670783 0.06082985141192587 0.05207342068857255
4 0.11836327428140184 0.5281026965492882 0.0978297462390763 0.036195449544513106
11 0.22525343494366995 0.37542661905195923 0.09180706677218967 0.04378969473518968