7 0.9122432187499999 0.4938641421875 0.15019649531249998 0.4490200125 0.12621074999999998 0.8906551 0.880327959375 0.9055939109375 0.9122432187499999 0.4938641421875
10 0.8593501905789125 0.5715254136866325 0.05950226502711473 0.023948420688572548
10 0.7703285971947708 0.5613840326537736 0.053261355386194253 0.02529266587924912
10 0.6770189587292851 0.6167312423650877 0.048582945745273776 0.02669147477225664
10 0.4000297327333902 0.5461086852013608 0.04545794574527382 0.02658234736759475
10 0.2965502087292851 0.6034449808475243 0.04390453610435348 0.028090283665263983
10 0.20708370863108921 0.5354638179635002 0.05014544574527387 0.026746038474587407
3 0.8523088084581385 0.8416469407284743 0.056468168617910666 0.03946429328391084
3 0.5685928594914109 0.7184350969042587 0.042369307181592396 0.03272321996293322
3 0.386720169894457 0.8191369574338794 0.039298849336070064 0.041989092558271324
3 0.2804792602535367 0.8138641256753811 0.04240566861791084 0.038973219962932945
3 0.1765321036376784 0.8172668894703792 0.05647725897699045 0.04102679328391083
12 0.5042314194034777 0.4989559214063627 0.05016362646343318 0.029871038474587407
12 0.8643603983262389 0.516220354793625 0.07516362646343318 0.03074405771188111
5 0.5582179199926529 0.8899827146902736 0.05656816256778665 0.05665179328391083
5 0.17069519409495387 0.8803571665122213 0.06594316256778665 0.056979175497895794
9 0.6666803806668457 0.7820288601511025 0.06589771077238851 0.04916667549789615
2 0.3768366306668456 0.7719072933687288 0.05188975292686626 0.058050602176918174
6 0.28656160949141085 0.7085863486335391 0.05337953005422928 0.04560516587924894
6 0.29378427791292994 0.5416171034428625 0.0532977168225127 0.03154266587924894
0 0.6677888835937118 0.7258061420022679 0.06117384933607006 0.04275298439090349
0 0.6704644317001179 0.6688567375557642 0.061155668617910844 0.039627984390903495
8 0.29329846458301756 0.49080857159169716 0.06738748789975162 0.03672123920022674
1 0.38627928747909557 0.8949182074338793 0.06292724687674198 0.07562004809323426
4 0.8533991306668455 0.7885492225796398 0.09407725292686635 0.05952382213985139
11 0.7715320280111259 0.6231573463561044 0.08617384933607006 0.0436260036281972