7 0.0914351859375 0.6944864046875 0.8726851859375 0.6720708390625 0.827546296875 0.22455375156250001 0.074652778125 0.2756061875 0.0914351859375 0.6944864046875
10 0.8 0.5876297933155549 0.053125 0.026236498100139016
10 0.69765625 0.5259493705378814 0.04375 0.024455792553055744
10 0.60546875 0.5921575584175341 0.04375 0.024455792553055744
10 0.315625 0.5457787465815275 0.046875 0.022966027735416717
10 0.228125 0.6110965816876387 0.053125 0.024673998100139018
10 0.1375 0.608518401976111 0.059375 0.026381968464861138
3 0.1125 0.3419127834349999 0.059375 0.029506968464861137
3 0.41328125 0.43881827213274266 0.04375 0.024455792553055744
3 0.58046875 0.3263331898764231 0.04375 0.032268292553055564
3 0.68359375 0.3208079288585064 0.04375 0.032268292553055564
3 0.78671875 0.3082514178405896 0.0546875 0.0325228656913195
12 0.50703125 0.6538237166619092 0.053125 0.04186149810013902
12 0.1390625 0.6694195343849304 0.078125 0.04088087955902786
5 0.78515625 0.2442252854317702 0.0625 0.04676720364722229
5 0.4 0.27037739665777744 0.0546875 0.045022865691319504
9 0.30859375 0.38656740074184004 0.06875 0.03597517401194441
2 0.59453125 0.3705371315557981 0.053125 0.04342399810013893
6 0.69375 0.4276027895158327 0.053125 0.030923998100139016
6 0.71484375 0.5880493270348952 0.0578125 0.03259560087368065
0 0.31484375 0.4426719303771177 0.059375 0.029506968464861318
0 0.315625 0.4949974965815275 0.059375 0.03263196846486114
8 0.72421875 0.6464248714878119 0.075 0.04705814437666671
1 0.56953125 0.253150263014687 0.059375 0.059194468464861136
4 0.11875 0.39879856307027767 0.096875 0.04287979065319449
11 0.2203125 0.5503409196435415 0.0859375 0.03637521751493065