7 0.94112799375 0.38113863124999997 0.1960626125 0.3209878640625 0.095046778125 0.7729681140625 0.8871576875 0.805298703125 0.94112799375 0.38113863124999997
10 0.8497792269778536 0.7193110987825856 0.0626908975406721 0.03353975334181776
10 0.7583593414392341 0.7205912407701771 0.0533068071815924 0.03186816534054522
10 0.6677934287732517 0.7093804734245412 0.0517352168225127 0.030287484006999675
10 0.5670394498504905 0.7035202774108601 0.040797716822512695 0.030160214672181596
10 0.4772138805686497 0.699349850731997 0.0439227168225127 0.0301965773392725
10 0.3780178564663488 0.6942890860518613 0.040788626463433085 0.028597714672181595
10 0.28663887754358763 0.6885379780394528 0.0470568071815924 0.031795440006363404
10 0.17804512754358764 0.6872743753580444 0.05328862646343313 0.02874316534054504
3 0.22889559699837897 0.4073783373647258 0.0532977168225127 0.030305665340545174
3 0.32882741930528187 0.4202606927116343 0.04391362646343318 0.0286340773392725
3 0.43192060304850327 0.4269294107256337 0.040770445745273776 0.025472714672181596
3 0.5280098078689635 0.4288288127386785 0.040770445745273956 0.025472714672181596
3 0.6146512898167866 0.44311912675045073 0.05014544574527378 0.025581802673454133
3 0.6998211753554061 0.4417662594286774 0.047020445745273774 0.025545440006363405
3 0.794329699457707 0.44677248010817683 0.05327044574527395 0.02561816534054522
3 0.8935075428418487 0.45495824478831254 0.05951135538619425 0.02412839067472703
12 0.8415985674351291 0.7825014421148584 0.07838862041330899 0.046221566677272105
12 0.1534582180008631 0.75027381468809 0.07528180113146812 0.04931020401018138
5 0.23708534690018315 0.342625494032453 0.06273634933607006 0.04135225334181776
5 0.8970007023845733 0.3917133574554034 0.07833407825883114 0.036846566677272284
9 0.24793038066684564 0.7615300353675893 0.06281816256778665 0.05541475334181776
9 0.7486070915374301 0.7853259027689045 0.07218407220870696 0.053961341343090476
2 0.8095188831027326 0.3875702027768585 0.07525453005422911 0.04462270401018138
2 0.3417364854638647 0.3500936433799978 0.06278180113146821 0.04916475334181776
6 0.6596036788714474 0.774133316756814 0.05963862041330899 0.04600339067472703
6 0.35806390476914657 0.7667180693825432 0.0596386204133089 0.04600339067472685
0 0.4322842174116879 0.3644294107256337 0.05020907825883114 0.036519302673454226
0 0.7188802475641131 0.3888594354312228 0.06269998789975162 0.035102253341817755
1 0.6353364945390509 0.37929298408654144 0.07839771077238851 0.04778406667727229
4 0.5283597866935287 0.36867256273867854 0.05962953005422929 0.044440890674726855
11 0.454121293332828 0.774086221395588 0.06597043364502539 0.06013861600890884
8 0.5588315192305271 0.7713981207431329 0.07221134328594588 0.05864884134309047