7 0.1445359203125 0.807534384375 0.9018198703125 0.8926557624999999 0.931533721875 0.45188241093750003 0.15396538125 0.39490542031250003 0.1445359203125 0.807534384375
10 0.8627686416416168 0.5312277408392875 0.05632559471009344 0.03099105042954129
10 0.7631473442159831 0.585979438600724 0.04199007892507769 0.02556656603337366
10 0.6664018758566014 0.5162634028705037 0.04346157366340577 0.02408595318850324
10 0.48510637322576544 0.5059832428754524 0.04189907366340595 0.024004066033373662
10 0.2887311731410608 0.5844822998637145 0.053200594710093266 0.030827276119281776
10 0.20321933639406248 0.4803060549520971 0.06230257892507771 0.026631099050060315
3 0.1797642387707846 0.7462276260738533 0.06137711575678066 0.03748671189493056
3 0.3802647677099798 0.7653029319304615 0.050439615756780576 0.03691350180902227
3 0.4654518388131369 0.7168045561952925 0.04557010523343692 0.033542840343633175
3 0.5709822310194512 0.6164094877870697 0.04989358418674961 0.027538501809022266
3 0.7631312046405048 0.6926831399802049 0.05329159997176518 0.032389776119281774
3 0.8655057757436619 0.6450855229514632 0.05476309471009344 0.03090916327441153
12 0.8883987022214302 0.4764926532091879 0.07525760523343691 0.035098696291098366
12 0.20384939697387594 0.4242607728399214 0.07672909997176516 0.033618083446227943
5 0.4722772334385256 0.8339920561952926 0.06246917889684287 0.05623671189493038
9 0.1903699968750539 0.5271434334007996 0.08307010523343701 0.03550813206674715
9 0.6691243284309676 0.5763787092929388 0.06155912628012441 0.040611711894930555
2 0.4686384810194511 0.611045879126071 0.05540013154179633 0.04184666327441171
2 0.7737061416416169 0.5265601729968916 0.07507559471009326 0.031973696291098364
6 0.3827479416980866 0.4468771585247132 0.05788809471009326 0.031072937584671046
6 0.7483692965785878 0.8671541954981288 0.056310184158514784 0.05747166327441171
0 0.5709073653332577 0.5081432864075888 0.05797909997176518 0.032635437584671044
8 0.4701569364364149 0.44990033921197925 0.07075211575678075 0.03797803482570909
1 0.5591633124341906 0.7879193176152531 0.06457771046687384 0.06569359905006031
11 0.1735289202984634 0.7996425531430748 0.10189569994353027 0.06453389077317429