7 0.7339166374999999 0.92197826875 0.764191346875 0.13999786875 0.30711255312499997 0.074762784375 0.3114080390625 0.84057443125 0.7339166374999999 0.92197826875
10 0.6513939629609931 0.8561673685022353 0.027073420688572547 0.05981137662320535
10 0.6584673637792997 0.7680633965054126 0.02685516587924912 0.05356137662320535
10 0.597108223127794 0.6654917755642499 0.025074411069925695 0.047284103084255236
10 0.6655208841129017 0.38873045251176697 0.028090283665263983 0.04421365016215582
10 0.6039162068009072 0.27912758157060436 0.026636911069925696 0.047311376623205434
10 0.6741890120657177 0.18978443790127036 0.030034729581580065 0.05517842370110611
3 0.3904117235911302 0.13486156412073397 0.030034729581579978 0.05517842370110611
3 0.3965476509031246 0.24349622442915947 0.029761911069925696 0.04736592370110611
3 0.395515918959292 0.3481019038123085 0.028199411069925694 0.04733865016215581
3 0.49681306804831815 0.5435019529188041 0.02485615626060227 0.04103410308425506
3 0.38141627965854874 0.8163200698027768 0.02998016587924912 0.053615923701105926
12 0.7135219407284744 0.8689634232907737 0.04022818511654265 0.07877956493480802
12 0.7210938162342195 0.5044742292971283 0.04258929328391083 0.05695911201270896
5 0.32713548510869356 0.5139939107121674 0.04555060217691827 0.05232615909060954
5 0.32507690027015246 0.11966721225429486 0.04486112141421197 0.0772988855516592
9 0.4390948264858386 0.6346257848997408 0.03343254809323426 0.06304547077900687
2 0.44222722785229945 0.34423260998081867 0.04102679328391083 0.05693183847375849
6 0.5033432879264332 0.2609758250777826 0.031597229581580066 0.055205697240056396
6 0.668678111247411 0.2779156834370434 0.039627984390903495 0.0615920649348082
0 0.49472726759283125 0.6402814955324778 0.03019842068857237 0.059865923701106105
0 0.5465898679556509 0.649775272317839 0.030198420688572546 0.059865923701106286
8 0.7296701749497417 0.2805418514561067 0.055853185116542824 0.07905230032431163
1 0.32191472785229946 0.34213254748164246 0.056979175497895974 0.06657957386326192
4 0.44020100261670675 0.8228115775134146 0.04061013103285873 0.08971706493480802
11 0.5980655771188108 0.7599821152558244 0.037321439925866076 0.08497501785690745