7 0.9199236734375 0.2559711515625 0.13429950156249998 0.2658107140625 0.1573925609375 0.718747071875 0.91618758125 0.6764163984375 0.9199236734375 0.2559711515625
10 0.20217524262280726 0.35251621045667303 0.05258117193911025 0.02710101087441492
10 0.3110236606075848 0.35434135422116275 0.046394838935304605 0.02840884288963732
10 0.40089924410568206 0.3514617519399853 0.04476867193911036 0.026782675893442943
10 0.5002134945999736 0.34976264768164145 0.04802100593149916 0.030035009885831698
10 0.5901527450942652 0.3484455454004639 0.04476867193911023 0.026782675893442943
10 0.6894351620904595 0.3459651911421201 0.054143671939110224 0.027164677870609298
10 0.7806504111018764 0.33755317186474815 0.054143671939110224 0.027164677870609298
10 0.869218162584751 0.34098723657976504 0.06351867193911005 0.027546679847775656
3 0.8767573844473115 0.6028333205721539 0.06208350593149916 0.030608012851581278
3 0.7791966349416033 0.6091562578343034 0.05433467292769354 0.03185217787060921
3 0.6822261344473117 0.6107598615983555 0.04802100593149916 0.030035009885831698
3 0.5975327994663397 0.6063853793928528 0.04183467292769336 0.031342841901054186
3 0.5104148014435061 0.6193257311797387 0.04489600593149916 0.029907675893442943
3 0.413348800454923 0.6185855849437909 0.04652217292769341 0.031533842889637495
3 0.30788005045492295 0.6228831071869123 0.04964717292769336 0.03166117688202626
3 0.2026978019377977 0.6342118794300338 0.05439833992388783 0.03341467787060939
12 0.8721720662350727 0.2790456520930847 0.07652800790866543 0.04055601581733077
12 0.18797347977122597 0.29205621292813094 0.07522017589344294 0.04674234882113639
5 0.8723046477931845 0.6664010720550285 0.07359400889724839 0.045116181824942106
5 0.20058881528367056 0.697684130418617 0.07053267589344295 0.046551347832553346
9 0.27993814528454564 0.2828311101526618 0.05672484387822054 0.052228344866803764
9 0.7788213142579063 0.27345883836665097 0.0706600098858317 0.04967634783255317
2 0.31002748227986493 0.6947899406850095 0.06453734387822055 0.052546679847775654
2 0.7831784807969902 0.6684675908381089 0.06766234387822045 0.052674013840164416
6 0.6899816487445867 0.2825566071497313 0.06402800790866543 0.04004667984777566
6 0.3941598127750316 0.28208966943047126 0.05777800790866543 0.03979201186299815
0 0.6939249798084071 0.6674091096211893 0.05790534190105419 0.04291701186299797
0 0.40424039729889294 0.6831255874152488 0.05647017589344294 0.045978344866803765
8 0.5914486482502952 0.28422387790997794 0.0737850098858317 0.04980368182494201
1 0.6088642303026987 0.6732227109137836 0.0709146778706092 0.05592634783255317
4 0.5012427312912818 0.6823032336511966 0.06153967787060921 0.05554434585538672
11 0.4870967292769343 0.277520233156905 0.061412343878220456 0.0524193458553869