7 0.476240646875 0.8719974671875 0.5027498296874999 0.10627397187500001 0.030026298437499998 0.0860478984375 0.0367257546875 0.8955284609374999 0.4759151265625 0.87200504375 0.476240646875 0.8719974671875
10 0.11355873165759993 0.14881674686586796 0.045386707838416515 0.057268292553055565
10 0.18548990446056896 0.2525398524892012 0.040517351411925785 0.05090918977951393
10 0.11380746958340601 0.35492127650114574 0.04355142319868044 0.04785692496187508
10 0.12142843830888221 0.549143401976111 0.040335494985435094 0.04465918977951393
10 0.22643287239462237 0.7504675530022915 0.03601170783841656 0.05705008700597212
10 0.11596072215719548 0.8443831667937498 0.04244356426490725 0.06344555737069442
3 0.4041965080505728 0.839235846220937 0.023602636051661862 0.05988414627652787
3 0.4116693419115213 0.6360744786297566 0.02480142319868044 0.04742051386770836
3 0.35550792161583483 0.5538445132990274 0.02618206677218975 0.041206881458888844
3 0.23980401675955446 0.4519209502287498 0.03573892319868044 0.0476750870059723
3 0.30263194035394625 0.2513747831506595 0.031142351411925784 0.05069098423243057
3 0.23943090987084528 0.14276415577583312 0.03601170783841656 0.05705008700597225
12 0.04622647915031747 0.12852373708222217 0.06481866943775674 0.08114220364722229
12 0.04959993626381817 0.8443662894189234 0.05861413354437942 0.08255923328250034
5 0.4643971883088822 0.5411607157119788 0.02985263605166182 0.06002961664124999
9 0.18117682600989676 0.34710747008038173 0.052000420691397944 0.06991376291777787
9 0.1633441875174594 0.8526489552627428 0.05865959765100208 0.08412173328250035
2 0.2365987972426554 0.5620772002287497 0.04373327962517113 0.05410692496187508
2 0.11312917115361638 0.24407469547909716 0.06173913354437941 0.08263196846486114
6 0.4746971569678514 0.2676686643252079 0.03279577962517113 0.053852351823611144
6 0.058135164951917215 0.6583560542365625 0.0612844924781526 0.06700696846486132
0 0.11080683854630906 0.45804627650114577 0.057932171945039204 0.05912173328249999
8 0.04595106518934407 0.5672952963527778 0.07860838479802065 0.07209451196784719
1 0.411383500066507 0.45807676519888857 0.03614810015828458 0.061737587005972115
11 0.4516709016240821 0.8443766346899302 0.035722202823851565 0.10076371941479172