7 0.384765625 0.1047453703125 0.3935546875 0.8634259265625 0.8557942703125001 0.853009259375 0.8125 0.0613425921875 0.384765625 0.1047453703125
10 0.7328125 0.11796875 0.03359375 0.06328125
10 0.74140625 0.20703125 0.03359375 0.05390625
10 0.678125 0.3046875 0.028125 0.0484375
10 0.753125 0.59296875 0.03359375 0.04296875
10 0.690625 0.6984375 0.03125 0.04921875
10 0.76640625 0.79375 0.03515625 0.05234375
3 0.45703125 0.134375 0.021875 0.05703125
3 0.57265625 0.41875 0.0234375 0.04140625
3 0.47734375 0.60234375 0.02265625 0.04375
3 0.48125 0.70546875 0.0234375 0.04375
3 0.47734375 0.8125 0.0234375 0.0515625
12 0.8109375 0.48203125 0.046875 0.05390625
12 0.79609375 0.11015625 0.0453125 0.08046875
5 0.409375 0.43046875 0.03515625 0.0546875
5 0.415625 0.81796875 0.03203125 0.06953125
9 0.515625 0.321875 0.02734375 0.0640625
2 0.525 0.61015625 0.0328125 0.05703125
6 0.5859375 0.703125 0.028125 0.05078125
6 0.7609375 0.703125 0.046875 0.05859375
0 0.56953125 0.3203125 0.02890625 0.0625
0 0.62421875 0.31484375 0.03125 0.06328125
8 0.82578125 0.7078125 0.06640625 0.071875
1 0.40859375 0.6 0.04140625 0.0609375
4 0.515625 0.13203125 0.03203125 0.09765625
11 0.68046875 0.2078125 0.046875 0.08984375