7 0.8093789375 0.8757381296875 0.7978431875 0.08173146875000001 0.3406460609375 0.11346503125 0.3838216296875 0.8723604171874999 0.8093789375 0.8757381296875
10 0.7242918719975628 0.8251559720876344 0.03096320967712849 0.06224744292790554
10 0.7279562193925289 0.7357295990521052 0.032161836641598995 0.05450771753501123
10 0.7190114048768363 0.6445416728734228 0.03208906203449331 0.052945217535011226
10 0.7158435554149556 0.5429063982663169 0.031725188998963996 0.045132717535011226
10 0.71389360359571 0.4506097363556581 0.03157963978475244 0.04200771753501122
10 0.712397416044488 0.35124543714144635 0.030162688998963995 0.04505994292790536
10 0.7089213515287953 0.25980279983789345 0.03343323821317572 0.048330492142117085
10 0.7108583790313853 0.1501003141059171 0.03208906203449331 0.052945217535011316
3 0.4584485481762452 0.8328401552956303 0.0244948858558109 0.05726884449948209
3 0.4538637479285762 0.7344026552956302 0.025766287427387447 0.05109161910658777
3 0.4509869968951189 0.6390173806885244 0.02718323821317572 0.04803939371369381
3 0.45323439350429673 0.552788782260101 0.03030823821317572 0.04818494292790536
3 0.44131012820281584 0.46487140529563026 0.02696491439185813 0.043351893713693815
3 0.44223046525869975 0.36696044417075974 0.027110463606069855 0.04647689371369372
3 0.4382085911897131 0.2637990568672068 0.027037688998963992 0.044914393713693726
3 0.42622866790651487 0.15787654259918313 0.027328787427387268 0.051164393713693725
12 0.7878278331224333 0.8276773504998471 0.047388730355292806 0.08016268899896417
12 0.7743750694780914 0.13539780521457695 0.051930681141081084 0.07725601282028158
5 0.3613485306029619 0.16011543879407625 0.04695208271265772 0.070787688998964
5 0.3962203759265042 0.8247772522763116 0.04099318114108117 0.07674659057054072
9 0.7928727439996348 0.7342719528572121 0.05334763192686953 0.07420378742738745
9 0.7834654332079958 0.22971073139325937 0.05745293507002262 0.06192211124870504
2 0.3945251352321291 0.7379493403656527 0.045171258891340216 0.06602741439185814
2 0.3655159538861602 0.2664018260976292 0.04964043507002262 0.06155823821317572
6 0.784000704091048 0.6446465266785297 0.04651543507002245 0.061412688998963995
6 0.7856893668302762 0.3447000306074711 0.04629711124870504 0.05672518899896399
0 0.39584573262709527 0.6486321292407823 0.0401198858558109 0.05799659057054072
0 0.3792210430089587 0.358933928454994 0.03684933664159917 0.05472604135632882
8 0.7839578546291672 0.5428657028572121 0.05959763192686936 0.0744948858558109
1 0.39035340384337897 0.5643299038478882 0.05014985731976358 0.07249573821317572
4 0.38060806864952185 0.4559544776692057 0.04651543507002263 0.061412688998963995
11 0.7900922305601806 0.43923128060747113 0.06235875889134022 0.06682793507002245