7 0.7337494015625 0.8559377749999999 0.7567448640625 0.063869746875 0.3313942609375 0.091595878125 0.2775147890625 0.8531615984375 0.7337494015625 0.8559377749999999
10 0.6704276074178034 0.11924352365163408 0.03452548620519007 0.06377333992388783
10 0.6727094024202778 0.20958202216875935 0.032635437584671224 0.05745967292769345
10 0.6022530602676224 0.30444353600892377 0.02762038896415202 0.05101867193911023
10 0.6519886301461831 0.5900826056668566 0.03049972749876275 0.046458505931498986
10 0.5826853522178791 0.6926929525108265 0.02737472749876275 0.046331171939110224
10 0.6476342435568803 0.792171687682079 0.032307888964152195 0.051209672927693364
3 0.36321829997931543 0.8045403309894581 0.03090916327441153 0.05427100593149916
3 0.37655818295057364 0.6987532460084862 0.03058161465389251 0.04802100593149898
3 0.3827849287667021 0.594815162510389 0.027292840343632996 0.04476867193911023
3 0.4927784837187993 0.41492739125585076 0.027129066033373662 0.04164367193911023
3 0.3996204624607575 0.12482099749136102 0.0295923247398008 0.05889483893530465
12 0.734612938150498 0.11428942680766405 0.04636374491161739 0.08140650889724857
12 0.7175084888071819 0.48528767631337244 0.04637038896415202 0.051782675893442945
5 0.32723537087392895 0.4201135928524563 0.041928550429541286 0.056279174904859806
5 0.2998551628241856 0.8086813443353311 0.0442280348257091 0.07040534190105419
9 0.44423584237979796 0.31478015262455733 0.033126760515449584 0.06683467292769345
2 0.4282235815256641 0.6054369861226545 0.04357293758467122 0.05790534190105419
6 0.4818631586403141 0.6975807237653647 0.03255355042954129 0.05589717292769336
6 0.648436504976841 0.702487105172565 0.04373671189493056 0.061030341901054184
0 0.4971970680695385 0.31574047475394795 0.031236711894930734 0.060521005931498985
0 0.5512261488022331 0.3112002133852415 0.0311548247398008 0.05895850593149898
8 0.7104042384684977 0.7100966753247893 0.06050813206674714 0.08354201186299796
1 0.31127842096478603 0.5907125943353311 0.05335737336031983 0.06609984387822046
4 0.45800949457293305 0.12633973513407132 0.03788950361804453 0.09821200692008222
11 0.611236313885667 0.2074093685184378 0.04521068068726599 0.08915534190105419