7 0.6407429437500001 0.885914253125 0.6860462203125001 0.1098677109375 0.23648069062500002 0.07118392812499999 0.22366889375 0.835297665625 0.6407429437500001 0.885914253125
10 0.596430614166793 0.16446037469266833 0.023728391490547906 0.05109161910658786
10 0.527422059813871 0.25754259470887897 0.025254530054229285 0.044914393713693726
10 0.5842947494108248 0.36195395885306814 0.025254530054229285 0.044914393713693726
10 0.5705054810640605 0.5438953176205737 0.022111349336070063 0.04164384449948209
10 0.4691798512809777 0.7236620543860074 0.02218407220870695 0.054143844499482084
10 0.5604229956983916 0.8256911271738676 0.023801114363184793 0.06359161910658777
3 0.2930445981577197 0.8053230849889694 0.033148843285945875 0.05934076674922295
3 0.29892591773414806 0.607339349256993 0.033085210772388504 0.04840326674922295
3 0.360217420857406 0.5310272522763115 0.02836134933607006 0.04193494292790536
3 0.47300779146710664 0.4413760932611369 0.022111349336070063 0.04164384449948209
3 0.42340672550491554 0.24363210608141853 0.025272710772388508 0.04803939371369372
3 0.48380789431921817 0.14860639640429008 0.02218407220870695 0.054143844499481994
12 0.6183036733914887 0.8347172167109509 0.03170451795398073 0.07958049214211718
12 0.6565277768327755 0.15150230231909284 0.03791815651766228 0.07362159057054059
5 0.24442879439397291 0.508287573202145 0.05029998184962743 0.05389128742738745
9 0.5151241312370111 0.8301453407799375 0.030178379390299347 0.08575771753501123
9 0.5240657765381879 0.35225578122664364 0.03156816256778665 0.056142992142117175
2 0.465023095525441 0.5464638536002191 0.03154089149054773 0.05145549214211727
2 0.5891362646343312 0.25388674772819764 0.0317045179539809 0.07958049214211708
6 0.24828400565734077 0.23068911207727455 0.050363614363184706 0.06482878742738744
6 0.6180349869177929 0.654212079407398 0.028470433645025394 0.060684942927905536
0 0.5801617613146816 0.45748478267438575 0.02999657220870695 0.05450771753501123
8 0.628472517168414 0.567765157157657 0.04103406615858276 0.07220463978475244
1 0.30101916197861145 0.4298500500427812 0.055032933645025484 0.06192211124870499
11 0.23914289333725947 0.8086150589341214 0.05992042154477702 0.09651543507002244