7 0.8981735765625001 0.84702044375 0.82815396875 0.0509064 0.4001396671875 0.0973367453125 0.4351502625 0.8560305640625 0.8981735765625001 0.84702044375
10 0.7501541654253154 0.10719450981146965 0.03721320967712849 0.06233817391627663
10 0.7622239799410082 0.19828242483049768 0.035432385855810725 0.05758700692008221
10 0.7641375444567007 0.2897841753247893 0.03684933664159899 0.054525673916276676
10 0.7712480312221344 0.3920324248304977 0.03485018899896399 0.045087006920082204
10 0.7787395076484859 0.485655090838109 0.036412688998963993 0.045150673916276675
10 0.7880845825032609 0.5854640898495257 0.03648546360606986 0.046713173916276676
10 0.7938680097154005 0.6760254228533313 0.03655823821317572 0.04827567391627667
10 0.8069202814270223 0.7882070878723594 0.03684933664159908 0.054525673916276676
3 0.4803874749786094 0.1299276501530994 0.0260573858558109 0.057205004942915846
3 0.48497227522627834 0.22836515015309936 0.024349336641598995 0.05401633794672147
3 0.49097402625973574 0.323613983156905 0.025693512820281584 0.049392504942915846
3 0.5027891296505579 0.409233148175933 0.023767139784752266 0.04151633794672147
3 0.49908839495203877 0.49783273315690496 0.02405823821317572 0.04776633794672147
3 0.5106680578961549 0.5952024816740302 0.02383991439185813 0.04307883794672165
3 0.5178149319651415 0.6982319811797386 0.023912688998963993 0.04464133794672147
3 0.5172948552483397 0.8047048156664189 0.025766287427387447 0.05095500494291585
12 0.8140347289075509 0.10067791296749959 0.05051373035529281 0.08003500988583175
12 0.8722006790696574 0.7949399075302922 0.05661818114108108 0.07716467787060939
5 0.4190325980141386 0.14025499650277784 0.03943068114108113 0.07646434091247101
5 0.4549767917661045 0.8111577455141947 0.0393579065339754 0.07490184091247096
9 0.8293023180303493 0.19320099399413887 0.058035131926869356 0.07410334486680367
9 0.8724853153397529 0.700217656541709 0.06384848428423454 0.06498301285158128
2 0.4271961625298314 0.23150207901229186 0.04226458271265763 0.0703416749048598
2 0.4484292311793531 0.704190162510389 0.043244885855810725 0.05790534190105419
6 0.8295442206353834 0.28242266148462486 0.0530565334984459 0.06766234387822054
6 0.8632665190210254 0.586314324032195 0.05291098428423417 0.06453734387822045
0 0.45102123014589585 0.6085911610275143 0.033724336641599 0.054398339923887915
0 0.43841195243841813 0.32105932752941707 0.03394266046291676 0.05908583992388783
8 0.8420870700972639 0.3836668265036529 0.06599318114108108 0.07754667984777566
11 0.8587908806840151 0.490220574032195 0.07017125889134021 0.06680018083635879
4 0.4441654545053327 0.5118116615218058 0.040410984284234175 0.06402800790866543
1 0.44074289391858146 0.40471674452561146 0.04382708271265763 0.07040534190105419