7 0.3377006109375 0.1079747453125 0.347368278125 0.8699427999999999 0.8058993390625 0.8835956828124999 0.7625074781250001 0.0888204703125 0.3377006109375 0.1079747453125
10 0.7151017988958424 0.8191908774717355 0.03315972958158007 0.055414851823611146
10 0.6411608126908405 0.7169211690748606 0.028090283665263983 0.04436824905006951
10 0.7026216131463274 0.6185369140408674 0.03277778366526398 0.04447735182361114
10 0.6875075007177902 0.43201818579236057 0.02954365626060227 0.041279616641249996
10 0.581522851628764 0.2405775278323259 0.02685516587924912 0.05370688145888884
10 0.6805654976377473 0.14366420060999943 0.03343254809323426 0.06322735182361114
3 0.408417679126093 0.14217966147541633 0.028526793283910834 0.05686824905006951
3 0.41383933302444265 0.34221602906659687 0.02658234736759475 0.04589438145888893
3 0.4738170229503088 0.4252636119885066 0.02329365626060227 0.04113414627652787
3 0.583586381750649 0.5235718657882288 0.023402783665263983 0.04425914627652787
3 0.5348289671373443 0.7170504152751385 0.026636911069925696 0.04745688145888884
3 0.5963790807470079 0.822736064401458 0.02690972958157989 0.05526938145888884
12 0.7792287862819707 0.8419367400289228 0.052837312521204535 0.08241376291777769
12 0.7437376202330855 0.1390663131671869 0.04647818511654282 0.07914329255305558
5 0.3607813096107976 0.43493151234909694 0.03935516587924912 0.05399782218833345
9 0.6394222086998237 0.6223535514836801 0.03655754809323426 0.06330008700597212
9 0.6342262109772585 0.13770579454982584 0.040228185116542824 0.07899782218833336
2 0.5807391455456471 0.41964743199263843 0.03165179328391084 0.056940984232430526
2 0.7072223223094873 0.7278937302452773 0.041790685116542645 0.07903418977951393
6 0.7416642326616228 0.32598508491867995 0.04280754809323426 0.06344555737069442
6 0.3649703349233591 0.7116212989182289 0.039573420688572544 0.060247822188333446
0 0.6976215998994835 0.5201357816320481 0.03935516587924894 0.05399782218833345
8 0.7540675181409854 0.41248562937159666 0.0556349303072194 0.07311149810013898
1 0.41930562694132556 0.5211404628621872 0.04582342068857255 0.06039329255305557
11 0.3589533924656042 0.13629399059760386 0.050257949544513104 0.09796602773541671