7 0.9269118609375001 0.1520182296875 0.1273673625 0.1149088546875 0.1538447046875 0.580078125 0.9120261421875 0.58203125 0.9269118609375001 0.1520182296875
10 0.8766102154367701 0.23125 0.06396434091247087 0.0359375
10 0.7864162969577008 0.22265625 0.054525673916276676 0.034375
10 0.6943561309500895 0.22578125 0.051400673916276673 0.034375
10 0.5903225469577007 0.22265625 0.04202567391627667 0.034375
10 0.4971627959691176 0.21796875 0.045150673916276675 0.034375
10 0.3962223784786316 0.2140625 0.045150673916276585 0.034375
10 0.30475246148243723 0.2125 0.04840300790866543 0.0375
10 0.19190229300336809 0.20390625 0.05458934091247101 0.0359375
3 0.8752519397707884 0.5046875 0.06033000494291585 0.0234375
3 0.7767826062726912 0.50390625 0.054143671939110224 0.025
3 0.6790308557783996 0.5015625 0.04776633794672147 0.021875
3 0.5935562707974278 0.49375 0.041580004942915846 0.0234375
3 0.5055933557783996 0.5015625 0.044768671939110403 0.025
3 0.4052750207974277 0.49375 0.04776633794672147 0.021875
3 0.30677385380123334 0.4921875 0.049392504942915846 0.0234375
3 0.1960273547898165 0.496875 0.054143671939110224 0.025
12 0.8778742850947026 0.16640625 0.08328734387822082 0.05
12 0.17988511266130086 0.1390625 0.07572951186299806 0.05625
5 0.8652031191242726 0.56484375 0.07627333992388792 0.03125
5 0.1953535341433006 0.55703125 0.07002333992388783 0.03125
9 0.27500661167271767 0.134375 0.05879667984777566 0.0625
9 0.785241116121342 0.15546875 0.07748301285158128 0.0609375
2 0.30404278463759216 0.559375 0.058032675893442943 0.04375
2 0.7783252016337865 0.5609375 0.06877917490485999 0.0390625
6 0.6962741166156337 0.1578125 0.06778967787060922 0.053125
6 0.3884151956651064 0.1375 0.0646646778706094 0.053125
0 0.3991006166528146 0.553125 0.05427100593149907 0.028125
0 0.6866324501509118 0.55390625 0.06052100593149916 0.028125
8 0.5928626151327588 0.15078125 0.07773768083635879 0.0671875
1 0.6038199501509117 0.55390625 0.07184050790866543 0.0375
4 0.4961029506452034 0.55625 0.060775673916276675 0.034375
11 0.4861032791632036 0.13828125 0.06530134783255334 0.06875