7 0.70365638125 0.9038718687499999 0.7177444687500001 0.1181035125 0.2958217953125 0.12049059375 0.25145195781249996 0.8770105203125 0.70365638125 0.9038718687499999
10 0.6317315353604729 0.17035342700274275 0.04026543507002263 0.061121590570540583
10 0.6362499073625448 0.25825368734182497 0.035432385855810725 0.05777826674922295
10 0.6264510682397463 0.3509677262169545 0.03572348428423418 0.06402826674922295
10 0.6218662679920773 0.44940522621695445 0.03485018899896399 0.04527826674922295
10 0.6215879780834905 0.539430912734719 0.027328787427387268 0.051164393713693815
10 0.6176388786216098 0.641029800038272 0.0369948858558109 0.05785104135632899
10 0.612673088713023 0.730837162734719 0.03485018899896417 0.04527826674922295
10 0.6179534400369305 0.8359976976809073 0.040410984284234355 0.06424659057054072
3 0.3363031796978483 0.8314920184018529 0.03372433664159917 0.054580492142117264
3 0.34813755376683486 0.7286945041338292 0.030162688998963995 0.045059942927905536
3 0.35219581513937437 0.6247518668302763 0.030381012820281585 0.04974744292790536
3 0.35202034077993755 0.5276585430089588 0.02674659057054054 0.03866439371369381
3 0.3647258560814185 0.4397775533480409 0.03030823821317572 0.04818494292790554
3 0.3616608221686877 0.35429381761606454 0.030162688998963995 0.04505994292790545
3 0.3637199358985921 0.25965340570540574 0.030453787427387448 0.05130994292790536
3 0.3706120988427082 0.16210631761606456 0.027619885855810898 0.05741439371369372
12 0.6953766583960022 0.16548829859053 0.04270123035529281 0.0799443651776464
12 0.6799076304836366 0.8506274319651415 0.0471704065339754 0.07547518899896417
5 0.30622211311073183 0.1661538087247244 0.04411818114108117 0.07689213978475232
5 0.2719859685729778 0.8339770095105127 0.047170406533975306 0.07547518899896417
9 0.688180356909988 0.7570593684829061 0.050984611248705035 0.05694351282028158
9 0.6995311573625449 0.2612010589296122 0.056472631926869354 0.07434933664159918
2 0.3037456224163567 0.2529453333318303 0.05305653349844599 0.06795378742738745
2 0.2747000537668349 0.725274097599854 0.05589043507002263 0.061849336641599174
6 0.6900234166681697 0.34766509780474164 0.043608758891340214 0.06595463978475227
6 0.6910399913180568 0.6452314565722472 0.04175516046291676 0.059631865177646404
0 0.305774695204217 0.3438614317602537 0.0416823858558109 0.0580693651776464
0 0.28766028019318635 0.6319243579389362 0.044734611248705036 0.05665241439185813
8 0.6893448664205006 0.4462845343225063 0.051857906533975394 0.07569351282028158
11 0.6946616050479613 0.5506638192686945 0.05432793507002263 0.06177656203449331
4 0.2906098058337495 0.5349765833318303 0.05291098428423426 0.06482878742738744
1 0.29793861642050073 0.42805449524248906 0.05334763192686944 0.07420378742738745