7 0.9055249109375 0.38848950000000004 0.1299748328125 0.359979784375 0.1308427296875 0.807540628125 0.8905935765624999 0.8058296890625 0.9055249109375 0.38848950000000004
10 0.19477370715815123 0.44788589529089184 0.053261355386194253 0.024364800324311632
10 0.28967766188041555 0.5135984443973873 0.04232385538619425 0.024173885551659068
10 0.3901089330558503 0.4552013376596843 0.04387726502711455 0.022638659090609536
10 0.5690560896717086 0.46535540786949825 0.04387726502711473 0.022638659090609536
10 0.7602265112164857 0.5624327796214397 0.053252265027114734 0.02280230032431163
10 0.8518640444921687 0.4695106684195098 0.05950226502711473 0.02291139448011297
3 0.856548041074323 0.7375339654974105 0.056440897540672094 0.03379434740221221
3 0.6589054266129426 0.7364276128201924 0.0470568071815924 0.03206820616851012
3 0.5757565833269969 0.6771696152558244 0.04080680718159222 0.03195911201270896
3 0.4782452581914235 0.5661036558409034 0.039207945745273774 0.02568183847375849
3 0.28404580629782955 0.619739350241586 0.04547612646343317 0.028915932629560003
3 0.18449071301188372 0.5601949805182395 0.047011355386194255 0.024255706168510117
12 0.8562152012062227 0.4117799890363608 0.07518180718159258 0.03255912986961636
12 0.1725623638722054 0.3896915657455871 0.07832498789975158 0.03573867694751698
5 0.5631480198988885 0.7925627901747466 0.05654089149054773 0.05098184740221221
9 0.38420436670087577 0.514467243503883 0.05644089754067192 0.03379434740221221
9 0.8630742552645574 0.5165765831921622 0.0782977168225127 0.031051176947516978
2 0.28229188787631043 0.45253821347211093 0.0751818071815924 0.0325591298696164
2 0.5821696889095828 0.571042346181101 0.05646816861791084 0.03848184740221221
6 0.2866264265147468 0.7947666237805363 0.05811248184962743 0.052571620941162675
6 0.6742294030016209 0.4164151217486462 0.0595477168225127 0.03072389448011297
0 0.48308222823539015 0.4576053632272295 0.05488748789975162 0.03532957386326174
8 0.5882509963857627 0.4078838271063775 0.06895907825883114 0.03713753571381488
1 0.4784594025106417 0.7371837690714281 0.06439884328594588 0.058930715096963834
11 0.8638974536421099 0.7923441964226869 0.09722952400410492 0.06262845941492116