7 0.48589315156249996 0.9314836171875 0.5357782 0.1739284375 0.0686557546875 0.0736359234375 0.04788576875 0.8820167921875001 0.48589315156249996 0.9314836171875
10 0.15050588022461792 0.1514682746795893 0.0418978656913195 0.056106156260602266
10 0.21821809745520815 0.2656423912844778 0.038663762917777844 0.051309528855940555
10 0.14494229198437472 0.35690974282842386 0.04331489532659729 0.04991071996293304
10 0.14510202688239537 0.5516046839354164 0.04175239532659725 0.04985615626060227
10 0.24173671827742993 0.7668700745869221 0.03248649810013893 0.05421627404661713
10 0.12967116974045068 0.8450545835725969 0.04364220364722229 0.06397321996293286
3 0.41562620032565895 0.8878795229503087 0.023293336056041624 0.061701391832632166
3 0.42971080338354106 0.685863155164294 0.023038762917777688 0.05076389183263199
3 0.3763331898764231 0.5940823937315486 0.025945557370694417 0.0414980192372937
3 0.2657613254193746 0.4737202753125615 0.03074216014423614 0.046349210344286365
3 0.33424248774781223 0.2861136371081266 0.029216027735416716 0.047857146641955416
3 0.2759780056995832 0.16914190271722318 0.03248649810013893 0.05421627404661713
12 0.0641916401051729 0.8365129080747007 0.05803201196784728 0.07852679328391084
12 0.08479061445704852 0.11946181733052792 0.06133884992375007 0.08644842068857253
5 0.48569000608083285 0.5986831028947084 0.029361498100139015 0.054107146641955414
9 0.2112576230064233 0.36313495017748526 0.051418336056041715 0.06268353847458741
9 0.1769819276242354 0.8615625264936877 0.056724085106111224 0.08940972958157971
2 0.25930934403673567 0.5829588660567343 0.04186149810013893 0.05454365626060227
2 0.14750620716260396 0.24675349282842385 0.05650587955902786 0.0800347295815799
6 0.07867563345565917 0.6509300721398514 0.057741071238402816 0.06602679328391084
6 0.50375490074184 0.3264360806621899 0.03263196846486114 0.06046627404661713
0 0.13867214855763849 0.4583358335725968 0.05450696846486114 0.06123016587924912
1 0.43385670877812454 0.5077381551642939 0.03582970364722229 0.06370040145127884
11 0.4614653771873951 0.900426652169069 0.035212761017916705 0.1042708377489479
8 0.06992018892649259 0.5567981262235353 0.0766001740119445 0.07136905771188111