7 0.0689213421875 0.7123690796875 0.8252441703125 0.7653852109375 0.8590499656249999 0.31357848125 0.0717577546875 0.29026559218750003 0.0689213421875 0.7123690796875
10 0.12188769272301765 0.3760379568065479 0.06061216832079959 0.02967421189493056
10 0.2112412911514411 0.37445552464894377 0.05428939371369372 0.027784163274411532
10 0.30208030686720677 0.44186875395672887 0.04796661910658786 0.02589411465389251
10 0.5917100411514411 0.39439504692303834 0.0449871683207995 0.028855340343632997
10 0.6856740568672068 0.461972050541083 0.04484161910658777 0.025730340343632994
10 0.7888397522763115 0.3992440784693871 0.05272689371369381 0.027702276119281777
3 0.10468296030081019 0.6445422953411587 0.06068494292790544 0.031236711894930557
3 0.40281870740532605 0.5489586369279872 0.051164393713693815 0.027620388964152198
3 0.5737604460327865 0.6620771918800842 0.04818494292790554 0.03058161465389251
3 0.6768490587292335 0.6682629941186479 0.04825771753501122 0.03214411465389251
3 0.7836255976043631 0.6793410142450359 0.05763271753501122 0.032635437584671224
12 0.12241853970369902 0.3141963760738533 0.07987159057054058 0.041594357756487635
12 0.4889339516143578 0.3310551639517801 0.05487159057054054 0.04028416327441153
5 0.39261529983789345 0.7175858061952926 0.061412688998963995 0.04686171189493056
5 0.7829128141059172 0.7450888449777304 0.06922518899896399 0.04727114767057934
9 0.29785507154951524 0.5998450282669884 0.07035104135632882 0.03797803482570909
2 0.590115346156621 0.613595426276252 0.06439213978475244 0.04390048620519007
6 0.6988140657585469 0.3984418170494264 0.05799659057054054 0.040447937584671044
6 0.6841778693159848 0.5613545748513424 0.051382717535011224 0.03230788896415202
0 0.3043084327982202 0.5453622461548128 0.06380994292790536 0.03140048620519007
0 0.3044390194398193 0.49211441542211815 0.06224744292790545 0.03131859905006031
1 0.5640900394988113 0.7351871432595651 0.0635573858558109 0.05944359905006032
4 0.11050062076372691 0.5868935696514181 0.09862159057054058 0.04257700361804453
11 0.20602294417075973 0.43605144391624917 0.08910104135632883 0.03896068068726617
8 0.7094283881321225 0.3386950028250751 0.07732878742738744 0.05393058344622812