7 0.6982406953125 0.8237228906249999 0.6844867125 0.0449619265625 0.262420525 0.1166185984375 0.244248896875 0.8789558828124999 0.6982406953125 0.8237228906249999
10 0.6095361025554363 0.7710892103008101 0.026746038474587407 0.051164393713693815
10 0.5424701428441223 0.6813953176205738 0.02496528366526398 0.04484161910658777
10 0.6055009109002897 0.5739423825505512 0.026527783665263982 0.04491439371369381
10 0.596986550370669 0.39338374131805687 0.026636911069925696 0.04803939371369363
10 0.5025619716922136 0.21604645347638463 0.02685516587924912 0.05428939371369372
10 0.6006125804925538 0.11086233974648026 0.02718254809323426 0.06366439371369373
3 0.3312078160645836 0.1421295721686877 0.030034729581579888 0.05599744292790545
3 0.3297196940173994 0.34109361104381725 0.029761911069925696 0.04818494292790545
3 0.3871750407520221 0.4156355386702417 0.0263640925582715 0.04022689371369363
3 0.49419387786799784 0.5003486788692788 0.023348219962933035 0.04320634449948209
3 0.43810010137431005 0.6995160789931132 0.025074411069925695 0.04796661910658777
3 0.4941194336809624 0.7928443939230908 0.02518353847458741 0.05109161910658777
12 0.6611507764088698 0.09712301737290474 0.04022818511654265 0.07987159057054058
12 0.6714904655321279 0.7838032260165758 0.04647818511654265 0.08016268899896399
5 0.2715128352170592 0.4444219722925222 0.04560516587924912 0.055162688998963996
9 0.5449627149839736 0.5876817049241267 0.03488592068857255 0.06090326674922295
9 0.5547643671530427 0.10597794065610304 0.03888393992586625 0.08604881596343472
2 0.4923263322218343 0.3974783899941493 0.03321429328391083 0.057705492142117176
2 0.6063416698859643 0.6838803087292336 0.03704862141421188 0.078163541356329
6 0.2641715280533323 0.7216565603818634 0.04593254809323426 0.06453768899896399
6 0.6524503550873251 0.2792634292835635 0.03655754809323426 0.06410104135632881
0 0.6041145148913064 0.4796294563718687 0.03165179328391084 0.05763271753501122
8 0.6611408196079627 0.36543636973026955 0.0478224303072194 0.07398546360606986
1 0.3266244319516819 0.5190730618296056 0.0521279843909034 0.06326628742738745
11 0.2789459116180798 0.14222377150673396 0.0565079495445131 0.09934933664159917