7 0.1187934265625 0.5252529390625 0.8841579390625001 0.512208809375 0.8894939421875 0.06960587968750001 0.1340705796875 0.1116235453125 0.1187934265625 0.5252529390625
10 0.16824999866881982 0.4429265660645836 0.06151938145888893 0.02712798439090349
10 0.25818270801562526 0.34283230762706307 0.05065461664125 0.029871038474587407
10 0.4502994324644101 0.43385906779386413 0.04113414627652787 0.02329365626060227
10 0.6285880866247225 0.43467005572814654 0.041170513867708355 0.024856156260602093
10 0.7294771329775003 0.36859613322547546 0.04440461664125017 0.02965278366526398
10 0.8239369542159032 0.4294120929367896 0.050581881458888846 0.026746038474587407
3 0.16352090539458347 0.17255950236225273 0.05712282218833335 0.03946429328391084
3 0.36192203780340293 0.164067412166234 0.05250805737069451 0.042425602176918265
3 0.44371820488149327 0.21828863149619493 0.04142508700597229 0.03579365626060227
3 0.5423940538553127 0.3258704638028473 0.04447735182361114 0.03277778366526398
3 0.739467769186042 0.2603471236068286 0.05076371941479181 0.03455853847458741
3 0.8392326862641323 0.3139408603599847 0.05697735182361115 0.03321429328391083
12 0.8424155037028129 0.4842806422111501 0.07267508700597247 0.03688493030721922
12 0.16721548195131988 0.4992584116180798 0.08190461664125004 0.030962312521204537
5 0.45899575313413205 0.1020361489193901 0.05599673328249999 0.05815972958157993
9 0.16007316954663228 0.39395335272507237 0.0820500870059722 0.037212312521204535
9 0.6372896329775003 0.37181539166299593 0.060247822188333446 0.039573420688572544
2 0.7371636528291323 0.430096628416152 0.07569098423243066 0.03230655771188111
2 0.4375974510817711 0.32483873185901463 0.057268292553055565 0.045714293283910835
6 0.34523137917777824 0.4883506495523623 0.056904616641249996 0.030089293283910835
6 0.734576981382639 0.08381190545799405 0.05606946846486114 0.061284729581579954
0 0.5356011528291323 0.4371353460168324 0.05694098423243066 0.03165179328391084
8 0.43205923195131984 0.4900098640729998 0.0664250870059723 0.03666667549789597
1 0.5421907660519099 0.14917155454702016 0.06097517401194459 0.07082342068857254
11 0.16066735590767373 0.11714531606458356 0.09527743882958335 0.06889882213985135