7 0.9288194437499999 0.09193101249999999 0.1203703703125 0.0711610265625 0.0862268515625 0.509168409375 0.8449074078125 0.5590534578125 0.9288194437499999 0.09193101249999999
10 0.85390625 0.17378113858017433 0.0546875 0.0418978656913195
10 0.7421875 0.2414933558107645 0.05 0.038663762917777865
10 0.6484375 0.1682175503399311 0.046875 0.04327852773541672
10 0.45390625 0.16837728523795176 0.046875 0.041716027735416716
10 0.2421875 0.2650119766329863 0.053125 0.03248649810013893
10 0.16015625 0.15294642809600706 0.0625 0.04364220364722229
3 0.12734375 0.4389014586812154 0.0609375 0.023293336056041624
3 0.3296875 0.4529860617390975 0.05 0.023038762917777865
3 0.41953125 0.39960844823197955 0.040625 0.025945557370694417
3 0.5359375 0.289036583774931 0.0453125 0.03074216014423614
3 0.72578125 0.35751774610336867 0.046875 0.029216027735416716
3 0.840625 0.29925326405513963 0.053125 0.03248649810013893
12 0.16640625 0.0874668984607293 0.078125 0.05806837955902786
12 0.88359375 0.10806587281260491 0.084375 0.06133884992375007
5 0.41875 0.5089652644363893 0.053125 0.029361498100139015
9 0.64453125 0.23453288136197972 0.0609375 0.051418336056041715
9 0.1453125 0.20025718597979178 0.0875 0.056724085106111224
2 0.4265625 0.28258460239229205 0.053125 0.04186149810013893
2 0.75859375 0.17078146551816037 0.078125 0.05494337955902786
6 0.35234375 0.10195089181121557 0.0640625 0.057741071238402816
6 0.69140625 0.5270301590973964 0.059375 0.03263196846486114
0 0.546875 0.1619474069131949 0.059375 0.05450696846486114
1 0.5078125 0.457131967133681 0.0625 0.03582970364722229
11 0.11640625 0.48474063554295144 0.103125 0.035212761017916705
8 0.44609375 0.09319544728204898 0.06875 0.0766001740119445