7 0.3277994796875 0.10185185156250001 0.3160807296875 0.8611111109375 0.771484375 0.874421296875 0.7506510421875 0.08506944375 0.3277994796875 0.10185185156250001
10 0.66875 0.140625 0.03828125 0.06484375
10 0.67421875 0.22734375 0.02890625 0.0546875
10 0.6703125 0.31796875 0.02890625 0.05234375
10 0.671875 0.4203125 0.028125 0.0421875
10 0.6734375 0.51015625 0.0296875 0.04453125
10 0.67578125 0.6109375 0.02890625 0.04453125
10 0.67578125 0.7 0.0296875 0.0484375
10 0.68203125 0.809375 0.02890625 0.0515625
3 0.40234375 0.1390625 0.0265625 0.05625
3 0.40234375 0.2390625 0.02734375 0.05234375
3 0.403125 0.334375 0.02578125 0.046875
3 0.41015625 0.41953125 0.0265625 0.04453125
3 0.4015625 0.50703125 0.025 0.03984375
3 0.40625 0.60234375 0.025 0.04453125
3 0.40625 0.70859375 0.02734375 0.04296875
3 0.4015625 0.8125 0.0296875 0.0515625
12 0.73046875 0.134375 0.04296875 0.08125
12 0.7453125 0.82109375 0.046875 0.0734375
5 0.33671875 0.8171875 0.040625 0.06875
5 0.33984375 0.14765625 0.04140625 0.0734375
9 0.7390625 0.2265625 0.053125 0.07734375
9 0.75078125 0.728125 0.053125 0.05703125
2 0.3359375 0.70859375 0.04609375 0.05546875
2 0.34296875 0.2359375 0.04609375 0.06796875
6 0.73359375 0.3171875 0.04140625 0.06328125
6 0.7484375 0.6140625 0.04140625 0.05703125
0 0.34375 0.61484375 0.0390625 0.053125
0 0.34765625 0.32578125 0.03828125 0.0609375
8 0.73828125 0.41484375 0.053125 0.0734375
11 0.7484375 0.51953125 0.05625 0.06015625
4 0.340625 0.5171875 0.04609375 0.0609375
1 0.3453125 0.4109375 0.04765625 0.0703125