7 0.262668803125 0.13314849687500002 0.248526728125 0.919919340625 0.6704345171874999 0.910489425 0.7146239953125 0.153777940625 0.262668803125 0.13314849687500002
10 0.3336694850968903 0.8673740551922803 0.0289818458553869 0.05983865016215582
10 0.3310485038799706 0.7782024610364788 0.027164677870609298 0.05356137662320552
10 0.3973685236516341 0.6855434025944925 0.025347509885831697 0.047284103084255236
10 0.3465514174533049 0.39773371103647887 0.02834517589344294 0.04421365016215582
10 0.4129987712173572 0.3019496525944925 0.025220175893442942 0.04415910308425506
10 0.34910470897379825 0.20076325365015268 0.02710101087441492 0.05199887662320544
3 0.6022284841083071 0.8767526038917388 0.030544345855386724 0.059865923701106286
3 0.5032285458947555 0.5818474326262646 0.027037343878220453 0.050436376623205346
3 0.6142973329666246 0.4078798729664622 0.030035009885831698 0.04736592370110611
3 0.6192806047154544 0.30476850973593733 0.031597509885831696 0.04739319724005649
3 0.6291105439547702 0.19783271712226352 0.03197951186299815 0.05676819724005648
12 0.27185523460259875 0.8686405004037419 0.04068334980971962 0.07877956493480802
12 0.2844413952101835 0.5021933400953162 0.0396646778706093 0.0537795649348082
5 0.6718830454004638 0.5871367248329012 0.04616934585538672 0.06013865909060954
5 0.6948310444490617 0.1966344557581778 0.04648768083635879 0.06795115909060949
9 0.5553083576440229 0.6851730300284767 0.03717634783255317 0.06935001785690745
2 0.5656515859323741 0.3929582564895265 0.04317167984777566 0.06320911201270878
6 0.3493501066926208 0.2906751874975285 0.03979201186299815 0.0569045649348082
6 0.5123448552097459 0.3005565223178391 0.03172484387822046 0.05051819724005648
0 0.5007800251345088 0.6803122061652149 0.030671679847775656 0.06299092370110611
0 0.44755952464021725 0.6817286558409034 0.030608012851581278 0.06142842370110611
1 0.6874801649818469 0.4154117292971282 0.05873301285158128 0.061919347402212256
4 0.5445433181006958 0.8726184829505762 0.041447353764052154 0.09752956493480838
11 0.39267175338567906 0.7816235158250173 0.03794035178688597 0.08810001785690744
8 0.28951219167359266 0.28181265624794044 0.05305601581733086 0.07587275324641088