7 0.6926895 0.9151959046875 0.7357553921875 0.12897241406249998 0.28241149062500004 0.131222975 0.27169569375 0.8911935109375 0.6926895 0.9151959046875
10 0.6111140977840162 0.860524802752996 0.02672763605166182 0.059665901336727244
10 0.6199782839148202 0.7707537780871778 0.026545779625171306 0.053415901336727065
10 0.6179277020989358 0.6800742340865414 0.026409387305303157 0.04872840133672707
10 0.6223999049227874 0.5800924154200869 0.02774456677218957 0.04093408267027261
10 0.6273805731069029 0.48949468742040503 0.026272994985435005 0.044040901336727244
10 0.6325658297708204 0.3918657094207233 0.02618206677218975 0.04091590133672707
10 0.6352254800082473 0.3004594594207233 0.02948892319868044 0.047202264003817974
10 0.6446125033652124 0.19271968475490503 0.026545779625171306 0.05341590133672711
3 0.36361255595163705 0.18085329471672498 0.031278743731793845 0.05503294533736347
3 0.36759771080791737 0.28562261071767947 0.029397994985435005 0.04407726400381797
3 0.3645516156641978 0.39031011071767946 0.03105142319868044 0.04722044533736343
3 0.35699987694696883 0.48869306671704316 0.02935253087881238 0.04251476400381797
3 0.36385161902941004 0.5755209047183157 0.02930706677218975 0.040952264003817976
3 0.35353859316516256 0.6613674980505886 0.027835494985435093 0.04405908267027261
3 0.34998403266117906 0.7566709073838158 0.029761707838416564 0.056577264003817976
3 0.34950900805057283 0.8535731793841339 0.028290136051661908 0.059684082670272434
12 0.6735231695707707 0.8643770560948137 0.042898205331134066 0.0785977146721816
12 0.7074989482715051 0.18016568809672281 0.04584134890464338 0.07238407733927246
5 0.3004222341648824 0.17699195070813445 0.04579588479802066 0.07082157733927245
5 0.28645507858368624 0.8450243353755436 0.042898205331134066 0.07859771467218124
9 0.7086773518741442 0.2739611414305864 0.04860263605166182 0.05992044000636332
9 0.684018051861509 0.7722804627625411 0.05227320533113407 0.07870680267345413
2 0.2950096569678514 0.2824334287078163 0.05181856426490725 0.06308180267345423
2 0.28971412239462235 0.7598771760423162 0.0487844924781526 0.0661704400063634
6 0.6803140418323791 0.6847077374283593 0.04079013605166182 0.059829533338636054
6 0.7030147220906885 0.3879963694302683 0.0423071719450391 0.0582852146721816
0 0.2978197905787378 0.6693158107097253 0.03922763605166182 0.05981135200509069
0 0.30161134646386784 0.37785501670908894 0.04060827962517113 0.053579533338636055
1 0.2971498523363626 0.5849044480426344 0.05360838479802066 0.07091248400699968
11 0.700309607746639 0.4809651194302683 0.05172763605166182 0.059956802673454136
4 0.29562210774663894 0.47625615404199806 0.051727636051661904 0.059956802673454136
8 0.6878885126029193 0.5855435314289956 0.0489663489046432 0.07242044000636341