7 0.9049011234375 0.034299217187499995 0.0971321703125 0.025745389062500002 0.1436109515625 0.499465778125 0.9090825375 0.472856596875 0.9049011234375 0.034299217187499995
10 0.8609256375802541 0.113609758646284 0.0632091120127086 0.042079703647222286
10 0.7685744963465521 0.10638044652593685 0.055396612012708776 0.0418978656913195
10 0.6767921452908918 0.17651306820118 0.04909206493480802 0.03862739532659729
10 0.37006881249917617 0.11174793227697885 0.05070911201270887 0.04178876291777782
10 0.26967907467404084 0.18129932570371507 0.05383411201270878 0.04186149810013893
10 0.16525858157389967 0.10948083672163182 0.06011138555165916 0.04356946846486115
3 0.1830632848997408 0.4130961459921874 0.05356137662320544 0.02623649810013897
3 0.2915615775134146 0.40509984840513863 0.047284103084255055 0.024528527735416715
3 0.3962763510523649 0.4042257197960414 0.04413182954530477 0.022893292553055566
3 0.5694353871732171 0.294683799583819 0.044268197240056394 0.030705792553055566
3 0.8714127187471167 0.4009824720771521 0.061319329545304765 0.02329333605604167
12 0.4791477577106377 0.047465267098749604 0.055723894480112966 0.06064786569131949
12 0.8589852621748646 0.04722169244187428 0.07913412094116268 0.059630879559027836
5 0.18645706614932886 0.4731978446054166 0.07239319724005648 0.031360409194305564
5 0.5778496793798537 0.46330651301468706 0.05517842370110611 0.029397865691319504
9 0.675172918422805 0.35240342097472166 0.06932274431795715 0.0344126740119445
2 0.38050530072805333 0.35144621191225667 0.0694045649348082 0.0391001740119445
6 0.27864674593951494 0.29207317154340257 0.0569045649348082 0.03880923328249999
6 0.2590222183433748 0.10808003125079839 0.06353639448011297 0.06082970364722229
0 0.6738541059236288 0.2320727371791314 0.06326365909060953 0.04520470364722229
0 0.6733143636342666 0.290702854770312 0.06315456493480802 0.03895470364722229
8 0.24687104586008468 0.038803354389062295 0.07943412986961632 0.07681837955902784
1 0.406783202918804 0.468851264248958 0.05992047077900682 0.03263196846486114
4 0.868759277189103 0.3385188396683326 0.0975841120127086 0.04287979065319449
11 0.77431202759614 0.1664275937523952 0.09015344155801372 0.06457295269729171