7 0.8988216984375 0.202007540625 0.10831509843750001 0.24256920312500002 0.14960715156249998 0.6656273140625 0.9099910296875 0.65835855625 0.8988216984375 0.202007540625
10 0.165592858999683 0.3238888288378471 0.06405585594746528 0.03114220364722229
10 0.25506811680159913 0.3147664423449651 0.05459896879233552 0.029361498100138928
10 0.3474603346894235 0.31652700446531223 0.05155585594746528 0.030851262917777865
10 0.44894094753429375 0.31260061103857606 0.042098968792335614 0.029070557370694416
10 0.539484060379164 0.30892879075010377 0.04366146879233561 0.02910692496187508
10 0.6377987296464693 0.30429388250572864 0.042098968792335614 0.029070557370694507
10 0.7291640360689046 0.3013851284216661 0.048512743102595124 0.032341027735416715
10 0.8397739874483854 0.29255302944784656 0.05459896879233526 0.029361498100138928
3 0.8577615061044355 0.5760740442654855 0.05147396879233561 0.029288762917777867
3 0.7519242639063515 0.571497606670173 0.0481851944820761 0.026091027735416716
3 0.6472367639063515 0.5739342352792703 0.0481851944820761 0.026091027735416716
3 0.5498671189493057 0.5816759597280552 0.041935194482076096 0.025945557370694417
3 0.4626570460185272 0.5743193610385761 0.0450601944820761 0.026018292553055565
3 0.37791023179417593 0.5841138947579163 0.048267081637205764 0.027653527735416718
3 0.2795546189493057 0.5879675530022914 0.05616146879233552 0.029397865691319504
3 0.18259773179417596 0.588659843655486 0.05756019448207601 0.02630923328249999
12 0.15993267921692805 0.2606621302246179 0.07885534034363303 0.045532011967847286
12 0.8489166140880655 0.22819958871840207 0.0791828889641522 0.051782011967847284
5 0.193685717999366 0.6509780056995831 0.07860967887824381 0.0408445119678472
5 0.8634626294647554 0.6400819928787145 0.07096095318850323 0.04378767401194459
9 0.25010729986371444 0.2499590599361456 0.07605788896415203 0.05170927678548622
9 0.7549618962002412 0.2264753941892355 0.0651203889641522 0.05145470364722229
2 0.2834066372666714 0.6465431192067012 0.06791784034363299 0.04527743882958344
2 0.7556501294647553 0.6425913566701731 0.06339411465389269 0.04829333605604162
6 0.3417182677515388 0.25173780585208305 0.06158595318850333 0.043569468464861136
6 0.638678476932936 0.23152852973218696 0.05846095318850324 0.04349673328249999
0 0.6607094436891066 0.6369790959365966 0.05509029172311415 0.038736498100139016
0 0.3729228386461524 0.6382019827138192 0.058133404567984215 0.037246733282499986
1 0.45668036295641184 0.6393813165856594 0.07276911465389269 0.048511541603125076
4 0.5631760244218011 0.6415958203853815 0.06339411465389269 0.04829333605604162
11 0.5441472269329359 0.23372876899861064 0.06544793758467105 0.057704703647222286
8 0.4407322998637144 0.24552221381211772 0.07153416327441153 0.0547251740119445