7 0.3473307296875 0.11342592656249999 0.3388671875 0.8738425921875 0.7998046875 0.8865740734375 0.7744140625 0.093171296875 0.3473307296875 0.11342592656249999
10 0.58984375 0.24296875 0.025 0.05390625
10 0.69140625 0.14609375 0.03125 0.06171875
10 0.690625 0.43515625 0.0296875 0.04375
10 0.70078125 0.62421875 0.03125 0.0453125
10 0.63671875 0.72109375 0.0265625 0.04609375
10 0.70859375 0.8234375 0.03125 0.05546875
3 0.41875 0.1484375 0.02421875 0.059375
3 0.41953125 0.3484375 0.02421875 0.0453125
3 0.47578125 0.43046875 0.0234375 0.03984375
3 0.58359375 0.5296875 0.0234375 0.04140625
3 0.5296875 0.72265625 0.02265625 0.04609375
3 0.58828125 0.82734375 0.025 0.05234375
12 0.75546875 0.14453125 0.0421875 0.0828125
12 0.7734375 0.85 0.0484375 0.08046875
5 0.36484375 0.4421875 0.0375 0.05546875
9 0.64375 0.1390625 0.0390625 0.0828125
9 0.6390625 0.628125 0.03671875 0.06171875
2 0.5828125 0.42265625 0.0328125 0.06328125
2 0.7046875 0.7328125 0.0421875 0.0828125
6 0.74921875 0.32890625 0.04296875 0.06796875
6 0.35859375 0.71796875 0.0453125 0.065625
0 0.70078125 0.525 0.0375 0.05546875
8 0.759375 0.41796875 0.05546875 0.07109375
1 0.4203125 0.525 0.040625 0.06015625
11 0.36875 0.140625 0.04375 0.0984375