7 0.1799061796875 0.0942337328125 0.125351615625 0.8949778500000001 0.5898979328125 0.8855256671875 0.607893059375 0.121612159375 0.1799061796875 0.0942337328125
10 0.25978887397746797 0.14841127068445542 0.03619356426490725 0.06269998789975162
10 0.25009797374004117 0.23977661406859713 0.03284124373179385 0.0548693071815924
10 0.3121684132360576 0.3354663639704013 0.02948892319868044 0.047038626463433174
10 0.2317916252976162 0.6272357074527388 0.0356479949854351 0.043949987899751616
10 0.29443872631383056 0.7299612525340828 0.02944345909205772 0.04547612646343317
10 0.21728754143666765 0.8303107104778009 0.03435827962517113 0.0533158975406721
3 0.5069721670634882 0.83746572208707 0.026545779625171306 0.05327044574527377
3 0.5046404404204533 0.7296214058302913 0.024710494985435004 0.04388635538619425
3 0.509180839404239 0.6272867461893711 0.026363923198680438 0.047020445745273774
3 0.4159717116658472 0.44702655356735504 0.024710494985435004 0.04388635538619425
3 0.5361695175509773 0.15627026424154772 0.02516513605166182 0.05951135538619425
12 0.19579457013740198 0.14569481596219105 0.049148205331134065 0.07839771077238851
12 0.17553091660126988 0.5198590238077134 0.04998327962517113 0.05340680113146803
5 0.5685772567969316 0.8417310412707149 0.03807431301126592 0.07364657825883114
5 0.5807245334526019 0.45111058645025476 0.03596624373179384 0.05488748789975162
9 0.4751086824363875 0.3481350564942213 0.03168792069139794 0.06892271682251269
2 0.4597347688711254 0.634812899878363 0.036148100158284534 0.06113748789975162
6 0.3991034942605193 0.7313515565924172 0.029670779625171128 0.05328862646343317
6 0.2238534416740945 0.7389271863755 0.04860263605166191 0.05964771077238851
0 0.4212478965430101 0.3462589391059745 0.029807171945039103 0.057976126463433086
0 0.36584734270294417 0.34359248135864806 0.03302310015828454 0.0611193071815924
8 0.15873690703435842 0.7479249364736958 0.06789820533113407 0.07850679508134384
1 0.5781354278840409 0.6206554719888742 0.045568564264907255 0.06275453005422946
4 0.4775303034443546 0.15749187577606208 0.03544941818411544 0.09081589754067192
11 0.3102542237400411 0.2401265928931624 0.05245506175762475 0.08466589149054773