7 0.314078334375 0.205334140625 0.348207434375 0.951897165625 0.774165409375 0.9102844203125 0.7694931453125 0.11750111249999999 0.314078334375 0.205334140625
10 0.6895001114198257 0.8704171363959728 0.03270470364722229 0.06322735182361114
10 0.6939713655038883 0.7790654377827437 0.03248649810013902 0.053852351823611144
10 0.6859244357923606 0.6882040484400701 0.030887630508958354 0.05225348423243048
10 0.6835826454235064 0.5873136956665284 0.030633057370694418 0.04131598423243066
10 0.6825487819163885 0.4973972104841673 0.030705792553055566 0.04444098423243048
10 0.6809518739563538 0.3980875415062159 0.029070557370694416 0.041279616641249996
10 0.6783918780404165 0.30657218873267417 0.032341027735416715 0.047602351823611146
10 0.6809194256274651 0.19797843873267418 0.029361498100139015 0.05377961664124999
3 0.39930509650527757 0.2406692061157642 0.030923998100139016 0.053815984232430655
3 0.40869632066972195 0.3409419630496184 0.029143292553055568 0.04440461664124999
3 0.41176480965180523 0.44419424961875037 0.025945557370694417 0.041206881458888844
3 0.41030945279420095 0.5403061834143406 0.025945557370694417 0.041206881458888844
3 0.4215723014836801 0.6273340579393754 0.026163762917777687 0.050581881458888846
3 0.4172465177643397 0.7124357565526045 0.026091027735416716 0.04745688145888884
3 0.418952528497916 0.807057925530556 0.026236498100139016 0.05370688145888884
3 0.4236744364579506 0.9064403296908683 0.024819468464861317 0.05992051386770854
12 0.7529631993757284 0.8640775238387853 0.04713087955902786 0.07917966014423641
12 0.7447643732907638 0.17523257617548674 0.04862064437666689 0.07609102773541668
5 0.33427950854937477 0.2469724510817711 0.042079703647222286 0.06344555737069442
5 0.36032045127558954 0.9080924422480559 0.03775587955902786 0.07896145459715279
9 0.75272038402434 0.27000021551816034 0.05614220364722229 0.0637728656913195
9 0.7590333210509715 0.7711996928167368 0.054797909194305564 0.07311149810013902
2 0.3592320363817007 0.8205197070656947 0.04549564437666671 0.07601829255305566
2 0.3380928799402775 0.3518054214464933 0.049892203647222286 0.0636273953265972
6 0.7509500237482634 0.6819008034740632 0.04669446846486114 0.06042966014423605
6 0.7540627188461108 0.38024738449611173 0.04669446846486114 0.06042966014423614
0 0.34926480965180523 0.4427395459715281 0.037101262917777864 0.05083645459715278
0 0.363685106670173 0.7299492584524656 0.03582970364722229 0.0633000870059723
1 0.35703702279833277 0.6461554867009726 0.04869337955902786 0.07921602773541672
4 0.350153202794201 0.5389060311538892 0.04513196846486114 0.06039329255305557
11 0.7580761119885067 0.476486604860834 0.06090243882958326 0.06700696846486114
8 0.7517332333794092 0.5810831858828825 0.05948540919430556 0.07322060087368065