7 0.8660970078125001 0.35746872343749997 0.10686574687499999 0.3249430296875 0.0675721046875 0.78062726875 0.8605280125 0.7815269984375 0.8660970078125001 0.35746872343749997
10 0.812384734850269 0.6974341881093612 0.06422909997176518 0.03150606426490725
10 0.7221314611727456 0.701851251978557 0.05476309471009326 0.029670779625171128
10 0.6301714743269253 0.6952626196878189 0.05172909997176518 0.031142351411925874
10 0.5285179690652535 0.6938699527573446 0.04226309471009326 0.02930706677218975
10 0.4378019638035816 0.6927955345732292 0.04382559471009344 0.02935253087881229
10 0.3392279559110738 0.6922750458560001 0.04226309471009326 0.029307066772189572
10 0.2477762032802379 0.6903966456185733 0.04869510523343701 0.032613923198680436
10 0.13647468223355047 0.6934186940483629 0.05476309471009326 0.029670779625171305
3 0.14986713722699108 0.40973401583511765 0.051638094710093264 0.029579851411925828
3 0.25492636354946774 0.4198340930321486 0.048331084186749605 0.026363923198680438
3 0.3596138635494678 0.4228801881758682 0.048331084186749605 0.026363923198680438
3 0.45758863196531924 0.42025294483978576 0.04208108418674961 0.02618206677218975
3 0.5437613503952882 0.4321512027573446 0.04520608418674961 0.026272994985435005
3 0.6293726267036475 0.4268164965682807 0.04842208944842134 0.02792642319868044
3 0.7279011319653192 0.42811823528550963 0.05632559471009326 0.029716243731793844
3 0.8246851267036475 0.43249950989611585 0.05770608418674961 0.026636707838416384
12 0.811042771752559 0.7607836342692952 0.0791106473268119 0.04597774122451135
12 0.12024346650500468 0.7571174811953816 0.07947466837349917 0.05222774122451135
5 0.8205128371705215 0.3697721893630025 0.07883763154179624 0.041290241224511345
5 0.1512546029555369 0.3456033196751836 0.07111613680346807 0.04262542069139794
9 0.719917242813364 0.7667404660851798 0.07634966837349921 0.052136813011265916
9 0.21376595335082502 0.7637515775927424 0.0654121683734992 0.05181856426490725
2 0.7305325792780136 0.3695017532321983 0.0681731473268119 0.0456594924781526
2 0.2590671029555369 0.34874034303214857 0.06366765785015546 0.04864810015828454
6 0.6287385059675434 0.760174565847753 0.0618321420651398 0.04391513605166182
6 0.33030871124333283 0.7647949035361321 0.05870714206513998 0.04382420783841638
0 0.3531433266471777 0.3593034214828208 0.05530912628012441 0.039045779625171126
0 0.6403248082313262 0.3731375671013941 0.058343121018452494 0.037574207838416564
1 0.5569130687546698 0.3675802373970807 0.07304265785015537 0.04892088479802066
4 0.45093608453968537 0.3598011781467384 0.06366765785015538 0.04864810015828454
11 0.4248399612433328 0.7675454819868043 0.06577618942018652 0.05806856426490725
8 0.529292242813364 0.7611938450772127 0.07184417889684287 0.05512542069139794