7 0.5909516765625 0.056150251562499996 0.1601763515625 0.12287295312499999 0.14640869375 0.919585084375 0.6090588234375 0.8035021234374999 0.5917240328125 0.053831649999999995 0.5909516765625 0.056150251562499996
10 0.235795984850453 0.8358728257247485 0.034116050429541286 0.05486930718159257
10 0.3082209407524898 0.7206427354638647 0.03058161465389251 0.047038626463433174
10 0.240890677862191 0.634342141981527 0.03346095318850324 0.042369307181592396
10 0.3044739795349277 0.3301586360295987 0.03214411465389251 0.0470477168225127
10 0.23685711160167483 0.24932679254726117 0.035596663274411536 0.05331589754067192
10 0.2432509537543302 0.15713020218818158 0.03904921189493056 0.05958407825883123
3 0.5194316734511768 0.10319563934924844 0.024904824739800803 0.05793976502711464
3 0.41386891169253187 0.4185575398167867 0.024249727498762752 0.045439765027114554
3 0.5151780269122513 0.5718274646812134 0.025730340343632994 0.04388635538619425
3 0.5161053618288174 0.6733536032448949 0.025730340343632994 0.04388635538619425
3 0.5241867774780782 0.7724950851927181 0.027538501809022266 0.048582945745273956
12 0.1778351571699761 0.5409875726014904 0.049741050429541286 0.05496021077238851
12 0.1786561872459868 0.1676591569104459 0.05080558344622808 0.07527271077238851
5 0.5781704291053864 0.3832371424725064 0.04077548620519007 0.06271816861791084
5 0.5871371568312919 0.7635377208295335 0.042501760515449585 0.06585225897699036
9 0.4690654240170037 0.3042086935057787 0.033290534825708915 0.06892271682251269
2 0.46884193747312947 0.5916223350945223 0.03748671189493073 0.059574987899751616
6 0.41167016734674144 0.6989535669441497 0.034197937584671045 0.056431807181592394
6 0.23816074627041375 0.7460427112633679 0.04718926051544958 0.06587953005422928
0 0.4136818831984009 0.31780810607356536 0.03131859905006031 0.06110112646343317
0 0.3593252538451872 0.3267154734618122 0.03452548620519007 0.0626818071815924
8 0.17381496325372697 0.7667233708060924 0.06519563206674706 0.08160452400410509
1 0.5857328663513732 0.5518916937021704 0.049986711894930556 0.05964771077238851
4 0.4625265762101389 0.11602289227611469 0.03797139077317446 0.09862839754067196
11 0.2993128459978426 0.23490522336361627 0.05154256784239584 0.08933521077238851