7 0.9517603765624999 0.6770364125 0.8801340296875001 0.258955528125 0.0935795859375 0.3046592625 0.20238944062500003 0.7496909484375001 0.95351165 0.6773114171875 0.9517603765624999 0.6770364125
10 0.2914899106678045 0.4468222095542762 0.044768844499482 0.023147994985435006
10 0.1768601763835702 0.38757289317779786 0.05428939371369372 0.02654577962517113
10 0.37667823986580556 0.37784723753009464 0.043206344499482 0.023102530878812467
10 0.6733927280789812 0.4161522534317193 0.04476884449948208 0.023147994985435006
10 0.7523310572769824 0.3473591378340285 0.051164393713693815 0.026454851411925783
10 0.8430288318840882 0.34628471964991303 0.0590496683207995 0.02824467194503919
3 0.9062545396991897 0.611994636184676 0.057487168320799496 0.028199207838416385
3 0.5915862640586267 0.5241442613492782 0.04476884449948208 0.023147994985435006
3 0.4367061730738014 0.6420855822781029 0.045132717535011226 0.030960494985435006
3 0.33383588419867183 0.6505549633151999 0.04520549214211709 0.032522994985435004
3 0.22973058105551872 0.6661010584589195 0.05926799214211709 0.03293217194503928
12 0.8339042349034068 0.28474782607640375 0.07674659057054072 0.03968227711788863
12 0.4666996182780183 0.31186087318604516 0.05643409057054054 0.039091243731793845
5 0.6276073089296121 0.6928571574300698 0.061412688998963995 0.045477636051661816
5 0.24208933994685883 0.7298907738191834 0.06780823821317572 0.04878449247815268
9 0.7041804633966728 0.5732827918323791 0.06715326674922295 0.034721992478152684
2 0.41744459677128437 0.5980544374509524 0.055162688998963996 0.04529577962517113
6 0.3069758236119206 0.5441602108079173 0.062247442927905364 0.029898100158284535
6 0.2667039263835702 0.3849587070469937 0.06090326674922304 0.03454013605166182
0 0.689096964844415 0.5181777546853604 0.060684942927905536 0.02985263605166182
0 0.6788465155063687 0.4660613252184739 0.060684942927905536 0.02985263605166182
8 0.24362599131354762 0.3261747404330886 0.08648546360606986 0.047767561757624755
1 0.45571519230422375 0.714287191211876 0.06199488585581072 0.05797763605166182
4 0.8918795165398261 0.5553043669843459 0.09549659057054072 0.04022784639736088
11 0.7668880169541108 0.40795565703435843 0.08441354135632899 0.03678459765100217