7 0.8448561515625 0.9027489734374999 0.87690846875 0.1484488984375 0.4344145421875 0.14709281875 0.431131553125 0.9134726656250001 0.8448561515625 0.9027489734374999
10 0.5124523977331144 0.8623298193957396 0.024501168019063258 0.061346603084255234
10 0.610895626222759 0.7741770288106609 0.025900026785361165 0.05199887662320553
10 0.5188968612052252 0.5826695929346901 0.022584112012708955 0.04100682954530477
10 0.5157969549539895 0.40209174877888876 0.025736385551659247 0.042623876623205346
10 0.5792612114468112 0.3031690535674271 0.027326159090609536 0.04421365016215582
10 0.5168351237838317 0.2083008384704632 0.02592730032431163 0.05356137662320544
3 0.7819018271162633 0.8717220048646734 0.036892073863261744 0.05531479139585791
3 0.7877093165629565 0.673325415173099 0.036782979707460584 0.04906479139585791
3 0.7328911773578494 0.5903123177708867 0.03508411201270896 0.041225017856907444
3 0.6244258867727704 0.49151453327488764 0.030451159090609536 0.044268197240056394
3 0.6864424659110382 0.29644354098552544 0.03195911201270896 0.04117047077900686
3 0.6319106988649095 0.1970241935833132 0.03206820616851012 0.047420470779006775
12 0.45769671388573857 0.8652814955324779 0.03409435633066593 0.07401024431795733
12 0.4624885430207109 0.18781501460720132 0.035629582791715644 0.07247501785690749
5 0.848720728899977 0.5806118096532118 0.05564207386326174 0.05564207386326192
9 0.5768435491097909 0.396905416797952 0.03845457386326192 0.0553420649348082
9 0.5607262564994123 0.8725502991032001 0.03423072402541756 0.08182274431795733
2 0.6272587861241473 0.5978463538917387 0.04155230032431163 0.053834112012708955
2 0.5184191688331374 0.2966366355483639 0.02940685633066593 0.07392842370110611
6 0.8637180320636624 0.30344533765638904 0.05882162094116268 0.05882162094116259
6 0.467110444403978 0.6841405896882792 0.02759889448011297 0.05983865016215582
0 0.514928155847494 0.4966366355483639 0.028970479707460584 0.0489284237011061
8 0.4623468522767714 0.5988752455324778 0.03554776217486477 0.06778751785690744
1 0.7993986132338201 0.4961316696373258 0.06978639448011296 0.06057503571381488
11 0.8373160300383627 0.8758152154974106 0.06731595941492116 0.09802048863591395