7 0.8348716640625 0.89152694375 0.8584700546875 0.09311660000000001 0.3960194265625 0.11641383125 0.40517299375000004 0.8750849140625 0.8348716640625 0.89152694375
10 0.7537860961170855 0.8408590852476039 0.03508407200827239 0.06193771034569906
10 0.760534988104677 0.7492255147144904 0.03346702800763594 0.05720474623907634
10 0.7571276300922685 0.6578874608744243 0.03499316534054522 0.05412521034569906
10 0.7582805027450419 0.5554755147144904 0.033321577339272504 0.044704746239076346
10 0.7603146227323151 0.461634586501245 0.034884077339272325 0.04475021034569906
10 0.7638385173854066 0.36149819418137696 0.03490225867281786 0.04631271034569897
10 0.7643465000397709 0.2708277300747543 0.03492044000636341 0.04787521034569906
10 0.7708499440244989 0.1581004095416409 0.03499316534054522 0.05412521034569897
3 0.4833372361154947 0.8370056256933275 0.024092028007635945 0.05693196159934004
3 0.4821918121021317 0.7385681256933276 0.02249316534054504 0.053761497492717504
3 0.48264525075585957 0.643210161586705 0.02400112133990895 0.04911946159934022
3 0.4894577774108601 0.5570453410535915 0.022347714672181596 0.0412614974927175
3 0.48061803206554243 0.46899141158670493 0.022420440006363406 0.047511497492717505
3 0.4865129487189521 0.3711305731069029 0.02236589600572696 0.0428239974927175
3 0.48765673070495275 0.2679373769469689 0.0223840773392725 0.0443864974927175
3 0.4809516500238626 0.16184650132014824 0.024019302673454136 0.05068196159934022
12 0.8178940494509492 0.8429013068760739 0.047784066677272106 0.07948892319868044
12 0.8355846060232262 0.1468386491167996 0.05399770401018138 0.07654577962517113
5 0.4215275794477675 0.8309889579049236 0.03681020401018138 0.07604567445232177
5 0.4184061966899989 0.15975881558505547 0.03679202267663584 0.0744831744523217
9 0.8277497601049951 0.7496143081297151 0.05552384134309065 0.07346624373179385
9 0.8413720767027255 0.24123350679693162 0.06166475334181776 0.06427310015828454
2 0.42437022143535896 0.7394690476383668 0.03986247867599957 0.06988660266556704
2 0.418089118037862 0.2668355296916782 0.04127952800763599 0.05743206677218975
6 0.8228071740929048 0.6606654683962718 0.05076361600890884 0.06707985141192588
6 0.8387930640515432 0.35540966706348825 0.050727253341818115 0.06395485141192578
0 0.42622942938413394 0.3619434412118761 0.03186816534054522 0.05403428213245363
0 0.43035604475649586 0.6494207091585648 0.031922709341181486 0.058721782132453625
8 0.829437887412451 0.5588756478631585 0.06337270401018139 0.07681856426490725
11 0.839911216064588 0.45150341706348823 0.0679329346753633 0.0660174565847754
4 0.4250129220639516 0.4588866373718101 0.03822725334181776 0.06359113855894431
1 0.4278208434118146 0.5658724232651874 0.04142497867599957 0.06993206677218958