7 0.775377775 0.944172759375 0.7264711078125 0.1507689453125 0.3037656296875 0.1475653515625 0.31884687500000003 0.9085824203125 0.775377775 0.944172759375
10 0.6455392875661606 0.20041427240215462 0.0305443458553869 0.06035714664195542
10 0.550108723839727 0.2899182273041453 0.024039677870609212 0.05388889183263199
10 0.6540653478697342 0.4862426449974929 0.025220175893442942 0.044568455534962935
10 0.6702354704168669 0.6724802453603126 0.026782675893442943 0.044623019237293705
10 0.6102158246752107 0.7694618835647475 0.0269100098858317 0.0477480192372937
10 0.6839809299221378 0.8757962183184705 0.030417011862997965 0.05723214664195524
3 0.3749084525851887 0.18316225189891652 0.03035334486680368 0.055669646641955416
3 0.38155899509426516 0.3846701881965857 0.02840884288963732 0.04624008293962447
3 0.44193276239447077 0.4686930133316619 0.026655341901054185 0.0414980192372937
3 0.552289283649009 0.5731845950901601 0.025092841901054187 0.04144345553496294
3 0.5063095746752108 0.7658333973597455 0.0237850098858317 0.047638891832631994
3 0.5668889304164294 0.8740476906436564 0.02716467787060921 0.05399801923729371
12 0.7063812870718691 0.20019850679305798 0.045370849809719616 0.07959821996293312
12 0.7459052683631509 0.9021429527093741 0.05369268577927464 0.09237103847458741
5 0.32912901486592866 0.47645589491267487 0.045978344866803675 0.05621528366526398
9 0.5976283695813831 0.19250007948106349 0.03924818380210837 0.0825049651536097
9 0.6087395549035473 0.6757937291182439 0.03379667984777566 0.06359127404661713
2 0.5481190953982763 0.4708408450901601 0.03028967787060921 0.05410714664195524
2 0.6755370771466687 0.783445027211478 0.03768568380210837 0.08245040145127884
6 0.33261740669043316 0.7535268264010206 0.0461693458553869 0.060902783665263985
6 0.7060496591247101 0.38351943828140367 0.0399193458553869 0.060684528855940556
0 0.6655068666528147 0.5755779635091471 0.03653967787060921 0.05432540145127884
8 0.7190218444096932 0.47212807049538885 0.05273768083635879 0.06893353847458741
1 0.3864732826604258 0.5627133426430894 0.049294345855386903 0.06101191106992569
11 0.3231549515966055 0.1766741497219983 0.05382001977166349 0.0954960384745874