7 0.3444010421875 0.10011574062499999 0.3264973953125 0.8582175921875 0.7828776046875 0.8917824078125 0.76953125 0.0978009265625 0.3444010421875 0.10011574062499999
10 0.68671875 0.1484375 0.0296875 0.06015625
10 0.6921875 0.2375 0.02890625 0.0546875
10 0.6875 0.32890625 0.0296875 0.05234375
10 0.68671875 0.43046875 0.028125 0.0421875
10 0.6875 0.52109375 0.0296875 0.04375
10 0.6890625 0.621875 0.03046875 0.0453125
10 0.68828125 0.7109375 0.03203125 0.04765625
10 0.69375 0.821875 0.0296875 0.05234375
3 0.42109375 0.14140625 0.025 0.05703125
3 0.41875 0.2390625 0.02734375 0.05234375
3 0.41953125 0.33359375 0.0234375 0.05
3 0.42421875 0.41875 0.025 0.04453125
3 0.415625 0.5078125 0.025 0.040625
3 0.41953125 0.6046875 0.02734375 0.04453125
3 0.41796875 0.709375 0.028125 0.04609375
3 0.41015625 0.815625 0.028125 0.053125
12 0.74921875 0.14765625 0.04375 0.075
12 0.7578125 0.8375 0.0484375 0.0765625
5 0.3578125 0.146875 0.03828125 0.07421875
5 0.3453125 0.81328125 0.04296875 0.0671875
9 0.759375 0.24140625 0.0546875 0.0703125
9 0.7625 0.74296875 0.05234375 0.0609375
2 0.34765625 0.70703125 0.04765625 0.05703125
2 0.359375 0.23515625 0.04296875 0.065625
6 0.7515625 0.3296875 0.04453125 0.06328125
6 0.76171875 0.6296875 0.04453125 0.0609375
0 0.3640625 0.325 0.03515625 0.059375
0 0.35546875 0.61328125 0.0375 0.0546875
8 0.7546875 0.4296875 0.05625 0.0703125
1 0.3609375 0.40859375 0.046875 0.0703125
4 0.35546875 0.51640625 0.0453125 0.05859375
11 0.76328125 0.53359375 0.05703125 0.06328125