7 0.7957863796875 0.8733361140625 0.8231955843750001 0.07753998437500001 0.36075170624999997 0.18437908281249998 0.3648007984375 0.9317098078124999 0.7957863796875 0.8733361140625
10 0.7333060656946893 0.15842995954167804 0.034034163274411534 0.05421627404661713
10 0.7259705212580417 0.2686407732440089 0.03683161465389251 0.048075401451278844
10 0.7250863726829513 0.35991061398818175 0.03337906603337348 0.04171627404661713
10 0.7221484011770822 0.46061001843468546 0.03674972749876275 0.04651290145127884
10 0.7197836397571216 0.5503719228811892 0.03658595318850324 0.04338790145127884
10 0.7182034503634281 0.6549230136253621 0.03699538896415202 0.05120040145127884
10 0.7213074389434675 0.7444939451137078 0.03715916327441153 0.05432540145127884
10 0.7140914032132473 0.837544540667204 0.03756859905006031 0.06213790145127902
3 0.44499383819592647 0.21372761706822466 0.027866050429541288 0.0555605192372937
3 0.45052678595736284 0.3164706711519087 0.027456614653892687 0.0477480192372937
3 0.449110370873929 0.4178967618960815 0.02737472749876275 0.04618551923729371
3 0.4432521172558843 0.5147990437472469 0.02721095318850324 0.043060519237293704
3 0.45046707372374806 0.6003273159797655 0.027292840343633173 0.044623019237293705
3 0.443496699458917 0.6886904115332618 0.024331614653892508 0.047638891832631994
3 0.44162658299600216 0.7838937841286 0.02630355042954129 0.05550595553496294
3 0.4419364422228278 0.8821403111704422 0.028111711894930558 0.060248019237293705
12 0.778563338988896 0.8274949288716389 0.05253185775648763 0.07981647477225655
12 0.7984330987113759 0.13588034774611296 0.055574970601357875 0.07836310217691825
5 0.3809989422228278 0.8842682955613455 0.03707063206674714 0.0823958377489479
5 0.3828247088427128 0.2244766333102935 0.040693599050060314 0.06224702885594056
9 0.8037580065587207 0.2277131836809624 0.062486711894930734 0.06144842068857255
9 0.7896856247191162 0.7343079240623156 0.06330558344622812 0.07707342068857255
2 0.3812445194490195 0.32902772405446634 0.04357293758467105 0.05766865626060227
2 0.3839402357549641 0.7983853592636763 0.041184921980838854 0.07162202885594056
6 0.786540692561512 0.6455182425739698 0.05327548620519025 0.0642460384745874
6 0.8017274378118137 0.34085802442513524 0.05311171189493073 0.06112103847458741
0 0.38739162087392903 0.4200520281381503 0.03387038896415202 0.05109127404661713
0 0.39033407790761954 0.7061432955613455 0.034361711894930556 0.06046627404661713
8 0.7910411640673811 0.5447642744251352 0.06782930913596844 0.07411211179556502
1 0.3891644035519315 0.6243030185195035 0.04315685775648763 0.07948909255827133
4 0.3870430608334493 0.5159820870311578 0.0405298247398008 0.059122028855940555
11 0.8021191841937692 0.4375420514669773 0.06890048620518989 0.06479167549789597