7 0.09191944375 0.8193582546875 0.8503632078125 0.8319101515625 0.8436350796875001 0.3868087 0.0733529640625 0.403164190625 0.09191944375 0.8193582546875
10 0.1265538590002802 0.48441188231716553 0.06001149749271752 0.022220433645025395
10 0.2142811795333936 0.47710844242562417 0.05380696159934022 0.02374657220870695
10 0.3063490075883544 0.5354663639704013 0.04755696159934022 0.023710210772388506
10 0.587809607746639 0.4761560382456528 0.04447742570596276 0.025254530054229285
10 0.686863221694977 0.5361173664062882 0.04443196159934022 0.023692030054229284
10 0.7816960000665071 0.47259574277152544 0.050727425705962934 0.025290891490547907
3 0.12261755060786769 0.7539658582148647 0.057295674452321685 0.03626475292686635
3 0.4134818944979461 0.6400134842855143 0.044613818025830906 0.029942030054229463
3 0.5916857993542265 0.74575546593875 0.0447956744523216 0.03619203005422929
3 0.6963960314075377 0.7455832699970844 0.04475021034569906 0.034629530054229286
3 0.8008789429277356 0.7532235740554187 0.05421613855894449 0.037809072208706954
12 0.12350306683869672 0.4281346112399268 0.07898881802583092 0.030142017953980905
12 0.48303719121187605 0.4247566438282388 0.05081835391920819 0.02841589149054773
5 0.41551209276945117 0.8119293909013725 0.054579851411925874 0.05030907220870695
5 0.8028984325028944 0.8180900499531178 0.07181281551854832 0.05197156615858276
9 0.31251277639297287 0.6995924964839586 0.06841503087881237 0.04257838544042354
2 0.603137776392973 0.7012833032727674 0.05618781551854859 0.05188066256778665
6 0.6956268047645028 0.6377480440993853 0.05421613855894432 0.037809072208706954
6 0.6940823397999503 0.47599293266306686 0.05715928213245362 0.03157725292686635
0 0.3141949483380121 0.6417799964839586 0.058812710345698974 0.03471134328594587
0 0.3118799420698059 0.5870697705862595 0.06184678213245363 0.03160452400410492
8 0.6987303873718101 0.4236673633812261 0.07131271034569905 0.03478406615858276
1 0.5878955581297151 0.8223088755796703 0.06293792069139811 0.06910452400410501
4 0.12503550844628422 0.6977204033944044 0.0952503155185485 0.05210792154477702
11 0.2125308114284204 0.5372646924256242 0.08693771034569897 0.03487496974937905