7 0.8927751531249999 0.9162111921875 0.8814587421875 0.1086895328125 0.416700265625 0.14658492343750001 0.458541578125 0.9104383484374999 0.8927751531249999 0.9162111921875
10 0.8099725585080563 0.868073951195564 0.03895470364722229 0.06424659057054072
10 0.6985064220151742 0.7731359786981539 0.030923998100139016 0.05450771753501123
10 0.7961223851617019 0.5747777154635875 0.03855466014423605 0.04705909057054054
10 0.7993889362641322 0.3798290884991168 0.038591027735416714 0.04862159057054054
10 0.7276756307932988 0.2828406184829061 0.035393292553055566 0.045351041356328906
10 0.7970230832062501 0.17759450040977556 0.03884560087368065 0.05955909057054063
3 0.529158969602223 0.8737245219165095 0.023184233282499987 0.05726884449948209
3 0.5182175503399311 0.671870923488086 0.022893292553055743 0.04476884449948208
3 0.5716315314382296 0.586173172040344 0.024383057370694416 0.04171661910658777
3 0.6777159176467713 0.4834185072342011 0.029143292553055745 0.045059942927905536
3 0.6146489539315627 0.2885019594677315 0.024455792553055744 0.04484161910658786
3 0.671423671162153 0.17954864453775404 0.029397865691319504 0.05599744292790541
12 0.8627929003605903 0.1533436712117745 0.056614982332569494 0.08535961124870499
12 0.8747072057345147 0.866406597390457 0.05501611474138883 0.08372433664159899
5 0.4621837962558685 0.577953949542934 0.03248649810013902 0.05458049214211709
9 0.7625890654419104 0.8775730756788352 0.050292247150208524 0.08194351282028159
9 0.7346179214464933 0.37993394230422367 0.04676720364722229 0.06461046360606985
2 0.6841315314382296 0.5914129437519657 0.038736498100139016 0.05487159057054054
2 0.798387521085903 0.26974561310622264 0.04876611474138901 0.08343323821317572
6 0.4472439015948614 0.3048974392038518 0.03255923328249999 0.057705492142117176
6 0.8618402637707991 0.6824125870513746 0.051345600873680654 0.060141287427387446
0 0.8033516972820489 0.48302686310622267 0.04814786569131968 0.05687073821317572
1 0.5148710787409378 0.49456356079163905 0.03270470364722229 0.06395549214211727
11 0.48252035894489664 0.8816975337033337 0.036702525835555735 0.10160104135632864
8 0.8705775245043753 0.5883907593011157 0.07035017401194424 0.07195208271265763