7 0.4306640625 0.0613354171875 0.3665364578125 0.8148830671875 0.8092447921874999 0.9321946375 0.8421223953125001 0.17929182187499998 0.4306640625 0.0613354171875
10 0.50703125 0.1325496714063627 0.0234375 0.06331845553496285
10 0.49453125 0.21805066178771587 0.021875 0.05388889183263199
10 0.54765625 0.323030827666965 0.021875 0.047638891832631994
10 0.47109375 0.5891072062527531 0.0234375 0.046130955534962936
10 0.5234375 0.6995288402808366 0.021875 0.042951391832631816
10 0.4546875 0.7752530373782791 0.025 0.0477480192372937
3 0.73125 0.8661608126908404 0.040625 0.057668656260602094
3 0.73125 0.7599108126908405 0.0359375 0.04812996515360979
3 0.73828125 0.6554688493513294 0.034375 0.048075401451278844
3 0.64375 0.45294899536031263 0.028125 0.04473214664195542
3 0.775 0.19425109635610446 0.034375 0.05432540145127884
12 0.4515625 0.11498765997361733 0.028125 0.07910714664195542
12 0.4265625 0.4711458907363236 0.028125 0.054107146641955414
5 0.796875 0.8856399881887365 0.05 0.0720585384745874
5 0.815625 0.4972322526167067 0.05 0.051746038474587405
9 0.71015625 0.36854920270937397 0.0421875 0.06709821996293304
6 0.625 0.7312004809323424 0.034375 0.055887901451278844
6 0.46328125 0.6903968877410988 0.0296875 0.054161710344286365
0 0.653125 0.35640137757429774 0.0359375 0.06375496515360961
0 0.5984375 0.3412103979927178 0.0328125 0.06364583774894798
8 0.41171875 0.6792212855641806 0.0359375 0.06687996515360979
1 0.815625 0.6675447526167068 0.06875 0.06333830290255768
4 0.72109375 0.17986864862568996 0.053125 0.09248016587924912
11 0.55390625 0.2302803324762884 0.034375 0.09182540145127882
2 0.690625 0.6538046564302382 0.0453125 0.05314484736759475