7 0.90679976875 0.3033854171875 0.12552515 0.3076171875 0.1680543484375 0.7561848953125 0.92114293125 0.72265625 0.90679976875 0.3033854171875
10 0.19770922951193634 0.39375 0.05327044574527386 0.025
10 0.299680274789672 0.4578125 0.04388635538619425 0.0234375
10 0.39224047951193636 0.39375 0.04388635538619425 0.0234375
10 0.6817751573032294 0.446875 0.04700226502711473 0.021875
10 0.7696433168459539 0.38359375 0.053261355386194253 0.0234375
10 0.860241045768715 0.38828125 0.05952044574527378 0.025
3 0.8836865943661003 0.65546875 0.05953862646343318 0.028125
3 0.5835098532448949 0.5515625 0.04388635538619425 0.0234375
3 0.4156905732888615 0.66015625 0.0439318071815924 0.03125
3 0.31254739257070224 0.66328125 0.0439318071815924 0.03125
3 0.20936330523668473 0.6734375 0.05486930718159237 0.03125
12 0.49102341315696185 0.334375 0.05336134933607006 0.040625
12 0.8590330697728202 0.32734375 0.07835225897699019 0.0390625
5 0.21055310051442042 0.7375 0.0627636204133089 0.0453125
5 0.5958093444642962 0.7203125 0.054942030054229284 0.04375
9 0.6878791906771082 0.60625 0.06894998789975162 0.034375
2 0.40188714852263063 0.615625 0.05337043969514976 0.0421875
6 0.3030138321676561 0.55625 0.0532977168225127 0.0296875
6 0.2828563891528567 0.3953125 0.057994307181592396 0.03125
0 0.6819564436039747 0.55 0.05953862646343318 0.028125
0 0.6814797206331418 0.49765625 0.05955680718159222 0.03125
8 0.2738222776183424 0.33671875 0.07526362041330889 0.0453125
1 0.4262008264121195 0.73359375 0.05971134328594587 0.0578125
4 0.8777683924725064 0.5984375 0.09711134933607006 0.040625
11 0.7771012928418488 0.44453125 0.08613748789975162 0.034375