7 0.1503811703125 0.7270622734375001 0.9128663875 0.6830739421875001 0.86554775 0.23186472187499998 0.0860698859375 0.309240696875 0.1503811703125 0.7270622734375001
10 0.8113289227364622 0.3252030138582481 0.05072742570596285 0.027328787427387445
10 0.7204060575344827 0.3998456029810466 0.04443196159934022 0.025475188998963994
10 0.6139909214828208 0.34534650165713904 0.044477425705962935 0.027037688998963992
10 0.43317283049573624 0.3686321060814185 0.04760242570596294 0.02718323821317572
10 0.2540740153728992 0.4778915978092509 0.053852425705962936 0.02747433664159917
10 0.15054218692222698 0.3880543099675787 0.06322742570596289 0.02791098428423435
3 0.17711201326132814 0.6559310146823084 0.05555131802583091 0.03223461124870504
3 0.37617163888814875 0.6411835022763116 0.04769335391920819 0.03030823821317572
3 0.4517650207831755 0.5774249092245716 0.03978992570596294 0.026819365177646402
3 0.5384035512662765 0.4630841193159848 0.04282399749271768 0.02383991439185813
3 0.7367106706248909 0.5031332688206468 0.04755696159934022 0.02562073821317572
3 0.831076784573229 0.4392826304836365 0.05068196159934004 0.02576628742738727
12 0.13785431881725377 0.3284074822173197 0.07921613855894435 0.0411387303552929
12 0.8251353584715548 0.2619752677871895 0.07939799498543527 0.047388730355292896
5 0.47854413261994255 0.6911770401179838 0.054397994985435 0.046224336641599174
9 0.626678789587794 0.4049933294073981 0.060329746239076346 0.035577935070022625
9 0.14485212806759606 0.434475545699555 0.08542067445232168 0.03986732878371626
2 0.4354376756394559 0.4733559933849715 0.05715928213245362 0.0338698858558109
2 0.7240107791629529 0.3355283918561761 0.07756271034569906 0.03794095574818703
6 0.7558196864600086 0.675915797356694 0.06377299498543501 0.046660984284234354
6 0.3199537649771878 0.3222729904894873 0.06350021034569897 0.03728598428423435
0 0.5195960638026889 0.35443686538704344 0.05711381802583091 0.0323073858558109
8 0.40633153417751766 0.3065152497951122 0.07319345909205777 0.048660131926869445
1 0.5542057106749034 0.6297621970662439 0.062392351411925874 0.05283820967712849
11 0.17629131083318797 0.7083839265929672 0.09846624373179384 0.05919952564056317