7 0.7080374671875 0.9018278937499999 0.765635453125 0.11211239375 0.309611875 0.13337167968750002 0.2859675578125 0.8924263874999999 0.7080374671875 0.9018278937499999
10 0.6287239660917784 0.8477019253292546 0.0405565334984459 0.06627956493480838
10 0.6382317067861536 0.7608877179429283 0.030672111248705038 0.05517842370110611
10 0.6385463839982932 0.6703309017903042 0.030599336641599174 0.05361592370110611
10 0.6448756207637268 0.5679598782513537 0.03008991439185813 0.042678423701106104
10 0.6506226606723138 0.4780888547124034 0.031725188998963996 0.044268197240056394
10 0.6576603728306415 0.377266694403978 0.030162688998963995 0.044240923701106105
10 0.6618085254356754 0.288204194403978 0.031943512820281586 0.0489556972400564
10 0.6731527479330854 0.17872010024817658 0.03052656203449331 0.052053423701106105
3 0.36224494148467257 0.8539145637202875 0.0291823858558109 0.056713650162155814
3 0.3669025163394474 0.7539145637202875 0.030599336641599174 0.05361592370110611
3 0.37212301737290476 0.6585884269508122 0.02718323821317572 0.04731137662320535
3 0.38312048346017397 0.5733094460255358 0.028600188998963993 0.04421365016215582
3 0.378602111458102 0.4859594504897625 0.026892139784752266 0.041061376623205345
3 0.3877288624915593 0.3905651298729116 0.027037688998963992 0.04418637662320553
3 0.39267753577475756 0.2843151298729116 0.030162688998963995 0.044240923701106105
3 0.3928295471472971 0.18049070048976262 0.03208906203449331 0.052080697240056484
12 0.690151617663355 0.8528746205407159 0.04753427956950453 0.08201365909060954
12 0.7369798074863793 0.1658967719206878 0.05029540653397539 0.07425570616851021
5 0.32820412096861473 0.17693505235620172 0.043827082712657804 0.06945911201270882
5 0.3001452018237548 0.846411755278301 0.044045406533975304 0.07414661201270896
9 0.7030390694826005 0.7605371160764891 0.05676373035529281 0.07905230032431163
9 0.7381184683635809 0.2587700645343617 0.05574488585581072 0.05717730032431163
2 0.32236503577475756 0.2855424391256769 0.0494948858558109 0.0570682061685102
2 0.3073819671252357 0.7580759582004004 0.0500770827126578 0.06956820616851012
6 0.7017912466947402 0.6700075734628154 0.04353598428423418 0.06320911201270878
6 0.7304621720448532 0.37287347484278716 0.0432448858558109 0.05695911201270887
0 0.32581105934840615 0.3791560714309252 0.04153683664159917 0.053806838473758486
0 0.3162540070338225 0.6681503875835494 0.04033820967712849 0.061592064934808025
8 0.7110271596388564 0.5722695028459643 0.0565454065339754 0.07436480032431163
11 0.7260593083149489 0.46740472484278717 0.05901543507002245 0.06035684740221221
4 0.31813764640429004 0.4768668685088258 0.049713209677128486 0.061755706168510116
1 0.3178764731210918 0.5830350478919749 0.05014985731976358 0.07113070616851011