7 0.9353845828124999 0.1547213609375 0.1444736203125 0.1390727 0.12598853125 0.601676040625 0.8845156734374999 0.58397139375 0.9353845828124999 0.1547213609375
10 0.877367474839492 0.2363862900342319 0.06310001785690744 0.03655754809323426
10 0.7884549793037188 0.23090267106709064 0.05372501785690744 0.03623016587924912
10 0.68969415097623 0.29759415246276916 0.0489284237011061 0.029816474772256553
10 0.4027220308458463 0.23266115554281205 0.04435001785690744 0.03590278366526398
10 0.29616233928783264 0.29884420545014484 0.05054547077900686 0.03299603847458741
10 0.2021726059269242 0.22639134129232702 0.05372501785690746 0.03623016587924912
3 0.8561474452147568 0.5127404589087059 0.05663182954530477 0.023839293283910833
3 0.5737906870970819 0.40704605273292166 0.04103410308425524 0.02485615626060227
3 0.38853325122111126 0.5087697877567973 0.04413182954530477 0.023402783665263983
3 0.2854764350684872 0.5084647421106336 0.04415910308425506 0.02496528366526398
3 0.17837700122111128 0.5161086057202973 0.0519716030842551 0.025238102176918176
12 0.5146686517870089 0.1709746326773213 0.053943206168510116 0.048730165879249124
12 0.8862845531669805 0.1728322215225776 0.08204093262955965 0.048149812521204496
5 0.5592218522767715 0.5707365305004031 0.05528751785690744 0.036284729581580064
5 0.17183094643257285 0.5780183286784553 0.06929547077900677 0.03365080290255769
9 0.6696702029253946 0.4606943531884086 0.0645534237011061 0.030362111795565028
2 0.3815525941590966 0.4613863562684514 0.056822744317957155 0.03477679328391083
6 0.2896475121781599 0.4036953965571374 0.050490923701106104 0.029871038474587407
6 0.29270214854059795 0.2286953965571374 0.060193206168510205 0.048948420688572546
0 0.6721736400191813 0.4067335394860777 0.06299092370110629 0.03030754809323426
0 0.6785969638824433 0.35185506652791976 0.06304547077900687 0.03343254809323426
8 0.2891465004070371 0.16401533766412996 0.0730204886359143 0.0681349303072194
1 0.38967696550729636 0.5774379422033009 0.061646612012708865 0.04275298439090332
4 0.8595139529253946 0.4540648633552096 0.09742047077900651 0.034632949544513104
11 0.7866100612846555 0.2918674529182561 0.09144320616851012 0.050039694735189676