7 0.4143880203125 0.053819443749999994 0.37109375 0.8026620375 0.8287760421874999 0.89351851875 0.8430989578125001 0.097222221875 0.4143880203125 0.053819443749999994
10 0.74296875 0.815625 0.03203125 0.05234375
10 0.74140625 0.70546875 0.03359375 0.04609375
10 0.7453125 0.6140625 0.03203125 0.04140625
10 0.74765625 0.51328125 0.03515625 0.0453125
10 0.75 0.4234375 0.03359375 0.0421875
10 0.75390625 0.31875 0.03359375 0.05
10 0.76171875 0.22890625 0.034375 0.053125
10 0.759375 0.1359375 0.034375 0.0609375
3 0.45703125 0.7703125 0.02578125 0.0546875
3 0.46796875 0.6671875 0.02578125 0.04765625
3 0.471875 0.565625 0.02421875 0.0453125
3 0.47109375 0.46875 0.02421875 0.0421875
3 0.4828125 0.3828125 0.025 0.04453125
3 0.48046875 0.29453125 0.021875 0.04765625
3 0.48359375 0.19921875 0.0234375 0.0546875
3 0.4890625 0.10078125 0.02421875 0.06015625
12 0.8234375 0.14375 0.0484375 0.07890625
12 0.80703125 0.8359375 0.0515625 0.0765625
5 0.428125 0.10078125 0.0328125 0.08046875
5 0.3953125 0.76171875 0.0375 0.0609375
9 0.8171875 0.74375 0.059375 0.059375
9 0.8296875 0.23671875 0.05859375 0.07578125
2 0.39921875 0.65703125 0.04140625 0.05625
2 0.4265625 0.18671875 0.03671875 0.0703125
6 0.821875 0.32578125 0.05 0.06171875
6 0.82109375 0.63046875 0.05 0.059375
0 0.41015625 0.565625 0.03046875 0.05
0 0.428125 0.27890625 0.03046875 0.06015625
8 0.82109375 0.4265625 0.0640625 0.07109375
1 0.42265625 0.3609375 0.0390625 0.078125
4 0.41484375 0.46953125 0.03671875 0.0578125
11 0.8265625 0.53359375 0.06484375 0.06171875