7 0.1087889984375 0.7162372265625 0.9012266671875 0.7005336843750001 0.8921579546875 0.24560624999999997 0.1302126296875 0.2925885359375 0.1087889984375 0.7162372265625
10 0.16326883900274253 0.6310232124338394 0.06002961664124999 0.0305443458553869
10 0.2585469310427079 0.528016276160273 0.05363414627652778 0.024039677870609212
10 0.4492790741851036 0.6162471521302657 0.04429551386770836 0.025220175893442942
10 0.6350165524336105 0.6172645295831332 0.04433188145888885 0.026782675893442943
10 0.7357263736720133 0.5491591753247892 0.04745688145888884 0.0269100098858317
10 0.8380142658644786 0.6144565700778623 0.056904616641249815 0.030417011862997965
3 0.16174793227697887 0.36102904741481134 0.055342116641250036 0.03035334486680368
3 0.3633467998681594 0.3512535049057348 0.04593074905006951 0.02840884288963732
3 0.44405063279006907 0.4049422376055293 0.041206881458888844 0.026655341901054185
3 0.5423588865897913 0.507085716350991 0.041170513867708355 0.025092841901054187
3 0.7381448184855204 0.4452529253247892 0.04738414627652787 0.0237850098858317
3 0.8430855852030203 0.4971735695835706 0.05370688145888884 0.02716467787060921
12 0.1595067529467008 0.6920562129281309 0.07910692496187503 0.045370849809719616
12 0.860814679808437 0.6744072316368491 0.09178876291777768 0.05369268577927464
5 0.4584060331506595 0.29118348513407133 0.055705792553055564 0.045978344866803675
9 0.1581280505337495 0.583621630418617 0.08208645459715277 0.03924818380210837
9 0.6419218222852425 0.5553229450964527 0.06322735182361114 0.03379667984777566
2 0.4400151365897912 0.5112559046017238 0.05377961664124999 0.03028967787060921
2 0.7459358686380202 0.6135254228533313 0.08205008700597212 0.03768568380210837
6 0.7359316211065623 0.27207009330956683 0.06039329255305557 0.0461693458553869
6 0.3432823409026036 0.6767628408752899 0.060247822188333446 0.0399193458553869
0 0.5381597362292009 0.6204306333471854 0.053925087005972115 0.03653967787060921
8 0.43134538535552025 0.6825406555903069 0.06835126291777786 0.05273768083635879
1 0.5415263512549302 0.3416517173395742 0.06046602773541672 0.049294345855386903
11 0.15826056278593723 0.3096575484033945 0.09491376291777782 0.05382001977166349