7 0.9143518515625001 0.33064137968749996 0.13194444375 0.2886699203125 0.1359953703125 0.738983103125 0.8929398140625 0.7496147078125001 0.9143518515625001 0.33064137968749996
10 0.8609375 0.4125507227490973 0.0609375 0.026773100158284536
10 0.77109375 0.40290528661829317 0.053125 0.02654577962517113
10 0.68046875 0.4041746184341776 0.053125 0.02654577962517113
10 0.58046875 0.400483665610326 0.040625 0.026182066772189615
10 0.49140625 0.3963297115328332 0.04375 0.026272994985435096
10 0.39296875 0.3911217228156043 0.04375 0.026272994985435005
10 0.3046875 0.38855300079142285 0.046875 0.02948892319868044
10 0.19609375 0.37914324538114647 0.05 0.026454851411925783
3 0.184375 0.6592710145814763 0.05625 0.032886707838416386
3 0.28984375 0.6545273417785074 0.04375 0.032522994985435004
3 0.39140625 0.6574825087089816 0.046875 0.032613923198680436
3 0.490625 0.6650569794795219 0.040625 0.03086956677218975
3 0.57890625 0.6590319515037033 0.040625 0.02930706677218975
3 0.6640625 0.6677597453146394 0.046875 0.02948892319868044
3 0.759375 0.672876805818623 0.053125 0.03279577962517131
3 0.85703125 0.6733745624825407 0.0546875 0.029716243731793667
12 0.8640625 0.3517041509623427 0.078125 0.039773205331134064
12 0.184375 0.3178647645814764 0.075 0.04436977711788872
5 0.8515625 0.7372779381093613 0.075 0.04593227711788863
5 0.1796875 0.7239783722616083 0.06875 0.04731292069139794
9 0.77421875 0.3404962148315385 0.075 0.04905727711788863
9 0.2765625 0.3166408968722146 0.0625 0.04869356426490725
2 0.2859375 0.7262886815119506 0.0640625 0.05342652837152997
2 0.76328125 0.7347092160851798 0.065625 0.051909492478152686
6 0.6828125 0.3433053145941116 0.0640625 0.036239028371529966
6 0.3890625 0.3214768125490476 0.059375 0.037665136051661906
0 0.67109375 0.7249955837944416 0.059375 0.04235263605166182
0 0.38125 0.7212494920159342 0.053125 0.04373327962517113
8 0.5859375 0.3381427899835054 0.071875 0.04740384890464337
11 0.48203125 0.3241819268930971 0.059375 0.04860263605166191
4 0.4796875 0.727238730733163 0.0609375 0.05489810015828454
1 0.58671875 0.7264467720368167 0.0703125 0.05517088479802066