7 0.8174912484375 0.9012484093750001 0.8753027859375001 0.10020317187500001 0.4077304921875 0.140528975 0.3861471125 0.8973938796875001 0.8174912484375 0.9012484093750001
10 0.7389166033953314 0.8540622059988106 0.040410984284234175 0.06271816861791066
10 0.7502779425181298 0.7610525493829523 0.036922111248705036 0.05488748789975162
10 0.7505926197302696 0.6704502752806514 0.038411836641598994 0.053334078258831144
10 0.756249768406362 0.5657582301011115 0.039537688998963996 0.04396816861791084
10 0.7621423575291606 0.4727803897420319 0.039537688998963996 0.04396816861791084
10 0.7683988196874884 0.3719900493829523 0.039537688998963996 0.04396816861791084
10 0.7735101588102868 0.27901675420341243 0.03982878742738745 0.05021816861791084
10 0.7849271559148028 0.168042892767094 0.036922111248705036 0.05488748789975162
3 0.4654063287882256 0.8572155188377437 0.02464043507002245 0.05950226502711473
3 0.4676837663394474 0.7580104043763631 0.024203787427387446 0.05012726502711473
3 0.47290426737290475 0.6626933591968233 0.02718323821317572 0.047020445745273955
3 0.48237562076372686 0.5767240429400446 0.02540241439185813 0.04232385538619425
3 0.47863849876165493 0.4892694947354427 0.023767139784752266 0.04075226502711473
3 0.4856034363128769 0.3900371091968233 0.025475188998963994 0.04388635538619425
3 0.49196906038186344 0.28690301883774366 0.025475188998963994 0.04388635538619425
3 0.49063134636150885 0.18147063027406213 0.027547111248705035 0.054832945745273906
12 0.8046143780024373 0.8521179109174668 0.053638730355292805 0.07841589149054755
12 0.8496810146823084 0.1528264380448297 0.05981595574818712 0.07688975292686626
5 0.429621071754403 0.18338765427816722 0.03437930810555194 0.06736930718159236
5 0.40465076530599015 0.8536637928418488 0.03786818114108126 0.07519998789975162
9 0.851637312863063 0.24497757660851122 0.06570208271265798 0.06911361436318471
9 0.8167933544287888 0.7583224591220685 0.06435790653397513 0.07379202400410509
2 0.410397805214577 0.7638109524827692 0.04077485731976362 0.07053066861791084
2 0.4245996238640988 0.2912001542781672 0.041609611248705033 0.054914758976990455
6 0.8177801197302695 0.6700593898402278 0.05589043507002254 0.05968407220870695
6 0.8462156046336766 0.3613838266085112 0.0577440334984459 0.06594316256778665
0 0.42012386973026955 0.6723728862259905 0.03230738585581072 0.056422716822512695
0 0.42886328474130025 0.3841189073032293 0.030672111248705038 0.054851126463433174
8 0.8281611557099151 0.5645588235834491 0.06911818114108108 0.07538179508134384
11 0.8424484416895602 0.4590355314289714 0.0733690334984459 0.06603406615858276
4 0.42360639640429004 0.48021720248276917 0.037140435070022446 0.059574987899751616
1 0.422454811210433 0.5887882265850701 0.04099318114108108 0.07521816861791084