7 0.8633403515625 0.4465729515625 0.09984073125000001 0.413079978125 0.0944170125 0.878348328125 0.8925233328125 0.87779306875 0.8633403515625 0.4465729515625
10 0.15534748258203676 0.7921476356847916 0.05412521034569897 0.03715916327441171
10 0.2544274917532368 0.7214433893028364 0.04778428213245363 0.033706614653892686
10 0.35725096338170687 0.7909923286965297 0.04475021034569897 0.03666784034363317
10 0.652424722552907 0.7305649202833582 0.04930131802583091 0.03222600180902226
10 0.7482396762346883 0.7989641174789677 0.05568771034569906 0.03724105042954129
10 0.8399187108744244 0.7943795160540581 0.06350021034569905 0.03765048620519025
3 0.1497640384671668 0.500004401288624 0.05380696159934022 0.026221663274411534
3 0.2567043602539214 0.508738671415012 0.04443196159934022 0.025730340343633175
3 0.3599202884671668 0.5110182236535756 0.04443196159934022 0.025730340343633175
3 0.5399367459098718 0.6166927708037566 0.04130696159934022 0.02556656603337366
3 0.8307783577466388 0.5169162573476309 0.056886497492717326 0.024822937584671044
12 0.46726480938335635 0.8554410102883068 0.05788670783841639 0.05919793758467122
12 0.8434325042896491 0.8618536210970124 0.0796253155185486 0.05565685775648745
5 0.5345314950519421 0.45287925429541315 0.05403428213245363 0.034034163274411534
5 0.14452862067876268 0.4379171590905401 0.07122178213245363 0.03493492198083885
9 0.6384711858015997 0.5647385244218012 0.06336381802583091 0.03296298620519007
2 0.3506756691085523 0.5598275378779268 0.050909282132453625 0.0338703889641522
6 0.2536128010035791 0.6149886714150119 0.05398881802583091 0.03247166327441171
6 0.24530489284859347 0.7929498971047525 0.06698892319868044 0.050314260515449585
0 0.6400049420698058 0.6195897987320607 0.060193353919208194 0.031236711894930734
0 0.6438369842313894 0.6761264037750148 0.06037521034569906 0.03748671189493056
8 0.2402931324237522 0.8576298727944931 0.07700042069139794 0.0726805834462283
1 0.36424172710525343 0.4431723043862702 0.06211956677218975 0.04381859905006032
4 0.8298547037482884 0.5755509509251958 0.09470474623907635 0.03772572930778502
11 0.747669026392973 0.737903786746273 0.08573892319868044 0.05129690637700666