7 0.8039783593750001 0.8921614874999999 0.8474988937499999 0.0899607375 0.3823800640625 0.12449003437499999 0.3735331984375 0.88714386875 0.8039783593750001 0.8921614874999999
10 0.7569904829112412 0.15806844994868635 0.03444920783841656 0.05644089754067196
10 0.6812881377675215 0.2631786516458886 0.03105142319868044 0.0470477168225127
10 0.7440261669969812 0.3620156065645446 0.03564799498543501 0.043949987899751616
10 0.7299312600956369 0.5511281035394825 0.034085494985435005 0.0439408975406721
10 0.6194925506078677 0.7493934075978169 0.029670779625171128 0.05328862646343317
10 0.7245772042105069 0.8425161728213233 0.03619356426490725 0.06269998789975162
3 0.6327717329112412 0.15879113349551596 0.029670779625171128 0.05328862646343313
3 0.5694557275009648 0.26773486232008126 0.023147994985435006 0.04387726502711464
3 0.6193323923863752 0.4595996545727548 0.026272994985435005 0.04389544574527378
3 0.5077380113492781 0.5633564345287883 0.02301160266556703 0.03918976502711473
3 0.449791467538342 0.6488353922761148 0.02323892319868044 0.04700226502711473
3 0.4455345618906389 0.848826301917035 0.0235571719450391 0.05793976502711473
12 0.7877902580505728 0.8444917632785988 0.049148205331134065 0.07839771077238851
12 0.8226071227238266 0.1311287000468822 0.055489133544379496 0.08155907220870699
5 0.3978318139357029 0.5554035548439014 0.03435827962517113 0.05331589754067192
9 0.6792506131569154 0.3600491064663488 0.04244356426490725 0.06273634933607006
9 0.6751765977840162 0.8490525191323313 0.046341454077492725 0.08931703005422946
2 0.6162181010827215 0.5666309045727548 0.04088106426490725 0.06272725897699054
2 0.751183100620503 0.2502741306668456 0.05263691818411544 0.09091589149054773
6 0.7869504867386719 0.6585906247149172 0.04869356426490725 0.06277271077238851
6 0.40112326464798337 0.28121207592114017 0.03605717194503928 0.05801248789975162
0 0.7419431782797524 0.46044856138500484 0.04713106426490725 0.06276362041330899
8 0.8004794408161647 0.5694644922013599 0.06597199247815269 0.06599770472226432
1 0.45724992953339355 0.4730405067374953 0.03610263605166182 0.059574987899751616
11 0.39765099135752535 0.8569160578689633 0.04040970282385157 0.10021816861791066