7 0.8397287109375 0.8853025609375 0.828879503125 0.08368897656249999 0.3981279015625 0.10123594218750001 0.3759063625 0.8642780640625001 0.8397287109375 0.8853025609375
10 0.7519735552196416 0.8197707992994786 0.03346702800763594 0.05701371941479172
10 0.6805354545671864 0.7167743922893745 0.030232940006363406 0.04756598423243066
10 0.7473149692473221 0.616028203459791 0.0348840773392725 0.044550087005972114
10 0.740921160606321 0.4271657252112841 0.033321577339272504 0.04451371941479163
10 0.6385335992998197 0.2319461038203814 0.028743165340545218 0.05377961664124999
10 0.7474369793125464 0.13568674002892298 0.036664753341817756 0.06333645459715283
3 0.6277548052196416 0.8226620227983329 0.028743165340545218 0.0537796166412499
3 0.56886215790105 0.7154684250587842 0.022384077339272324 0.04425914627652787
3 0.6265672119271397 0.5219898755718745 0.025509077339272324 0.04433188145888885
3 0.519173429941139 0.42139242315892317 0.022329533338636055 0.03957164627652787
3 0.4646955626193659 0.3375272226458329 0.022420440006363406 0.04738414627652787
3 0.4685852733131828 0.1374908550546524 0.02254770934118149 0.058321646276527785
12 0.8107455013128646 0.13187010258611043 0.0493465666772722 0.07925239532659728
12 0.816508222549369 0.8448240442654853 0.054070429344363194 0.08248649810013901
5 0.40891718260663906 0.4325500883371524 0.033430665340545174 0.05388871941479163
9 0.682443947247004 0.6198812084937841 0.04135225334181776 0.06344555737069442
9 0.6982909546467282 0.13058231915111054 0.044786336012090186 0.09008079255305558
2 0.6278126332750027 0.4149586255718745 0.03978975334181776 0.06340918977951393
2 0.7499212538988228 0.7276560344818396 0.05105451734563573 0.09178876291777768
6 0.8023319226209568 0.31795307295083264 0.04760225334181776 0.06359102773541672
6 0.40103885856941357 0.7068779411106941 0.03348520934118149 0.05857621941479181
0 0.7492416432606852 0.5175725196642007 0.04603975334181776 0.06355466014423605
8 0.8122330866088664 0.4067609998125688 0.06482611600890857 0.06711607123840277
1 0.46499391259550327 0.5132539212590621 0.03506589067472685 0.060175087005972294
11 0.42101992998091 0.13078756658565938 0.03866360534690845 0.10087282218833335