7 0.15237284375 0.1017875765625 0.1296076640625 0.8985006265625 0.5915216640625001 0.820961340625 0.5831052984375 0.0708590125 0.15237284375 0.1017875765625
10 0.21904290509074245 0.8231038455394311 0.03372433664159917 0.05403428213245363
10 0.22573601489170542 0.7129930596460538 0.03655823821317572 0.04787521034569906
10 0.22608707940739806 0.6214731493794969 0.033142139784752264 0.04153428213245362
10 0.22843729156572584 0.5206237032195631 0.03648546360606986 0.04631271034569906
10 0.23027808147431267 0.430711757059629 0.03633991439185813 0.04318771034569906
10 0.2312477301504051 0.3259105967930723 0.036703787427387446 0.05100021034569906
10 0.22761977005899192 0.2358395262599589 0.03684933664159917 0.05412521034569906
10 0.23429360918179043 0.1429389724198929 0.03721320967712849 0.06193771034569897
3 0.5070908686968123 0.7861112770513817 0.027547111248705035 0.05541492570596294
3 0.5009564927657989 0.6826680283050229 0.02718323821317572 0.04760242570596294
3 0.5017805922276797 0.5809918680384663 0.027110463606069855 0.046039925705962936
3 0.5070738678682428 0.4841396000917776 0.02696491439185813 0.042914925705962934
3 0.4993577212590649 0.39786111929210743 0.027037688998963992 0.044477425705962935
3 0.5058132365605459 0.30964806545204143 0.02405823821317572 0.047511497492717505
3 0.5071274875940033 0.2142446372387961 0.025984611248705037 0.05536946159934022
3 0.5062435378416723 0.11564801286561673 0.027765435070022448 0.06010242570596289
12 0.16986723614626112 0.14888744404836296 0.05207623035529289 0.07953438730530311
12 0.15403433519836632 0.8415523171679011 0.05512845574818703 0.07806281551854859
5 0.5671810378416723 0.1174211130239013 0.03659677956950454 0.0822047462390763
5 0.5692098790358945 0.7793133592629775 0.04033820967712849 0.06202863855894449
9 0.14817178701761188 0.7490693004748536 0.06214043507002254 0.061102636051661816
9 0.1592871470234626 0.24167433762187224 0.06286818114108117 0.07672763605166182
2 0.570179527711987 0.6745121989964209 0.0432448858558109 0.05743206677218957
2 0.5647409344508499 0.20340407713052397 0.04077485731976367 0.07140363855894431
6 0.16295149441842874 0.33096415815498564 0.05291098428423431 0.06395485141192578
6 0.14954169603278653 0.635674390208297 0.052765435070022584 0.06082985141192587
0 0.5634993422276796 0.5827877002500621 0.033578787427387444 0.050909282132453625
0 0.5588847326316044 0.2955461130239013 0.03401543507002262 0.060284282132453626
8 0.15903878226010093 0.431768140208297 0.06741013192686944 0.07373902837152997
1 0.560532815758547 0.37773648739708066 0.04270123035529281 0.07926160266556703
4 0.5632874805646899 0.4865575579301941 0.040192660462916766 0.058903638558944496
11 0.1485849716733497 0.5386402658351177 0.06853598428423431 0.06440949247815268