7 0.83581259375 0.2422004625 0.07323935000000001 0.2485497015625 0.13656171718750001 0.7004017609375001 0.91014255625 0.6604408046875 0.8358182765625 0.2418749421875 0.83581259375 0.2422004625
10 0.845691186286303 0.5800675061713549 0.06290910308425524 0.024892203647222288
10 0.7580002715136508 0.5889684210652437 0.05194432954530477 0.023075130508958354
10 0.6574059821463878 0.5311357776385075 0.04725682954530477 0.022966027735416717
10 0.3842218522767715 0.5998078167730906 0.045694329545304765 0.02292966014423623
10 0.2773775629095086 0.5418297029816321 0.04415910308425506 0.024455792553055567
10 0.18943150365674324 0.6101238016711112 0.05043637662320544 0.026163762917777868
3 0.13179983035937895 0.329762848023889 0.05992047077900682 0.03263196846486114
3 0.24035267005095343 0.33463414561093774 0.047420470779006865 0.032341027735416715
3 0.3451356274372796 0.33160202422003504 0.04429547077900686 0.032268292553055564
3 0.5387571680223585 0.4330229731176046 0.04418637662320535 0.026018292553055565
3 0.8120737114468112 0.31198900018743125 0.055232970779006865 0.0325228656913195
12 0.8571820653451405 0.6381709469007995 0.08497501785690745 0.03633884992375016
12 0.4943002357998358 0.6516086657469101 0.05528751785690744 0.03564786569131932
5 0.5097260073068959 0.2604024374984032 0.053943206168510116 0.04811149810013893
5 0.11965043222581806 0.26460997349885423 0.0726932061685102 0.04854790919430556
9 0.6297191331193226 0.37105160961048667 0.06627956493480802 0.03902743882958335
2 0.3411924212687694 0.37840428903767387 0.053861385551659244 0.043423998100139014
6 0.25565829586337996 0.44284668911392383 0.0567681972400564 0.030996733282499987
6 0.277849121351495 0.6043660705728128 0.056795470779006776 0.03255923328249999
0 0.6357548989476351 0.4282465137707991 0.05679547077900686 0.03255923328249999
0 0.6457650986233234 0.48162608690906306 0.053643197240056395 0.030923998100139016
8 0.27841613717980757 0.6614336881639933 0.07263865909060954 0.04542290919430556
1 0.3394135073068959 0.2564383700597225 0.06515344155801354 0.06399107123840278
4 0.8181231140445991 0.3684026543477438 0.09144320616851039 0.048984320288472286
11 0.7512241659937636 0.5294115831093409 0.08653751785690744 0.03637521751493065