7 0.227053465625 0.08841004531249999 0.1859806671875 0.8829353484375 0.6435329859375 0.8307744640625 0.6521028390625 0.0734021296875 0.227053465625 0.08841004531249999
10 0.3080976982785687 0.1356722672630245 0.031760920688572544 0.06058467292769345
10 0.2995188172457099 0.22495760174970486 0.030034729581579888 0.05583350593149901
10 0.30101434065935484 0.3161728507611217 0.03154266587924912 0.05433467292769345
10 0.29824895000784923 0.4177035172630245 0.029598219962933124 0.04333350593149898
10 0.29430300527265957 0.5083603507611217 0.031215283665263983 0.04495967292769336
10 0.2892211464723194 0.6092052677573161 0.03283234736759484 0.046585839923887915
10 0.2868922654394606 0.6982359342592188 0.032886911069925695 0.048148339923887916
10 0.2775494925739698 0.8093962687458992 0.03154266587924912 0.05433467292769336
3 0.5739682349390576 0.11781762790997793 0.026964293283910833 0.05726867193911024
3 0.572901753543379 0.21537837741568638 0.02998016587924912 0.05427100593149907
3 0.5688193995523623 0.30994146091378355 0.02518353847458741 0.05095500494291585
3 0.5611581777753306 0.39528871190236675 0.026527783665263982 0.04476867193911031
3 0.566641796742472 0.48400104342329764 0.02641865626060209 0.04164367193911041
3 0.5593525971979588 0.5810352109137835 0.02965278366526398 0.044896005931498985
3 0.5572593291417915 0.6856590439175891 0.02976191106992552 0.04802100593149898
3 0.5613614973832932 0.7915907089366172 0.02998016587924912 0.05427100593149916
12 0.2456249801297341 0.13743769711080017 0.046369057711881115 0.07678267589344295
12 0.21294135555066127 0.8276316155898693 0.051111121414211966 0.07853617688202626
5 0.6370585119808996 0.1207078645641051 0.04168155771188111 0.07659167490485981
5 0.6262870929367896 0.7866047785945499 0.046096239200226916 0.06897017589344294
9 0.2321949079898828 0.23160153258606372 0.05714286660488845 0.07254084486680368
9 0.21155495954167805 0.7332913665784526 0.055252984390903405 0.0631021778706092
2 0.6276536746952878 0.6804502790888416 0.04883929328391083 0.0581600098858317
2 0.6324131627992061 0.20905278156029947 0.0460416754978958 0.06740767589344296
6 0.2369245588081894 0.31956444760509173 0.04749504809323426 0.06434634288963732
6 0.2162920779606651 0.6199782830803553 0.045877984390903404 0.06272017589344295
0 0.624588249915182 0.2990875325488827 0.03644842068857237 0.060775673916276675
0 0.623114996835139 0.5870186140698135 0.039409729581580066 0.05621550790866543
8 0.23030748185901465 0.4196917815974805 0.058705366604888454 0.07260451186299814
1 0.6247940918404812 0.3825539485564939 0.04933036660488845 0.07222250988583179
4 0.6264979463796522 0.49014361406981355 0.047385920688572544 0.06122134288963732
11 0.21808524565401272 0.5239482000765496 0.05843254809323426 0.06479201186299814