7 0.89535606875 0.5273400828125 0.8984530203125001 0.0889252859375 0.0875632140625 0.0350778671875 0.129837140625 0.5096199609375 0.8953636453125 0.527665603125 0.89535606875 0.5273400828125
10 0.15430825313413205 0.12237876834240007 0.057268292553055565 0.045386707838416515
10 0.2615226475107988 0.20044759553943106 0.05090918977951393 0.040517351411925785
10 0.36070372349885427 0.134630030416594 0.04785692496187508 0.04355142319868044
10 0.555544098023889 0.1535715616911178 0.04465918977951393 0.040335494985435094
10 0.7620324469977084 0.2704421276053776 0.05705008700597212 0.03601170783841656
10 0.8509293332062502 0.1652892778428045 0.06344555737069442 0.04244356426490725
3 0.8592016537790629 0.45361599194942726 0.05988414627652787 0.023602636051661817
3 0.6561130213702434 0.44926815808847864 0.04742051386770836 0.02480142319868044
3 0.5711554867009726 0.3882420783841652 0.041206881458888844 0.02618206677218975
3 0.46370404977125024 0.26644598324044555 0.0476750870059723 0.03573892319868044
3 0.26581271684934055 0.31768055964605374 0.05069098423243057 0.031142351411925784
3 0.15411084422416688 0.24806909012915473 0.05705008700597225 0.03601170783841656
12 0.13085126291777782 0.05377352084968253 0.08114220364722229 0.06481866943775674
12 0.8478212105810765 0.09883756373618183 0.08255923328250034 0.05861413354437943
5 0.5635267842880213 0.4965403116911178 0.06002961664124999 0.02985263605166182
9 0.35601752991961827 0.20163567399010324 0.06991376291777787 0.052000420691397944
9 0.8614135447372572 0.21321831248254058 0.08412173328250035 0.05865959765100213
2 0.5738602997712502 0.2696512027573446 0.05410692496187508 0.04373327962517113
2 0.24967530452090286 0.1274958288463836 0.08263196846486114 0.06173913354437941
6 0.29014383567479207 0.49092784303214854 0.053852351823611144 0.03279577962517113
6 0.6619564457634375 0.09655233504808278 0.06700696846486132 0.0612844924781526
0 0.46382872349885423 0.13763066145369093 0.05912173328249999 0.05793217194503919
8 0.5702047036472223 0.07904893481065592 0.07209451196784719 0.07860838479802064
1 0.4778607348011114 0.43861649993349305 0.061737587005972115 0.036148100158284534
11 0.8665608653100698 0.5014540983759179 0.10076371941479181 0.035722202823851565