7 0.39022295156250003 0.087206228125 0.37026819375 0.86343985 0.8188268703125001 0.8697617093750001 0.8070354671875 0.1083240875 0.39022295156250003 0.087206228125
10 0.4580372441119948 0.8041136877606189 0.024019302673454136 0.051091619106588035
10 0.52254409209895 0.704963404262173 0.025472714672181596 0.04178939371369381
10 0.4611969647517234 0.6054214766357484 0.02231135200509069 0.038518844499482084
10 0.4708157707272245 0.42440691708245454 0.02231135200509069 0.038518844499482084
10 0.5670987827020892 0.2346658668347855 0.023982940006363408 0.04796661910658786
10 0.471431199355499 0.14141248056468986 0.02416475334181776 0.06359161910658787
3 0.7403084686903171 0.1398327481424824 0.035029528007635945 0.05785104135632886
3 0.7418544293841339 0.3398691354460353 0.03499316534054522 0.05472604135632882
3 0.681835086728179 0.4216135951231637 0.031722714672181594 0.042080492142117266
3 0.5719611947405875 0.5181868422276796 0.0255090773392725 0.04491439371369381
3 0.6281673834340863 0.7133323682825277 0.0286340773392725 0.045059942927905536
3 0.5699378074474493 0.8145353033525501 0.025636346674090583 0.05585189371369381
12 0.4143454053548627 0.13938125372405366 0.029052248010817693 0.08099744292790544
12 0.3988349667806766 0.8217228728306415 0.03679202267663584 0.07511131596343468
5 0.7984867847310425 0.4372856368937773 0.05063634667409058 0.05701628742738727
9 0.5214532120862233 0.611213404262173 0.03504770934118149 0.059413541356328994
9 0.5197959740213172 0.13290646774440829 0.032159066677272106 0.07958049214211717
2 0.4624423860995863 0.7124527266357484 0.030596566677272286 0.07950771753501122
2 0.5762299767265882 0.4148071311028091 0.03650112133990877 0.050111315963434676
6 0.4195612587125888 0.3189232045098419 0.03036020934118149 0.059195217535011314
6 0.8048207901018134 0.7129213376795657 0.050727253341817755 0.06482878742738744
0 0.4632129034054512 0.5099634274215367 0.030287484006999675 0.052945217535011226
8 0.41432032272436103 0.4059330529382654 0.03519316000954507 0.07191354135632895
1 0.7455077827418602 0.5194838608389294 0.06006589067472703 0.06214043507002263
11 0.7949868780235444 0.13650438689377736 0.06046588001272664 0.09651543507002258