7 0.8149281984375 0.8863594125 0.8610192218750001 0.085035746875 0.395675903125 0.1215004234375 0.38389935 0.8840500812500001 0.8149281984375 0.8863594125
10 0.7354010439439501 0.8375126733006596 0.03780152837152997 0.06468979139585791
10 0.7451146762346883 0.7452024423753831 0.03592077962517113 0.05372501785690744
10 0.6814362726320492 0.6526115677807726 0.03105142319868044 0.047393197240056396
10 0.7579977387837359 0.3561126688364327 0.03569345909205772 0.04591251785690744
10 0.6945466557142101 0.25570929424182215 0.032613923198680436 0.047420470779006865
10 0.7702035367513071 0.15131607468063138 0.039091243731793845 0.05534206493480816
3 0.47852450211157105 0.16577758969486978 0.026591243731793845 0.055123876623205434
3 0.4825323890211628 0.26956110876959327 0.02323892319868044 0.04725682954530477
3 0.47868231182413173 0.3750434955390684 0.023147994985435006 0.04413182954530477
3 0.5743943139357028 0.5475031022767715 0.02622753087881229 0.042623876623205346
3 0.4571851157307048 0.84549236323382 0.02516513605166182 0.05978410308425523
12 0.8166476615867049 0.4605041140478943 0.05163670783841638 0.057122753246410876
12 0.7994408118906386 0.8371757082036956 0.05075616943775678 0.08053297970746058
5 0.41687394827150503 0.1645111444834082 0.03950042069139794 0.06940456493480815
5 0.4102636177757688 0.5527105738665572 0.03596624373179384 0.05528751785690744
9 0.5159249328986059 0.6515963129095086 0.03320495658477522 0.06773297077900686
2 0.5282875067304247 0.3609031290621327 0.03311402837152997 0.06460797077900686
6 0.764464350620503 0.24121437175853205 0.05181856426490725 0.06337275324641087
6 0.5882057275009649 0.26068889489044533 0.03288670783841656 0.05679547077900686
0 0.6269078970052286 0.6480973916440345 0.03297763605166182 0.05992047077900686
0 0.5706578970052286 0.6490792390462466 0.03141513605166182 0.059893197240056394
8 0.8310979211536165 0.2322427463531426 0.07102320533113407 0.07932503571381497
1 0.4104862412910184 0.3840423944834082 0.04235263605166182 0.06008411201270887
4 0.5150658118906388 0.8421394922926575 0.03397784639736088 0.09429547077900687
11 0.6825010159681316 0.7501996339333966 0.05250052586424747 0.08681025324641087