7 0.7497147749999999 0.85755106875 0.764216428125 0.0990380328125 0.315286165625 0.12369477031250001 0.33258118125 0.898847753125 0.7497147749999999 0.85755106875
10 0.4145315525062102 0.8422804115218059 0.023782933645025393 0.06033000494291585
10 0.40879515779420866 0.7542538295065835 0.02530907220870695 0.054143671939110224
10 0.41244285344128667 0.6642827455141946 0.02374657220870695 0.05408000494291585
10 0.411466681601922 0.563565162510389 0.022111349336070063 0.04151633794672147
10 0.4104177868899204 0.47534757950658346 0.023692030054229284 0.04470500494291585
10 0.4078563891528567 0.37859991349897226 0.023692030054229284 0.04470500494291585
10 0.40836999444085514 0.2903186634989722 0.025272710772388508 0.047893671939110226
10 0.40352847921734875 0.18272899798565262 0.02372839149054773 0.05095500494291585
3 0.6833341538853838 0.15102010566685653 0.03468407220870695 0.054525673916276586
3 0.67489896428843 0.25836969064782844 0.031504530054229284 0.04502333992388783
3 0.6750666150505558 0.3638066071497313 0.031504530054229464 0.04502333992388783
3 0.679199603146699 0.4589281061611482 0.03147725897699054 0.040335839923887916
3 0.670087702679161 0.5483407746402174 0.031504530054229464 0.04502333992388792
3 0.6758377329297819 0.6340236066554397 0.031504530054229284 0.04502333992388792
3 0.6768548113850048 0.7277099396592452 0.03312157220870695 0.054462006920082115
3 0.6762775735834492 0.8269286896592453 0.028452252926866352 0.05739600593149916
12 0.3551292814289714 0.8493872573771928 0.034829517953980905 0.07952567391627667
12 0.343435861730906 0.17424267733913668 0.039498837235821684 0.07659167490485977
5 0.7404082512765463 0.8125995928152753 0.04418633723582168 0.07678267589344294
5 0.748196084603543 0.14525292532478928 0.04884656615858276 0.07228617688202613
9 0.33898873536566876 0.26737059482962267 0.04251475292686617 0.05796900889724856
9 0.34784856743512904 0.7582993423581648 0.04574883723582168 0.07684634288963732
2 0.7385553806668457 0.7283200933095669 0.05349770472226432 0.06622717787060921
2 0.7499262353656688 0.2506261748304977 0.05970225292686635 0.0586693458553869
6 0.3530496727231275 0.6698270913695815 0.033194295081344014 0.06696200692008211
6 0.34146831987101595 0.37818076083723384 0.034738614363184706 0.06390067391627659
0 0.7336184166730032 0.6371366777962473 0.04407725292686635 0.058032675893442943
0 0.7392109282822723 0.34713376030576126 0.04405907220870695 0.05490767589344294
8 0.35126952498606373 0.5730475918638731 0.04102497579950315 0.07040534190105419
11 0.3417086935057787 0.4711176773391367 0.0441045240041051 0.06272017589344295
4 0.7441206211988758 0.4430046758190809 0.056604524004105095 0.06322951186299815
1 0.7387967960633025 0.552570676807664 0.056668156517662285 0.07416701186299797