7 0.9027896500000001 0.3296197625 0.12114459375 0.24466009687499998 0.053260865625 0.697737553125 0.8189417859375 0.7469549140625 0.9027896500000001 0.3296197625
10 0.8365115429343053 0.40764396296099303 0.0599568814588892 0.027073420688572547
10 0.7484666822769789 0.3944048637792997 0.05370688145888884 0.02685516587924912
10 0.6455585814032982 0.448670723127794 0.04742051386770836 0.025074411069925695
10 0.3692519609623261 0.3608333841129017 0.04436824905006951 0.028090283665263983
10 0.2593126100886455 0.4148537068009072 0.04745688145888893 0.026636911069925696
10 0.17039688687413168 0.3382515120657176 0.055342116641249994 0.030034729581579888
3 0.11383253666604114 0.6185367235911302 0.05534211664125001 0.030034729581580065
3 0.222480838052812 0.6199851509031247 0.047529616641249994 0.029761911069925696
3 0.32705923527927033 0.628328418959292 0.04745688145888893 0.026636911069925696
3 0.523009474545694 0.5405630680483181 0.041170513867708355 0.02485615626060227
3 0.7951000672512494 0.6751662796585487 0.05377961664125017 0.029980165879248944
12 0.8496668127859373 0.3463344407284744 0.07899782218833344 0.040228185116542824
12 0.48529584147128446 0.3132813162342196 0.057195557370694414 0.04258929328391083
5 0.49251927469819384 0.7083854851086936 0.05258079255305557 0.04555060217691818
5 0.09826078163204803 0.6828894002701524 0.07754442496187504 0.04486112141421188
9 0.6137786384896523 0.6047198264858386 0.06322735182361114 0.03343254809323426
2 0.323462763014687 0.5812897278522995 0.05715918977951393 0.04102679328391083
6 0.24057883425308985 0.5142807879264332 0.055378484232430567 0.031597229581580066
6 0.25847811512263863 0.3499281112474109 0.06181032218833336 0.039627984390903315
0 0.619757187976562 0.5494147675928313 0.06002961664124999 0.03019842068857237
0 0.6295510684855203 0.4981523679556509 0.06002961664125017 0.030198420688572546
8 0.26145895117868034 0.28904517494974175 0.07936149810013893 0.055853185116542824
1 0.32066245849378416 0.7016022278522994 0.06686149810013893 0.05541667549789597
4 0.8019326019205202 0.6167635026167068 0.08993532218833318 0.04061013103285873
11 0.7400352800165274 0.45431557711881077 0.08517508700597229 0.037321439925866076