7 0.7948394453125001 0.09085648125 0.37004624375 0.12847222187500001 0.36968030625 0.1273148140625 0.398207975 0.8883101859375 0.8590444312500001 0.8854166671874999 0.7948394453125001 0.09085648125
10 0.7168750198702659 0.14765625 0.03343254809323426 0.0625
10 0.72782493275429 0.2375 0.033105165879249124 0.053125
10 0.7286458774894797 0.328125 0.03310516587924894 0.053125
10 0.7346181136944816 0.43203125 0.03277778366526398 0.04375
10 0.7416890584296713 0.52265625 0.03434028366526398 0.04375
10 0.7498686353788461 0.62265625 0.03272321996293322 0.0421875
10 0.7545958301140356 0.71328125 0.0360119110699257 0.046875
10 0.7671181666818573 0.82578125 0.03315972958158007 0.0546875
3 0.44945190689357445 0.16328125 0.0238938569862416 0.0578125
3 0.4529167019915838 0.2625 0.025401793283910835 0.05625
3 0.45856155598260057 0.35703125 0.026636911069925696 0.046875
3 0.4701290277596322 0.4421875 0.02485615626060227 0.040625
3 0.46539937694132555 0.53046875 0.026527783665263982 0.04375
3 0.47581357648583855 0.62734375 0.026527783665263982 0.04375
3 0.48181309454200594 0.73203125 0.025074411069925695 0.046875
3 0.4808632081516696 0.8390625 0.02685516587924912 0.053125
12 0.7799652969121079 0.1421875 0.04647818511654282 0.078125
12 0.8315353307470079 0.8359375 0.05261905771188111 0.075
5 0.4154291811098275 0.84453125 0.0431349303072194 0.071875
5 0.38727928910755954 0.17265625 0.04000993030721931 0.071875
9 0.7933408053496284 0.234375 0.0556349303072194 0.071875
9 0.8320859130536602 0.73984375 0.06144842068857237 0.059375
2 0.39424110643808746 0.26015625 0.042916675497895976 0.065625
2 0.41150059454200594 0.73203125 0.04587798439090331 0.0609375
6 0.7933259363824872 0.3234375 0.04905754809323426 0.0625
6 0.8242237946346732 0.6265625 0.04883929328391083 0.05625
0 0.40368308302444256 0.3515625 0.036339293283910834 0.05625
0 0.4145586179556509 0.640625 0.03472222958157989 0.0546875
8 0.8039038270339928 0.425 0.061830366604888456 0.0703125
1 0.4066295229503088 0.4359375 0.046150802902557686 0.06875
4 0.40799610470880693 0.5421875 0.04258929328391083 0.05625
11 0.8193056269413255 0.53046875 0.06468254809323426 0.0625