7 0.12318533437500001 0.69561185625 0.880362740625 0.73539129375 0.8874883453125 0.2821406796875 0.10019079687500002 0.2728656984375 0.12318533437500001 0.69561185625
10 0.15382006980277682 0.3582812698702659 0.059865923701106105 0.030198420688572546
10 0.2427598388775003 0.3543601509031246 0.05361592370110611 0.02998016587924912
10 0.33423427272487616 0.36145837748947973 0.05361592370110611 0.02998016587924912
10 0.4357967727248761 0.36500501814098535 0.04418637662320535 0.026527783665263982
10 0.5232694991859258 0.3664980854715133 0.04421365016215582 0.028090283665263983
10 0.6255723388775003 0.36772825797418435 0.044240923701106105 0.02965278366526398
10 0.7146212021080252 0.3700571390070431 0.0489284237011061 0.029816474772256553
10 0.823119494721699 0.3683805663190376 0.053615923701105926 0.02998016587924912
3 0.15996452434643396 0.6208358335725966 0.055123876623205434 0.026909729581580066
3 0.25842929788538427 0.6258358468194406 0.05361592370110611 0.02998016587924912
3 0.35372816111590916 0.6283829826616228 0.04577615016215582 0.02814484736759475
3 0.4379804301906326 0.6242981725874891 0.04418637662320535 0.026527783665263982
3 0.5256440714243347 0.636728739918017 0.041088650162155814 0.02798115626060227
3 0.6232185008074836 0.6354514713136955 0.042678423701106104 0.029598219962933037
3 0.7271247508074836 0.6390799575186974 0.04736592370110611 0.029761911069925696
3 0.8319349817327601 0.6497669755748647 0.05361592370110628 0.029980165879248944
12 0.14882287824476323 0.29564486061443873 0.07727161201270882 0.04329862141421188
12 0.8360910531636854 0.3063716396400153 0.07576365909060953 0.046369057711881115
5 0.16731910267392272 0.6843353383819202 0.07570911201270883 0.04324405771188111
5 0.8362054703686745 0.7155011029795265 0.06638865909060954 0.0460416754978958
9 0.2447802605500115 0.29118802830778634 0.0726932061685102 0.049384930307219396
9 0.7446029825468343 0.2984921630536602 0.06337275324641105 0.05218254809323426
2 0.2540105791349724 0.6858011238612827 0.06956820616851012 0.04927580290255769
2 0.7291605835991992 0.7109822393698628 0.057122753246410876 0.051964293283910834
6 0.33158083116686254 0.29890381378714886 0.06320911201270878 0.04280754809323426
6 0.6282512796247349 0.2975521672300115 0.060084112012708954 0.04269842068857255
0 0.345307734979171 0.6827431004476378 0.0615920649348082 0.039627984390903315
0 0.6360418291349724 0.6991419490811769 0.0506545649348082 0.03924603847458741
1 0.429764555596022 0.690377040373504 0.07118525324641087 0.052455366604888455
4 0.536863989443398 0.6980209039831676 0.06649775324641087 0.0522916754978958
8 0.4299637840889619 0.2992163270339928 0.07274775324641088 0.0525099303072194
11 0.5344876428552598 0.29349709509016014 0.06342730032431163 0.05530754809323426