7 0.9173355375 0.2784026953125 0.12275017343750001 0.2068016203125 0.1569501640625 0.6684806453125 0.9169726328125 0.7043063296875001 0.9173355375 0.2784026953125
10 0.7761345843652876 0.45424829928001087 0.05428939371369381 0.028094178896842868
10 0.8682792349034069 0.35832812550366555 0.06395549214211727 0.034890210466874017
10 0.5792531222069598 0.3422734020943734 0.045132717535011226 0.03223564732681172
10 0.3897175872607717 0.3211055154320797 0.046767992142117173 0.03388915258848364
10 0.29582634615211184 0.37952568920842505 0.048112168320799585 0.029292657850155467
10 0.1901349642252424 0.301689844568919 0.057705492142117176 0.03452618942018652
3 0.878634653843379 0.6308478676111577 0.06053939371369381 0.02845819994353018
3 0.678598266539826 0.6184179441171611 0.04647689371369381 0.02763915258848364
3 0.5939471306840151 0.557390167879389 0.04171661910658777 0.025803636803468068
3 0.489706932793711 0.4437988337632266 0.04171661910658777 0.025803636803468068
3 0.29924890673886306 0.4864659339467533 0.047893844499481995 0.02460515785015538
3 0.19183235897239342 0.42177483141473926 0.05428939371369372 0.028094178896842868
12 0.8668579760120666 0.29435663076533736 0.08477741439185812 0.04701077886860805
12 0.16055231803034933 0.2352990051204975 0.08350601282028158 0.05316977360693613
5 0.587395377788531 0.6676451284168501 0.05799659057054054 0.04077618942018653
9 0.8775301104201354 0.4063938991811888 0.0846318651776464 0.04388577886860805
9 0.3886859342414531 0.3825967522779001 0.06424659057054054 0.041140210466874015
2 0.5967745700972639 0.45081394418774823 0.06402826674922295 0.03645271046687384
2 0.28094190074300707 0.31087439974588615 0.08477741439185812 0.04701077886860805
6 0.6827740744404901 0.28986800988805916 0.070787688998964 0.04775423151356133
6 0.3119052262169545 0.6578326997317687 0.06773546360606986 0.04913472099021767
0 0.4889363372607717 0.3268843495482421 0.05799659057054072 0.04077618942018653
8 0.593238539494302 0.27452445997276376 0.0744948858558109 0.06043624203690508
1 0.5019993792362731 0.6073530995482421 0.06126713978475244 0.04408319994353036
11 0.8887759412707663 0.6813028939195169 0.10047518899896417 0.04948333148532651