7 0.8702330453125 0.36087722499999997 0.10083362656249999 0.4070355296875 0.1380704515625 0.8211316328124999 0.8979917453124999 0.8061840640625 0.8702330453125 0.36087722499999997
10 0.15570893873326966 0.48626044576422256 0.05966590133672715 0.02672763605166182
10 0.25367481874599634 0.5771916711536165 0.05029090133672707 0.026454851411925873
10 0.4377038260661788 0.47492917451882877 0.044022720003181706 0.024710494985435004
10 0.6180725787316789 0.46108432020390905 0.0408977200031817 0.02461956677218957
10 0.7195447194064057 0.5175268853267461 0.044040901336727244 0.026272994985435005
10 0.812531103397497 0.44917403892938523 0.05029090133672724 0.026454851411925873
3 0.830246409412769 0.5611966658098471 0.05343408267027243 0.02810827962517113
3 0.733281050087496 0.6234131724737646 0.042532945337363515 0.03091503087881229
3 0.53575152207986 0.5728916499082224 0.04091590133672725 0.02618206677218975
3 0.4448639874283593 0.6872927821989606 0.044113626670909054 0.032522994985435004
3 0.36585828743631343 0.7482052016367173 0.05039998933799979 0.03582985141192587
3 0.1650952187698589 0.7556098393377318 0.05666817067154524 0.037574207838416564
12 0.8267294160566336 0.3932733799164697 0.08005112667090879 0.033568669437756785
12 0.15113907005886093 0.4293428560307794 0.07848862667090888 0.033523205331134065
5 0.4634059967774949 0.8031989270261111 0.05374316534054522 0.05467077962517104
9 0.15002256007317846 0.5348798021907133 0.08005112667090888 0.033568669437756785
9 0.6281566507399512 0.521749035564173 0.053506808004454245 0.03435827962517113
2 0.43112765674726905 0.5814064950519421 0.056722714672181596 0.04226170783841656
2 0.7250856473981334 0.4564075289002553 0.07692612667090888 0.033477741224511345
6 0.3308720233927246 0.428020733769171 0.05970226400381797 0.02985263605166182
6 0.7400321314449039 0.8006205301538966 0.05690452800763594 0.05788670783841639
0 0.5258941693984516 0.4645479524946472 0.05345226400381797 0.029670779625171128
8 0.41672770739177006 0.4184889579049235 0.07071248933799978 0.03642088479802066
1 0.544028740770177 0.7469285434817318 0.06166475334181776 0.06427310015828454
11 0.16493213411040403 0.8087575713910432 0.09763861600890866 0.06844377461060631