7 0.7636795625 0.9331573921875 0.7706176234375001 0.1382757796875 0.342708978125 0.1336556375 0.3032608296875 0.8935793578125001 0.7636795625 0.9331573921875
10 0.5799435320917722 0.277323236281123 0.02716467787060921 0.054581084186749604
10 0.6854533858558244 0.18636357828979322 0.03379667984777566 0.06432010523343701
10 0.6728937415598619 0.4753805756589573 0.03147017589344294 0.04547909997176518
10 0.6753462850203407 0.6650346098598243 0.03309634288963732 0.04713260523343692
10 0.6073364312562883 0.7581783941312785 0.0284725098858317 0.04842208944842134
10 0.6750412430055557 0.8647083861681836 0.03354201186299797 0.05807010523343692
3 0.4127016353615328 0.17282691012805557 0.0274193458553869 0.06083108418674961
3 0.4053335098486507 0.3728724127588915 0.026846342889637453 0.046768584186749604
3 0.4582409925484452 0.45817985217907803 0.025092841901054187 0.04199007892507769
3 0.5620106382901013 0.5636779652344356 0.025092841901054187 0.04199007892507769
3 0.500241514260094 0.7535070337067568 0.0237850098858317 0.048149073663405775
3 0.5545695755150698 0.8616072310194511 0.02716467787060921 0.05458108418674925
12 0.7495795528520188 0.18853229401833904 0.04556185079830275 0.08526964206513994
12 0.738802654070251 0.8950476045275654 0.05174818380210837 0.08407116311182747
5 0.34682599007698717 0.4634372286003767 0.03979201186299815 0.05843412628012423
9 0.6380836373386992 0.1765566678088018 0.04243685079830275 0.08508763154179624
9 0.6134683675298546 0.6653461520237862 0.04004667984777566 0.0646841262801244
2 0.5655905775294171 0.45660121260359976 0.03535917984777566 0.06441111049510884
2 0.6748276787848304 0.7738558730140039 0.04556185079830275 0.08526964206513998
6 0.7358168473010807 0.37254327297165163 0.046551347832553346 0.07129814732681172
6 0.3293387652486771 0.7388544575536894 0.04798651384016441 0.06826415258848365
0 0.6793891392786845 0.5658158598598243 0.03979201186299797 0.05843412628012441
8 0.7423440785180002 0.4621973071725186 0.059178681824942105 0.07515118942018653
1 0.39892038927868445 0.5494804153897274 0.0430443458553869 0.061741136803468065
11 0.3630199703425047 0.16210224175455637 0.04776102076024671 0.10098564732681177