7 0.898897215625 0.0980902078125 0.0990460578125 0.1148861203125 0.11224919062500001 0.5789544515625 0.8699101484374999 0.530027321875 0.898897215625 0.0980902078125
10 0.8470067175491401 0.18110410339533137 0.06446529172311415 0.04041098428423431
10 0.754406459747224 0.17840294251812988 0.056489017412854635 0.036922111248704995
10 0.6635767418593996 0.18653011973026962 0.05500840456798421 0.038411836641599174
10 0.5589301854369644 0.19062476840636206 0.04571529172311415 0.039537688998963996
10 0.4660433225920942 0.19339235752916056 0.04571529172311415 0.039537688998963996
10 0.365343959747224 0.1965238196874884 0.04571529172311397 0.039537688998963996
10 0.27241615332478886 0.20007265881028688 0.05196529172311406 0.03982878742738745
10 0.16180620194530787 0.19898965591480275 0.056489017412854545 0.036922111248704995
3 0.8342389654014335 0.4544688287882256 0.06052142017181659 0.02464043507002245
3 0.734897384668739 0.46143376633944744 0.05114642017181659 0.024203787427387446
3 0.6396258282463038 0.46509176737290475 0.0481851944820761 0.02718323821317572
3 0.553974933289258 0.4636256207637269 0.043415807326946165 0.02540241439185813
3 0.4660654975136092 0.47551349876165494 0.041771420171816585 0.023767139784752266
3 0.3669695782463038 0.4777909363128769 0.04497830732694626 0.02547518899896417
3 0.26392646540143355 0.48103156038186345 0.04497830732694626 0.025475188998963994
3 0.15813016678091452 0.49219384636150887 0.05599769448207601 0.027547111248705035
12 0.8488834780645897 0.1155518780024372 0.0807453889641522 0.05363873035529289
12 0.1503198253056277 0.1356185146823084 0.07951043758467105 0.05981595574818703
5 0.1564990677308542 0.553058571754403 0.06882524310259504 0.03437930810555194
5 0.8271391163513732 0.5155882653059901 0.07680151741285464 0.03786818114108108
9 0.2428348739261467 0.12507481286306282 0.07202548620519007 0.06570208271265772
9 0.7555429138402385 0.11210585442878865 0.07663109905006031 0.0643579065339753
2 0.737377253506503 0.518210305214577 0.07227779172311415 0.04077485731976367
2 0.2643115677308542 0.5480371238640988 0.056734678878243815 0.041609611248705033
6 0.667097889529979 0.1193426197302696 0.06215916327441153 0.05589043507002258
6 0.3592411239261467 0.11965310463367644 0.06849105042954129 0.05774403349844599
0 0.6462576085494571 0.5169988697302695 0.05780585594746519 0.03230738585581072
0 0.3577306970840678 0.5351132847413003 0.05616146879233561 0.030672111248705038
8 0.5619157445729331 0.11878615570991498 0.07843926051544958 0.06911818114108118
11 0.45693831750371156 0.11432344168956035 0.06930992198083885 0.073369033498446
4 0.4537835035065029 0.5314188964042901 0.06117651741285464 0.037140435070022446
1 0.5625819713943274 0.522454811210433 0.07696529172311414 0.04099318114108108