7 0.22144705 0.16342726875 0.2520232828125 0.9274404421875 0.7002015984375001 0.8861382234375 0.6368914578125 0.1103819859375 0.22144705 0.16342726875
10 0.6094129196373258 0.8320696255500633 0.024310253246410875 0.05095500494291585
10 0.5383134411476812 0.7393926942194128 0.025763659090609535 0.04476867193911023
10 0.592695203729583 0.6346534560824109 0.025763659090609535 0.04476867193911023
10 0.5746877232113435 0.45279861961856416 0.022584112012708955 0.04151633794672147
10 0.4692893368489054 0.2736284313678315 0.02280230032431163 0.05401633794672147
10 0.5580597362002824 0.17107111714710616 0.024528441558013724 0.06345500494291585
3 0.2914449805182394 0.19299656079786526 0.03382162094116259 0.05914950692008221
3 0.3019263331954575 0.39093931228073997 0.0336307061685102 0.04821200692008221
3 0.36492693952612343 0.4668916586304185 0.028834112012708867 0.04177100593149916
3 0.47968096062944177 0.5558825158545118 0.02258411201270878 0.04151633794672147
3 0.4347344736150854 0.7539088389724857 0.025818206168510115 0.047893671939110226
3 0.4972811124131553 0.848579351824067 0.02280230032431163 0.05401633794672165
12 0.6156676846581547 0.16170804600629865 0.032613676947516976 0.07939833992388783
12 0.6697464476405031 0.8446770549035472 0.03875458279171564 0.07340300790866543
5 0.24979286322722957 0.49030530091203345 0.050900026785361166 0.053599843878220456
9 0.5127063258918568 0.1668810242574688 0.031160271103318316 0.08558467292769345
9 0.5327571420411856 0.6447022767289268 0.03220457386326192 0.055960839923887916
2 0.469259883519769 0.4508448473754427 0.032122753246410875 0.05127333992388792
2 0.6000458279171564 0.7426887905690911 0.032613676947516976 0.07939833992388792
6 0.2601026663909149 0.7678718853987139 0.051090941558013546 0.06453734387822045
6 0.6195990284069189 0.34220862950439584 0.02916139448011279 0.060521005931498985
0 0.5863440178536121 0.5391499550938276 0.03061480032431163 0.05433467292769336
8 0.6320365730491877 0.4285917984777566 0.041852309252765355 0.07196784190105418
1 0.30814687986632106 0.5684103962731287 0.055723894480112876 0.061603344866803765
11 0.23752509374876424 0.19001879942915872 0.06101141233702041 0.0961693458553869