7 0.30078125 0.10648148125000001 0.2916666671875 0.8634259265625 0.744140625 0.8692129625 0.7216796875 0.084490740625 0.30078125 0.10648148125000001
10 0.63828125 0.140625 0.03671875 0.05859375
10 0.646875 0.228125 0.0328125 0.05546875
10 0.64140625 0.32109375 0.0328125 0.06171875
10 0.64140625 0.41953125 0.0328125 0.04296875
10 0.6453125 0.509375 0.02578125 0.04921875
10 0.64609375 0.6109375 0.034375 0.05546875
10 0.6453125 0.70078125 0.0328125 0.04296875
10 0.65546875 0.80546875 0.03671875 0.06171875
3 0.37421875 0.8140625 0.03046875 0.05234375
3 0.38125 0.7109375 0.02890625 0.04296875
3 0.38046875 0.60703125 0.028125 0.0484375
3 0.37578125 0.51015625 0.02578125 0.03671875
3 0.384375 0.421875 0.02734375 0.046875
3 0.37734375 0.33671875 0.028125 0.04296875
3 0.375 0.2421875 0.02734375 0.05
3 0.37734375 0.14453125 0.025 0.05625
12 0.7015625 0.1328125 0.03828125 0.078125
12 0.71796875 0.8171875 0.04453125 0.0734375
5 0.31328125 0.1515625 0.040625 0.07578125
5 0.31015625 0.81953125 0.04296875 0.0734375
9 0.721875 0.7234375 0.0484375 0.0546875
9 0.71015625 0.228125 0.05234375 0.07265625
2 0.31484375 0.23828125 0.04921875 0.065625
2 0.3078125 0.7109375 0.053125 0.059375
6 0.7046875 0.31484375 0.03984375 0.0640625
6 0.71953125 0.61171875 0.0390625 0.0578125
0 0.32109375 0.32890625 0.03828125 0.05625
0 0.31640625 0.6171875 0.0421875 0.0546875
8 0.70859375 0.41328125 0.0484375 0.0734375
11 0.71875 0.5171875 0.0515625 0.06015625
4 0.31484375 0.5203125 0.05078125 0.0625
1 0.3171875 0.41328125 0.05078125 0.07265625