7 0.116441146875 0.533696271875 0.87980246875 0.5099705796875 0.8906892187500001 0.0389260875 0.088022359375 0.099853475 0.116441146875 0.533696271875
10 0.14066373051823944 0.17644839419488467 0.060029564934808155 0.039573420688572544
10 0.2326875892845374 0.16385413575736418 0.05383411201270878 0.04248016587924912
10 0.327610351459402 0.22776781361751283 0.049037517856907444 0.03606647477225655
10 0.6286722451287361 0.14377223721649224 0.05068183847375849 0.04080853847458741
10 0.7306126205341255 0.20665912841615203 0.04747501785690744 0.0360119110699257
10 0.8308796274339845 0.1288937377646464 0.05377956493480838 0.03935516587924912
3 0.14873887783772616 0.459933016790223 0.0597841030842551 0.025510920688572546
3 0.44129279626382656 0.3363665089008566 0.04731137662320535 0.026636911069925696
3 0.6219718262955987 0.43168146498397364 0.047284103084255236 0.025074411069925695
3 0.7250422792176979 0.4249552606301371 0.04413182954530477 0.023402783665263983
3 0.8329638733734992 0.4274403651693081 0.056686376623205345 0.026964293283910833
12 0.13795574188232515 0.11087795789721555 0.07905230032431158 0.05585318511654278
12 0.5143273271096728 0.08679060563547929 0.05410684740221221 0.05810516587924908
5 0.4465139046230874 0.5011284133473604 0.05361592370110611 0.02998016587924912
5 0.8324514046230874 0.487651178871639 0.0723931972400564 0.0321974303072194
9 0.33919055397446424 0.3985614632546931 0.06773297077900686 0.03359623920022674
2 0.6304467995102374 0.37979158276998853 0.0615920649348082 0.039627984390903405
6 0.7395142877424099 0.13442946435100148 0.0666068474022122 0.058541675497895976
6 0.7317541550301245 0.31684266026731744 0.05528751785690744 0.03628472958157998
0 0.3356098120921391 0.282991026957024 0.0631818384737585 0.04124504809323426
0 0.33974393303330164 0.34069439955236225 0.05997501785690744 0.03644842068857255
8 0.7469352755675451 0.06694186398818178 0.0794341298696164 0.07772818511654281
1 0.616086064931513 0.49755200164446245 0.0631272913958579 0.03812004809323426
4 0.14768884658813805 0.39977676679022295 0.09752956493480816 0.04088294954451301
11 0.22985864407307582 0.2257092950131913 0.09160684740221221 0.05941469473518968