7 0.9409562625 0.8247955984375 0.9102583125000001 0.025813162499999997 0.476053921875 0.055515410937499995 0.47133301406249994 0.8112014203125 0.9409562625 0.8247955984375
5 0.49447268354682966 0.09834240897899842 0.030160198672140127 0.08280585594746528
2 0.4973345840143678 0.18728207824630377 0.03480224687674198 0.07523901741285455
0 0.5017635296614459 0.2769211103584794 0.03162270472226432 0.06570024310259504
1 0.5030356590517452 0.3612551667809145 0.031677246876741984 0.07507524310259503
4 0.49819868900777864 0.4701355218238687 0.034738614363184796 0.06430151741285464
0 0.4995480864502547 0.5677508282463037 0.02999657220870695 0.05468085594746519
2 0.49461566763595216 0.660224933289258 0.03471134328594587 0.05961401741285464
5 0.496019607232906 0.767215239711693 0.030078385440423537 0.0687433559474652
3 0.5538113221105112 0.08898069708406783 0.022238614363184795 0.06364642017181654
3 0.5528351502711464 0.1898438342391976 0.023755662567786474 0.0559158073269463
3 0.5533851169954633 0.28437508423919755 0.02214771077238851 0.048021420171816584
3 0.5609254271039219 0.3715065920411137 0.025254530054229285 0.04506019448207601
3 0.5520685775714601 0.4610604149718922 0.023673849336070064 0.041853307326946164
3 0.5580963846548567 0.5568675599289381 0.023692030054229464 0.04497830732694617
3 0.5602543031745716 0.6591294227738084 0.023710210772388506 0.04810330732694616
3 0.5546179024124458 0.7649257213943275 0.02530907220870695 0.0544351944820761
10 0.8327312076491307 0.07670758989340713 0.03786361436318444 0.06446529172311406
10 0.8402896984757483 0.16696409769532322 0.03938975292686635 0.058297178878243816
10 0.8377055748409855 0.26009662200558276 0.03780907220870731 0.05509029172311406
10 0.8398680385402404 0.363139734850453 0.03775453005422946 0.04571529172311406
10 0.8427572100850174 0.45676690411775844 0.040879530054229465 0.04587906603337366
10 0.8464776286047325 0.5589468798074989 0.03930793969514994 0.04423467887824373
10 0.8470185049699698 0.651915629807499 0.04246930113146803 0.05064845318850324
10 0.8539184656441623 0.76330683118698 0.03938975292686635 0.058297178878243726
12 0.8975749576491305 0.07330927295552242 0.05359769867214013 0.08403416327441156
12 0.9180536885167992 0.77244945782666 0.06292724687674181 0.07671298620519007
9 0.9082766291939077 0.16652700644717905 0.06291815651766228 0.07515048620519008
9 0.9261020169720222 0.6782490784734464 0.06909543364502539 0.0629780348257091
6 0.9064555748409855 0.25649358717987364 0.059738614363184436 0.06561171189493056
6 0.9238622852205907 0.5619247156285762 0.0597204336450254 0.06248671189493056
8 0.9133009933607006 0.3585097885593546 0.07543633723582169 0.07893058344622812
11 0.9248611829576543 0.4649678284734464 0.07692611436318444 0.06651247060135787