7 0.9003976874999999 0.37990841875000003 0.115107265625 0.30165146875 0.10449239218749999 0.75337236875 0.86778553125 0.7968535609375 0.9003976874999999 0.37990841875000003
10 0.8438644172049891 0.45810831762527526 0.06293637662320535 0.028640210466873837
10 0.7462957163114846 0.5468607335091128 0.04881932954530477 0.024696163111827298
10 0.559407596588138 0.4368578600009986 0.04103410308425506 0.025803636803468068
10 0.3748553185849609 0.4159629891237205 0.04415910308425506 0.025985647326811724
10 0.2735479630650738 0.46937714448421436 0.04103410308425506 0.025803636803468068
10 0.1770354273512588 0.3950758235222316 0.05361592370110611 0.03121917889684287
3 0.8376179659044475 0.7262212807935722 0.055232970779006504 0.034435184158514785
3 0.6360009188265469 0.7113566020379037 0.04736592370110611 0.030855157850155378
3 0.5576344111159092 0.6482580915851471 0.044240923701106105 0.030673147326811902
3 0.4643190133893853 0.533559283777344 0.03949887662320535 0.027275131541796328
3 0.26441051663579623 0.5718651076525114 0.05043637662320544 0.027912168373499212
3 0.16652639569463362 0.5084102814288567 0.05043637662320544 0.027912168373499212
12 0.1587706225627204 0.3323560156438412 0.07888865909060953 0.048300263083592476
12 0.8475291594943514 0.39978758341029075 0.07568183847375849 0.04343075256024882
5 0.5377640162287591 0.7618277679217412 0.05550570616851012 0.050060184158514785
9 0.36809284983454893 0.47566421281536114 0.05994774431795715 0.03627069994353036
9 0.8517275101429747 0.5061740913027986 0.08494774431795733 0.037726784130279786
2 0.5682934472367611 0.543517383678522 0.05054547077900686 0.03416216837349921
2 0.26698827150706017 0.4065586260683628 0.07867047077900677 0.03580026308359248
6 0.6671285933417271 0.39318272568719215 0.05992047077900686 0.03470819994353027
6 0.2628049265371846 0.7481545918674959 0.06337275324641087 0.05364021046687384
0 0.47256611566286144 0.424775817978211 0.055232970779006865 0.034435184158514785
8 0.57945131533855 0.37793018103356857 0.06951365909060954 0.04775423151356133
1 0.4594520555960221 0.7018542574689848 0.06186480032431163 0.0566742052052021
11 0.840107766228759 0.7794372860552441 0.0993920738632621 0.06042083148532633