7 0.2069819296875 0.1091253109375 0.1743225453125 0.869311796875 0.6219541015625001 0.8571578859375 0.6250292421875 0.08204344687500001 0.2069819296875 0.1091253109375
10 0.5366667053596521 0.794883821335312 0.024673998100139018 0.05367051386770818
10 0.47480444462607585 0.7018436425737149 0.02441942496187508 0.04273301386770836
10 0.5373064042572218 0.5996622403132634 0.022893292553055566 0.04425914627652787
10 0.5344392434473955 0.420919644473576 0.022893292553055566 0.04425914627652783
10 0.44512608957142347 0.23247669994440937 0.023111498100139016 0.05363414627652778
10 0.5418030274510762 0.13808896067798565 0.02325696846486114 0.059884146276527786
3 0.2739070126334374 0.14120100256545115 0.03412173328249999 0.05701371941479172
3 0.26696276234909694 0.338911803952222 0.032341027735416715 0.047602351823611146
3 0.3228477800165274 0.42037870307854136 0.03219555737069442 0.04135235182361115
3 0.42996798936333286 0.5147079716959023 0.02590918977951375 0.03964438145888884
3 0.36840897426135355 0.7105666387739927 0.02917966014423614 0.04596711664124999
3 0.42391213222138824 0.808439787900312 0.024528527735416715 0.047420513867708444
12 0.5997246302246179 0.13205585980430506 0.03299564437666689 0.07572735182361115
12 0.5939700590831243 0.8154132204616313 0.03619337955902786 0.07892508700597238
5 0.20691365549149268 0.43635115482590264 0.051309233282500075 0.05741376291777769
9 0.4777859338924994 0.6072942087781247 0.03412173328249999 0.05701371941479181
9 0.49518260058934016 0.12824248841340236 0.03150587955902786 0.07881598423243057
2 0.5355782904657633 0.7074565565176731 0.03299564437666671 0.07572735182361115
2 0.4292614341768399 0.4108744568782635 0.03880923328249999 0.0571228221883334
6 0.19344534185253412 0.7130773089862151 0.05290810087368061 0.05901263050895835
6 0.587675305852083 0.3142689477602078 0.03106946846486114 0.06006598423243057
0 0.5386890259324648 0.5067116741088536 0.0356478656913195 0.05548758700597212
8 0.5927063383371525 0.4000427935998953 0.03753767401194459 0.06958645459715278
1 0.2588560555677426 0.5194714729301734 0.059303571238402776 0.06540810087368065
11 0.2193831667937499 0.13544261825677065 0.061629790653194495 0.09825696846486118