7 0.922219103125 0.38709755625 0.14488835625000002 0.33103863906250003 0.1446301578125 0.779064 0.9042786859374999 0.8035146078125001 0.922219103125 0.38709755625
10 0.8687980934278599 0.46613951391452657 0.06322742570596276 0.027546679847775656
10 0.7803122549480579 0.4555110786295435 0.05380696159934022 0.02560217787060921
10 0.6867273909997198 0.5110023918616855 0.04755696159934022 0.025347509885831697
10 0.40363609468150125 0.4362610825466951 0.04135242570596294 0.026655341901054185
10 0.3053637307331631 0.491561394790254 0.04130696159934022 0.025092841901054187
10 0.2073377562016992 0.42123962452429886 0.053852425705962916 0.02716467787060921
3 0.19284231334047042 0.7007852030794803 0.05568771034569897 0.036603344866803764
3 0.29891045691397966 0.6988645588206989 0.04943771034569897 0.036348676882026074
3 0.402839438967291 0.7038796640676259 0.04622178213245363 0.03309634288963732
3 0.5802620938235714 0.6065457021280781 0.044568353919208194 0.029907675893442943
3 0.8703451877136498 0.733853595929749 0.05720474623907634 0.03510451186299814
12 0.8709994394295094 0.4077049314050125 0.08059678213245362 0.034497016805913994
12 0.5075136009497074 0.3858711047898165 0.05568771034569906 0.036603344866803764
5 0.577427913498755 0.7773211171471062 0.056051423198680436 0.04910334486680377
5 0.18847907376531167 0.7653742850947027 0.0701593873053031 0.05123884783255317
9 0.6820124619285446 0.6707766398845192 0.06827863855894449 0.04023768083635879
2 0.39290449782192194 0.6574357455885568 0.056096887305303156 0.05066584486680377
6 0.29965695150370336 0.5904299763111849 0.05407974623907634 0.03497717787060921
6 0.2965366485215672 0.4295561433073793 0.05720474623907634 0.03510451186299797
0 0.6787677899835054 0.6129004728883248 0.05715928213245362 0.03354201186299814
0 0.6811509924116456 0.5607158903788108 0.05706835391920819 0.030417011862997965
8 0.2894084586298393 0.3723020588206989 0.07310253087881238 0.045116181824942016
1 0.4065614840318684 0.7781620810638203 0.06275606426490725 0.06498301285158128
4 0.8710749619285446 0.6784803464240406 0.09506845909205772 0.0491325197716634
11 0.7812586409997199 0.5148542451314462 0.08537521034569906 0.037813017794497125