7 0.4928385421875 0.0862268515625 0.4606119796875 0.8449074078125 0.9296875 0.9288194437499999 0.931640625 0.1203703703125 0.4928385421875 0.0862268515625
10 0.84609375 0.85390625 0.04140625 0.0546875
10 0.77578125 0.7421875 0.03828125 0.05
10 0.846875 0.6484375 0.0421875 0.04765625
10 0.8421875 0.45390625 0.04140625 0.04765625
10 0.740625 0.2421875 0.03125 0.05234375
10 0.85078125 0.16015625 0.0421875 0.06171875
3 0.5640625 0.12734375 0.021875 0.0609375
3 0.5546875 0.3296875 0.02265625 0.04921875
3 0.61015625 0.41953125 0.02421875 0.04140625
3 0.7234375 0.5359375 0.0296875 0.0453125
3 0.659375 0.72578125 0.02890625 0.04765625
3 0.7203125 0.840625 0.03046875 0.05390625
12 0.91640625 0.16640625 0.05625 0.07734375
12 0.9125 0.88359375 0.05859375 0.08359375
5 0.50078125 0.41875 0.02890625 0.05390625
9 0.78046875 0.64453125 0.04921875 0.0609375
9 0.803125 0.1453125 0.0546875 0.08671875
2 0.72734375 0.4265625 0.04140625 0.053125
2 0.846875 0.75859375 0.05390625 0.07734375
6 0.90625 0.35234375 0.05625 0.0640625
6 0.4890625 0.69140625 0.03046875 0.059375
0 0.85078125 0.546875 0.05390625 0.05859375
1 0.5546875 0.5078125 0.03359375 0.0625
11 0.51796875 0.11640625 0.0328125 0.10390625
8 0.9171875 0.44609375 0.075 0.06875