7 0.07067415 0.293394728125 0.1081048546875 0.71117229375 0.8965163171875 0.6608816875 0.82418358125 0.216362275 0.06894940625 0.293129834375 0.07067415 0.293394728125
10 0.7106447678865313 0.5198312510114903 0.04451389183263199 0.023402783665263983
10 0.8201809697932971 0.5784299462948341 0.05399801923729371 0.026855165879248945
10 0.62004456053747 0.5893203501931836 0.042951391832631816 0.023348219962933216
10 0.3271502216073956 0.55273060808255 0.04451389183263199 0.023402783665263983
10 0.24280001425833425 0.62200145245492 0.050873019237293704 0.026746038474587407
10 0.1522295779606651 0.6236036471901096 0.05874008293962456 0.0285813569862416
3 0.11077872105924144 0.3581894675158624 0.0571230192372937 0.026964293283910833
3 0.41755202151472837 0.44423357260318747 0.04451389183263199 0.023402783665263983
3 0.5816641399337155 0.3253595431142748 0.044786710344286364 0.031215283665263983
3 0.6849801128918734 0.31628958876043833 0.04484127404661713 0.03277778366526398
3 0.7901041225105203 0.30013382070427097 0.05890377404661713 0.0332688569862416
12 0.15632431171859631 0.6851041423807862 0.07630952885594056 0.04011905771188111
12 0.5248659805930702 0.6558481404818697 0.05599702885594056 0.039409729581580066
5 0.39534718321762624 0.2756844692451429 0.060902783665263985 0.04582342068857255
5 0.7829662343060854 0.2363987029182561 0.06726191106992588 0.049166675497895974
9 0.30922365554281206 0.3957365636175128 0.06677083774894799 0.035104175497895976
2 0.597296574417286 0.3692905923886354 0.05465278366526398 0.04560516587924912
6 0.7031174992822098 0.4225569469278064 0.061919646641955414 0.030252984390903494
6 0.7303372197932971 0.5815673591788584 0.0605208377489479 0.03488592068857255
0 0.31978664411006663 0.45076880399886593 0.06035714664195542 0.03019842068857237
0 0.325771260081983 0.5028397354872117 0.06035714664195542 0.030198420688572546
8 0.7485762991047246 0.6402330310485572 0.08595734736759475 0.04825893992586625
1 0.5685763520921002 0.2532489301375834 0.061339293283910835 0.05832342068857255
4 0.1205058959241652 0.41481148974838095 0.09505952885594056 0.04077382213985139
11 0.2332092486492376 0.5614731802224014 0.08401290145127885 0.037266876223535306