7 0.4755859375 0.0804398140625 0.4664713546875 0.8356481484374999 0.9358723953125001 0.8738425921875 0.9098307296874999 0.0734953703125 0.4755859375 0.0804398140625
5 0.49375 0.12421875 0.0296875 0.08046875
2 0.49609375 0.21328125 0.034375 0.0734375
0 0.5 0.303125 0.03125 0.0640625
1 0.50078125 0.3875 0.03203125 0.0734375
4 0.4953125 0.49609375 0.03515625 0.0625
0 0.49609375 0.59375 0.0296875 0.05390625
2 0.490625 0.6859375 0.034375 0.0578125
5 0.49140625 0.79296875 0.0296875 0.0671875
3 0.553125 0.11796875 0.021875 0.06171875
3 0.5515625 0.21875 0.0234375 0.0546875
3 0.5515625 0.31328125 0.02265625 0.046875
3 0.55859375 0.40078125 0.02421875 0.04453125
3 0.54921875 0.48984375 0.0234375 0.04140625
3 0.5546875 0.5859375 0.0234375 0.04296875
3 0.55625 0.68828125 0.0234375 0.04609375
3 0.55 0.79375 0.025 0.05390625
10 0.83203125 0.1203125 0.03828125 0.06328125
10 0.8390625 0.2109375 0.0390625 0.05625
10 0.8359375 0.30390625 0.03828125 0.05234375
10 0.8375 0.40703125 0.0375 0.04375
10 0.83984375 0.50078125 0.03984375 0.04375
10 0.84296875 0.603125 0.0390625 0.0421875
10 0.84296875 0.69609375 0.0421875 0.0484375
10 0.84921875 0.8078125 0.0390625 0.05546875
12 0.896875 0.1203125 0.05390625 0.08125
12 0.91328125 0.8203125 0.06171875 0.07265625
9 0.90703125 0.2140625 0.0625 0.07265625
9 0.921875 0.7265625 0.06796875 0.06015625
6 0.9046875 0.30390625 0.06015625 0.06328125
6 0.9203125 0.61015625 0.05859375 0.059375
8 0.9109375 0.40625 0.07421875 0.07578125
11 0.921875 0.51328125 0.0765625 0.06171875