7 0.8755324765625 0.2903860828125 0.1125273609375 0.32897556875 0.1525885234375 0.7857853875 0.9408345562499999 0.7122570374999999 0.8755324765625 0.2903860828125
10 0.8780307243711996 0.6340833205721539 0.06052100593149916 0.0305443458553869
10 0.7885371428502687 0.6463379228533312 0.05583350593149916 0.030353344866803765
10 0.6978166423559772 0.6476868586326061 0.054398339923887915 0.03341467787060921
10 0.5971945598464631 0.6556996298871443 0.04495967292769336 0.03147017589344294
10 0.5067605608350463 0.664079815666419 0.04808467292769336 0.031597509885831696
10 0.4069833953217266 0.67362325342286 0.0480846729276934 0.031597509885831696
10 0.31645389581601824 0.6796596892021348 0.04971083992388783 0.03322367688202625
10 0.2074290642950874 0.6927101289357422 0.05589717292769345 0.031915844866803766
3 0.16934283798390254 0.4109799678710468 0.05583350593149903 0.030353344866803765
3 0.27653325547438856 0.410525028631731 0.04958350593149898 0.030098676882026075
3 0.38109342148199976 0.40313433988670677 0.046331171939110315 0.02684634288963732
3 0.480025669999125 0.3920602356283629 0.04164367193911041 0.026655341901054185
3 0.5677803379839025 0.394744883841477 0.04476867193911023 0.026782675893442943
3 0.6494614195048334 0.38280861654127146 0.047893671939110406 0.0269100098858317
3 0.7461772520143474 0.37495501277721915 0.05101867193911023 0.027037343878220543
3 0.8453641685162502 0.3701309085188753 0.060393671939110403 0.0274193458553869
12 0.8891711542189752 0.6962331520930847 0.07990767589344294 0.04693334980971962
12 0.19991499463715462 0.7579677144110057 0.0801623438782205 0.053183349809719616
5 0.15735749113993247 0.34729946984821314 0.07665534190105419 0.04368101581733086
5 0.8310987386684745 0.30810841099033326 0.07509284190105418 0.043617348821136395
9 0.2969491621276406 0.7579266106469534 0.05854201186299814 0.05854201186299797
9 0.7981787396942387 0.7101139213704565 0.07391234387822046 0.052928681824942106
2 0.2681676571475437 0.33965411311841137 0.0612850098858317 0.049294345855386903
2 0.7398198226608633 0.31495793026770513 0.0628475098858317 0.04935801285158128
6 0.70742640570185 0.7106816071497313 0.06415534190105418 0.04317167984777566
6 0.4107251606447659 0.7462476699247629 0.06122134288963732 0.0477318458553869
0 0.6542324911399324 0.32705336505839666 0.05458934091247105 0.03810217787060939
0 0.36373482513232125 0.34202042635055346 0.05621550790866543 0.039728344866803766
1 0.5682949911399324 0.33055504984908823 0.06753500988583169 0.04954901384016441
4 0.4611682406456409 0.33257248908840403 0.0644100098858317 0.04942167984777566
11 0.5043796601504743 0.7400839001530993 0.06479201186299796 0.05879667984777566
8 0.6092754071847247 0.721723877909978 0.07416701186299815 0.059178681824942105