7 0.3082682296875 0.1111111109375 0.294921875 0.8680555562500001 0.7486979171875 0.8831018515625001 0.73046875 0.09548611093750001 0.3082682296875 0.1111111109375
10 0.646875 0.14765625 0.02734375 0.059375
10 0.65390625 0.23671875 0.02734375 0.05390625
10 0.65 0.328125 0.02734375 0.05234375
10 0.65 0.4296875 0.02578125 0.04296875
10 0.6515625 0.5171875 0.0265625 0.04296875
10 0.65390625 0.61953125 0.02734375 0.04375
10 0.6546875 0.70859375 0.02890625 0.0484375
10 0.66015625 0.8171875 0.02734375 0.05234375
3 0.384375 0.14921875 0.02421875 0.0546875
3 0.3828125 0.24765625 0.02734375 0.05234375
3 0.38359375 0.34296875 0.0265625 0.0453125
3 0.390625 0.42734375 0.025 0.04296875
3 0.38125 0.51484375 0.0265625 0.04140625
3 0.3859375 0.6125 0.02734375 0.0421875
3 0.3859375 0.71640625 0.028125 0.046875
3 0.37890625 0.82109375 0.02890625 0.05390625
12 0.709375 0.14375 0.040625 0.0765625
12 0.72265625 0.83125 0.04453125 0.07421875
5 0.32109375 0.15546875 0.040625 0.075
5 0.31328125 0.82421875 0.04296875 0.06640625
9 0.7171875 0.23984375 0.04609375 0.07265625
9 0.72734375 0.73984375 0.04921875 0.06171875
2 0.32265625 0.2421875 0.046875 0.06796875
2 0.3140625 0.7171875 0.05078125 0.05546875
6 0.7125 0.3265625 0.03984375 0.06328125
6 0.72421875 0.6234375 0.03984375 0.059375
0 0.32890625 0.33359375 0.03828125 0.0609375
0 0.32265625 0.62421875 0.0375 0.05
1 0.32421875 0.41796875 0.04921875 0.0703125
4 0.3203125 0.525 0.05078125 0.06484375
8 0.715625 0.425 0.05078125 0.071875
11 0.725 0.5296875 0.053125 0.06171875