7 0.843585553125 0.19822350312499998 0.08185324375 0.24448842499999998 0.1608919859375 0.6926125953125 0.9324500375 0.6121904109375 0.8435798703125 0.19789798281249998 0.843585553125 0.19822350312499998
10 0.865246313713697 0.5352646516240821 0.06290910308425524 0.02525606426490725
10 0.7779372284863493 0.5487481415949522 0.05194432954530477 0.02337531551854859
10 0.6754065178536122 0.4962345585254265 0.04725682954530477 0.02323892319868044
10 0.4048406477232285 0.5791453130777731 0.045694329545304765 0.023193459092057722
10 0.2960599370904914 0.5268135864347381 0.04415910308425506 0.024710494985435004
10 0.21056849634325675 0.5996493443522969 0.05043637662320544 0.026454851411925873
3 0.14320016964062104 0.32256165861720404 0.05992047077900682 0.03297763605166182
3 0.2518348299490466 0.3217456532069277 0.047420470779006865 0.032613923198680436
3 0.3564268725627204 0.3132308080632081 0.04429547077900686 0.032522994985435004
3 0.5534303319776415 0.4044227947353729 0.04418637662320535 0.02627299498543505
3 0.8223012885531886 0.26919102223633773 0.055232970779006865 0.03284124373179385
12 0.8787554346548594 0.5927134387711006 0.08497501785690745 0.03683006175762475
12 0.5166372642001642 0.6251361115075627 0.05528751785690744 0.03596624373179384
5 0.5183989926931041 0.2334798089211379 0.053943206168510116 0.04842077962517113
5 0.12878706777418195 0.25810435352349687 0.0726932061685102 0.048966348904643374
9 0.6421558668806775 0.3377461086045688 0.06627956493480802 0.0394094924781526
2 0.3541200787312306 0.36019673627645343 0.053861385551659244 0.04373327962517113
6 0.27090420413662003 0.42905804803407827 0.0567681972400564 0.031324207838416385
6 0.29871337864850506 0.5892681223281153 0.056795470779006776 0.03288670783841656
0 0.6501826010523649 0.39457277012476666 0.05679547077900686 0.03288670783841656
0 0.6620474013766765 0.4473795213784079 0.053643197240056395 0.03123327962517113
8 0.30127136282019246 0.6462539082214926 0.07263865909060954 0.0458413489046432
1 0.3480864926931041 0.2384353965430101 0.06515344155801354 0.06436402837152996
4 0.8303143859554011 0.3252364337565357 0.09144320616851012 0.04951191818411553
11 0.7690883340062363 0.4896004621280657 0.08653751785690744 0.03687552586424729