7 0.9118817671875 0.10598695 0.10493962187500001 0.10967653749999999 0.13845554843750002 0.5462764484375 0.9024107375 0.57523068125 0.9118817671875 0.10598695
10 0.15694999663478773 0.19044892912609301 0.06363660266556703 0.04124504809323422
10 0.25691655588513 0.3000818786706061 0.052471782132453626 0.03305060217691817
10 0.4521715684215423 0.19763646886662475 0.04644910266556703 0.04064484736759479
10 0.6455351235152496 0.1911211179556509 0.04488660266556703 0.04059028366526398
10 0.7490525801000248 0.2618552586071565 0.049528638558944314 0.039191474772256554
10 0.8507765529821363 0.1904837448121584 0.05738660266556721 0.04102679328391079
3 0.17067048198680435 0.47423365208425106 0.0584489974927175 0.0238938569862416
3 0.37303696404011566 0.48208090153609684 0.04755696159934022 0.025074411069925695
3 0.4534087741483878 0.4279142459084667 0.04130696159934022 0.02485615626060227
3 0.5531694302583094 0.3158904502623033 0.044659282132453626 0.03277778366526398
3 0.7508544239901033 0.3774256949048257 0.05081835391920819 0.029871038474587407
3 0.8575386815119506 0.3155928722168201 0.05715928213245362 0.03321429328391083
12 0.15506323620994644 0.125605179126093 0.08279577962517112 0.055962312521204496
12 0.8699153463973609 0.12403285479362498 0.0844946719450391 0.06070437622353535
5 0.4690230654520414 0.5353820055271136 0.05550585391920819 0.030034729581580065
9 0.15443040188677948 0.23796876987026588 0.08582985141192578 0.05294643992586625
9 0.6552571159934022 0.25701893646730517 0.06698892319868044 0.049166675497895974
2 0.7578759991420702 0.1895809545234725 0.07971624373179384 0.05741568511654278
2 0.44379443025830945 0.3120709910991434 0.05582410266556703 0.04097222958157998
6 0.3433899503165691 0.13374260525696116 0.06409124373179384 0.05687004809323426
6 0.7440685295586642 0.5465477171373443 0.06037521034569906 0.03644842068857255
0 0.5447538735152495 0.1876017591553107 0.05779577962517131 0.05508929328391084
8 0.433605773356965 0.12284479999215078 0.07244931301126609 0.0758928666048885
1 0.5486590896669363 0.4827505680483181 0.060284282132453626 0.033323420688572546
11 0.1657844051854848 0.5208903972749276 0.09943771034569897 0.03781251324684387