7 0.719790059375 0.8920662531250001 0.6546750484375 0.1144510859375 0.2386089046875 0.127526021875 0.2719199078125 0.8870987046875 0.719790059375 0.8920662531250001
10 0.5762836182719372 0.1669247866147585 0.029837986205190247 0.0635823389353047
10 0.5879414925367682 0.2554925380976333 0.026221663274411534 0.05408000494291585
10 0.5335616089996831 0.3483856922422464 0.02589411465389251 0.04783000494291585
10 0.6115825469230384 0.6322142055881192 0.027129066033373485 0.04164367193911023
10 0.5574483248513424 0.7297948597327324 0.025566566033373483 0.041580004942915846
10 0.6288906348918222 0.828594457070994 0.027784163274411532 0.05414367193911005
3 0.3496092486412036 0.8398224812541008 0.03724105042954129 0.05608817391627667
3 0.35029092209238055 0.7338271492388783 0.03691350180902227 0.04983817391627667
3 0.344064176276252 0.6298890657407812 0.03362472749876275 0.046585839923887915
3 0.4392937098587657 0.4536860044858054 0.030417840343633172 0.04489600593149916
3 0.30864241689245614 0.16225589676742036 0.034197937584671045 0.05752333992388783
12 0.6346726503841127 0.1654060489720482 0.03698874491161739 0.0810245069200822
12 0.66074266395178 0.528973800454923 0.03724105042954129 0.05608817391627667
5 0.2686093956344144 0.4545269684025195 0.049741050429541286 0.0565975098858317
5 0.28509304726172263 0.8434303009120334 0.050478034825709096 0.0706600098858317
9 0.37389668193046155 0.35123482513232124 0.041021147670579336 0.06871550790866543
2 0.3906083056294657 0.6403609921285156 0.05130355042954129 0.05666117688202625
6 0.45867995420455615 0.7343457554743885 0.03559666327441171 0.054462006920082115
6 0.6195355670494264 0.7393409560824109 0.03576043758467105 0.05758700692008212
0 0.43179106908559123 0.3551530039915137 0.034197937584671226 0.05752333992388783
0 0.4839301011977669 0.3533795983640259 0.031072937584671223 0.05739600593149907
8 0.6768534220923804 0.7471335514435061 0.04595430913596843 0.07359400889724857
1 0.2697635391211223 0.6253023834215475 0.06569359905006031 0.06348417984777566
4 0.36398833615976156 0.16217232513232127 0.048663229307785105 0.09553267589344294
11 0.5286074361143329 0.2538544422422464 0.03879690637700648 0.08577567391627668