7 0.2232860328125 0.051797051562499995 0.15872150625 0.8004278062499999 0.5986461734375 0.8718532171875 0.6370017515625 0.0969441515625 0.2232860328125 0.051797051562499995
10 0.5514210785534188 0.13930548122604244 0.023792024004105093 0.061755955534962846
10 0.5516841780858807 0.22834069937487703 0.02218407220870695 0.05388889183263199
10 0.4871626149523599 0.30948406117044214 0.02214771077238851 0.047638891832631994
10 0.5268689678044713 0.6002256230586744 0.022111349336070063 0.04138889183263199
10 0.4599536576960128 0.6900445804077358 0.022129530054229286 0.04451389183263199
10 0.5179247180990589 0.7950296915703288 0.02374657220870695 0.053943455534962936
3 0.2384553867169698 0.7672965942875519 0.03468407220870695 0.05432540145127884
3 0.252327510057145 0.6652703028177397 0.03933521077238851 0.04823909255827132
3 0.26073088339732015 0.5634349843060853 0.034647710772388506 0.048075401451278844
3 0.3772876452029809 0.39924102033360204 0.028388620413308897 0.046294646641955414
3 0.286123331480285 0.09233131062228796 0.033157933645025485 0.06052083774894797
12 0.6084114219375605 0.14434515609096624 0.02854315651766246 0.07285714664195542
12 0.5867802989901689 0.5059647023701019 0.03155907220870695 0.05421627404661713
5 0.1752286788714475 0.7601314242319516 0.056595433645025485 0.061339293283910835
5 0.20715240720503347 0.37471971388766534 0.050345433645025486 0.06112103847458741
9 0.32637965105671335 0.2885416225105203 0.04102497579950324 0.07016865626060227
2 0.30438088944744435 0.5790947006408214 0.05029089149054773 0.051746038474587405
6 0.35846842574818955 0.6803099710592415 0.03781816256778665 0.05599702885594056
6 0.5199871878484379 0.7090376278679978 0.03160452400410509 0.06202877404661713
0 0.38254783782499685 0.3006398292266095 0.03159543364502539 0.06046627404661713
0 0.43640863602959873 0.3065698814961949 0.03159543364502539 0.06046627404661713
8 0.5714587842576417 0.7228620256910796 0.034829517953980905 0.07932540145127884
1 0.1866257628858153 0.5464955101668011 0.06597952400410509 0.06322917549789579
4 0.3407381086076481 0.10292158104070799 0.04743860226293632 0.09851191106992568
11 0.4923864461380574 0.21713287006344956 0.03174087939029935 0.08546627404661714