7 0.650216109375 0.8466687187499999 0.6122281609375 0.073302784375 0.1963583828125 0.1356315578125 0.20229041093750003 0.897359171875 0.650216109375 0.8466687187499999
10 0.5611622441119948 0.7960938342391977 0.024019302673454136 0.051228307326946165
10 0.4944190920989501 0.7034393447546472 0.025472714672181596 0.041935194482076096
10 0.5533844647517234 0.5979429392821517 0.02231135200509069 0.03864642017181659
10 0.5395657707272246 0.4180883429456248 0.02231135200509069 0.03864642017181654
10 0.4389737827020893 0.23809098371879922 0.023982940006363408 0.04810330732694625
10 0.532368699355499 0.13548056083344923 0.02416475334181776 0.06372830732694626
3 0.2637459686903171 0.16050265151576654 0.035029528007636035 0.058051517412854546
3 0.26685442938413406 0.36046170793820165 0.034993165340545127 0.05492651741285455
3 0.32871008672817903 0.4361743588881414 0.031722714672181594 0.042262743102595125
3 0.4407111947405875 0.521766620873929 0.0255090773392725 0.0450601944820761
3 0.3891048834340863 0.7222479777259053 0.0286340773392725 0.04522396879233561
3 0.4496253074474493 0.8175737658309747 0.025636346674090583 0.0559976944820761
12 0.5893454053548627 0.12780417967121332 0.03061474801081765 0.08124335594746529
12 0.6207099667806766 0.8078258723442671 0.03679202267663584 0.07532090456798421
5 0.21254928473104248 0.46336870194530794 0.05063634667409058 0.0573078889641522
9 0.49332821208622335 0.6096893447546472 0.03504770934118149 0.05961401741285464
9 0.48385847402131715 0.13176906264247154 0.032159066677272106 0.07976274310259504
2 0.5546298860995863 0.7049741892821517 0.030596566677272286 0.07968085594746518
2 0.43404247672658813 0.41892822591688306 0.03650112133990877 0.050320904567984256
6 0.5883112587125888 0.30765545398147276 0.03036020934118149 0.05936835594746537
6 0.21263329010181353 0.7393137262555675 0.05228975334181778 0.06520227611928178
0 0.5491504034054512 0.5027942135924113 0.030287484006999675 0.05311835594746519
8 0.5955703227243611 0.3940466553609538 0.03519316000954511 0.07211401741285454
1 0.2673827827418601 0.5402310950933314 0.060065890674726855 0.06248671189493056
11 0.20904937802354437 0.16258745194530788 0.06046588001272672 0.09686171189493056