7 0.5352003890625 0.8726851859375 0.5569973171875 0.1041666671875 0.141394309375 0.1232638890625 0.0904601484375 0.881365740625 0.5352003890625 0.8726851859375
10 0.4527458170014012 0.81328125 0.02718323821317572 0.046875
10 0.3931225680348585 0.71796875 0.026892139784752266 0.040625
10 0.45875403019318634 0.6171875 0.025329639784752268 0.040625
10 0.46083672270680703 0.43828125 0.023767139784752443 0.040625
10 0.3728402247737216 0.24765625 0.02718323821317572 0.046875
10 0.4738997646823083 0.1578125 0.02620293507002245 0.059375
3 0.2036964265929672 0.15546875 0.0369948858558109 0.05625
3 0.1928915514905233 0.35390625 0.03812073821317572 0.046875
3 0.2469197719210187 0.43515625 0.03626713978475227 0.040625
3 0.35334524628045555 0.53203125 0.03001713978475227 0.040625
3 0.2849098076957763 0.7265625 0.03343323821317572 0.046875
3 0.3379555709303427 0.82890625 0.0338698858558109 0.05625
12 0.5303680885036259 0.153125 0.03318068114108108 0.075
12 0.5081225217161309 0.83203125 0.03616013192686936 0.071875
5 0.12904091315351307 0.45 0.058869885855810856 0.05625
9 0.39667140715765703 0.625 0.0401198858558109 0.05625
9 0.42589891232494353 0.1484375 0.038013730355292805 0.078125
2 0.3534244830458892 0.4296875 0.0448073858558109 0.05625
2 0.45302410690998796 0.7234375 0.033253455748187125 0.0765625
6 0.10909217039222338 0.72734375 0.06214043507002258 0.059375
6 0.5149313713828995 0.33359375 0.030817660462916764 0.0578125
0 0.4631568939230907 0.52265625 0.032161836641599176 0.053125
8 0.5172151552956302 0.41875 0.03601458271265763 0.06875
1 0.1774912216733497 0.53359375 0.0684632096771284 0.0609375
11 0.1483732258071789 0.15234375 0.07013702564056316 0.096875