7 0.186623221875 0.729304896875 0.9638240609375 0.685056275 0.8878807265625 0.26575956562499997 0.1272835046875 0.2770228453125 0.186623221875 0.729304896875
10 0.8979465494211851 0.603575871788051 0.06395608418674925 0.025363614363184794
10 0.8109925809912163 0.6134599318965096 0.054490078925077866 0.02374657220870695
10 0.7106593810476861 0.5546485341594459 0.046586573663405774 0.022138620413308985
10 0.43272336782291926 0.626601843973317 0.046768584186749604 0.025263620413308985
10 0.3269669205102249 0.5686035124930319 0.04520608418674961 0.025254530054229285
10 0.23804790465462222 0.6386756388582692 0.05476309471009326 0.028434072208706952
3 0.865151647044463 0.33570711573792683 0.05954159997176518 0.030023843285945873
3 0.5893010495623596 0.45688372073133765 0.04502407366340577 0.022129530054229286
3 0.3968034654461971 0.35875126864135193 0.045388094710093266 0.028379530054229284
3 0.2945962233387049 0.3616904371610669 0.04869510523343692 0.03152271077238851
3 0.18655621018452528 0.35841142193756054 0.05182010523343701 0.03154089149054773
12 0.9116975072572231 0.6652355344540335 0.08343412628012459 0.03797269867214013
12 0.545238049350598 0.6798717688377437 0.052184126280124234 0.03779089149054773
5 0.17423124445597946 0.2943989189124984 0.07286064732681177 0.04415906615858276
5 0.5638474813017998 0.2882246243221338 0.0587981473268119 0.04407725292686626
9 0.6819365996188294 0.39694966364794115 0.07066111049510884 0.03321247579950315
2 0.3917666259271885 0.40645297043675005 0.06339464206513998 0.042542024004105096
6 0.3086880863940625 0.4694574853656688 0.05485409997176518 0.02999657220870695
6 0.3267008809770989 0.6311262383907309 0.058252115756780666 0.03470225292686635
0 0.6875110364081799 0.4524047781093216 0.06101309471009344 0.028470433645025394
0 0.6968552153050227 0.5054934166730032 0.06413809471009344 0.028488614363184794
8 0.32712508618230096 0.69208191910889 0.0746961631118273 0.048855656517662285
1 0.3924807155167843 0.28453251864135193 0.06265118942018652 0.056595433645025395
4 0.8700813417263215 0.39351052537884723 0.09611613680346806 0.041170421544777014
11 0.80514512841685 0.553317317435129 0.08950211575678076 0.03488406010845857