7 0.1776831625 0.8853176406250001 0.9342890718750001 0.9097370203124999 0.89549683125 0.4674979140625 0.131167046875 0.47226766875 0.1776831625 0.8853176406250001
10 0.18671866576080243 0.5533988146880899 0.06224769448207601 0.025709072008272393
10 0.28398316937884704 0.6513465133672712 0.05147396879233561 0.028706802673454136
10 0.46870897218323754 0.5558992953930427 0.041771420171816585 0.022347714672181596
10 0.6464654799851537 0.5509407174172234 0.041853307326946344 0.023910214672181594
10 0.7520847161903438 0.6146315947644501 0.04522396879233561 0.028634077339272323
10 0.8416960928300238 0.551650884110404 0.0513101944820761 0.025581802673454133
3 0.2024476435982495 0.8237294960216353 0.05821529172311406 0.03815452800763595
3 0.4009670307533792 0.8276010253819068 0.05369156603337362 0.04122498400699968
3 0.4784468995911434 0.7715061140594972 0.042426517412854636 0.0348477146721816
3 0.5687266615769309 0.6616867660725421 0.04538774310259512 0.0317590773392725
3 0.7702349298942966 0.7225895454328135 0.051719630257724705 0.03339430267345413
3 0.8656835487320607 0.6667037194461767 0.057887743102595125 0.03190452800763595
12 0.8559765988229178 0.49638212877940385 0.07367651741285464 0.0352113413430903
12 0.18142697817613135 0.4971215426877718 0.08272396879233553 0.029070429344363193
5 0.502475299070745 0.8873401993952698 0.057635437584671226 0.05688634667409076
9 0.18226686114738958 0.6025357486871353 0.08305151741285455 0.03532042934436319
9 0.6598972161903438 0.6135588960852688 0.06134029172311415 0.03819089067472703
2 0.7551001735627185 0.5529855700986318 0.07655585594746536 0.03056020401018138
2 0.4642848230423201 0.6651561167249973 0.058542840343633176 0.044404528007635946
6 0.3597976396415206 0.5038817147119525 0.057723968792335524 0.028779528007635946
6 0.7787069284239585 0.899142954766041 0.05779921189493074 0.06001134667409076
0 0.5535376735627185 0.5506401780712695 0.057805855947465366 0.030342028007635947
8 0.4462707281761313 0.5002032787237247 0.06742651741285463 0.03513861600890866
1 0.5818861601065929 0.8382947194064059 0.0629780348257091 0.06944089067472703
11 0.20379213760535567 0.87918006468809 0.09718926051544959 0.06671588001272681