7 0.594447259375 0.8796296296874999 0.63811006875 0.11689814843749999 0.1782527890625 0.10069444375 0.1660950296875 0.899884259375 0.594447259375 0.8796296296874999
10 0.25125393755573117 0.8453125 0.03416098428423435 0.0625
10 0.35881818858918846 0.75 0.025911836641599174 0.053125
10 0.2646808525667618 0.55703125 0.031725188998963996 0.04375
10 0.26329394272301765 0.36875 0.03328768899896399 0.04375
10 0.33205040488134546 0.26796875 0.03030823821317572 0.046875
10 0.26486936703967323 0.1671875 0.036922111248705036 0.0546875
3 0.5262175502521782 0.84609375 0.027910984284234174 0.0625
3 0.5348606118723868 0.64375 0.02718323821317572 0.046875
3 0.48165002874544427 0.56171875 0.025329639784752268 0.040625
3 0.37838594168956036 0.4640625 0.026892139784752266 0.040625
3 0.4405713802742396 0.26953125 0.02562073821317572 0.046875
3 0.3861450535574379 0.16328125 0.029036836641599173 0.053125
12 0.1862282510379665 0.84921875 0.05363873035529285 0.078125
12 0.20111723614626112 0.14375 0.05549232878371635 0.084375
5 0.5930605636916323 0.5515625 0.04004711124870504 0.0546875
9 0.29940033912730774 0.8515625 0.04455482878371626 0.084375
9 0.32608504115144105 0.3625 0.04368153349844608 0.065625
2 0.3727287930134679 0.56875 0.033797111248705033 0.0546875
2 0.2645183025239806 0.25859375 0.04589900496239867 0.0796875
6 0.6098479191493691 0.275 0.040192660462916766 0.0578125
6 0.2019924538906694 0.66171875 0.04993153349844599 0.065625
0 0.2595267797789016 0.46640625 0.0432448858558109 0.05625
8 0.19434908188859742 0.57421875 0.061014582712657715 0.06875
1 0.5407403924753487 0.4671875 0.04026543507002245 0.059375
11 0.5744003391273077 0.8515625 0.048262025640563165 0.096875