7 0.8726851859375 0.3449224015625 0.1116898140625 0.364587890625 0.1145833328125 0.82545804375 0.90914351875 0.7705061171875001 0.871527778125 0.3452748609375 0.8726851859375 0.3449224015625
10 0.85234375 0.6918802290110062 0.0625 0.03270470364722229
10 0.7625 0.7017838655038883 0.053125 0.03248649810013902
10 0.671875 0.7015494357923606 0.053125 0.03248649810013902
10 0.56796875 0.7063116306058677 0.04375 0.032268292553055744
10 0.47734375 0.7123272008943399 0.04375 0.033830792553055565
10 0.37734375 0.7193422267298955 0.0421875 0.03223192496187508
10 0.28671875 0.7230140470183678 0.046875 0.03546602773541672
10 0.17421875 0.7342262635833678 0.0546875 0.0325228656913195
3 0.83671875 0.42427515492281176 0.0578125 0.023220600873680653
3 0.7375 0.4265844969627771 0.05625 0.02474673328249999
3 0.64296875 0.4311284862292008 0.046875 0.026091027735416716
3 0.5578125 0.44170426994854123 0.040625 0.024383057370694416
3 0.46953125 0.4359465388502427 0.04375 0.026018292553055565
3 0.37265625 0.4452325795034372 0.04375 0.026018292553055565
3 0.26796875 0.45001295811253444 0.046875 0.024528527735416715
3 0.1609375 0.44781663810840266 0.053125 0.026236498100139016
12 0.8578125 0.7550341924418743 0.078125 0.04713087955902786
12 0.1640625 0.7985251529260415 0.075 0.05330814437666689
5 0.15546875 0.3823189246775346 0.071875 0.04229790919430556
5 0.82734375 0.36199336046989516 0.071875 0.03917290919430565
9 0.765625 0.7673361303215271 0.071875 0.05323540919430556
9 0.26015625 0.8001947960684372 0.059375 0.06075696846486132
2 0.73984375 0.3679361955760063 0.065625 0.04215243882958344
2 0.26796875 0.3797004581125345 0.0609375 0.045168336056041716
6 0.6765625 0.7662840830188189 0.0625 0.04832970364722229
6 0.3734375 0.7936518957078469 0.05625 0.04818423328249999
0 0.6484375 0.37631369966006895 0.05625 0.03568423328249999
0 0.359375 0.38382295402847194 0.0546875 0.0340853656913195
8 0.575 0.7756792264455551 0.0703125 0.06101154160312507
1 0.5640625 0.378277549583819 0.06875 0.0453501740119445
4 0.4578125 0.37840679578409686 0.05625 0.04193423328249999
11 0.46953125 0.7898527888502427 0.0625 0.06395470364722229