7 0.0783780921875 0.676350665625 0.8372281234375001 0.7190068593750001 0.8664413546875 0.2641455625 0.0763619859375 0.25281527187499997 0.0783780921875 0.676350665625
10 0.12905749510585857 0.33698002965749524 0.06693452885594055 0.04017401384016441
10 0.21596721806401656 0.33504479794628395 0.055669646641955416 0.03035334486680368
10 0.3064558088081894 0.3426437337255587 0.054107146641955414 0.0302896778706093
10 0.40885412251052033 0.34525142197629133 0.04316964664195542 0.029844008897248565
10 0.4987524362128511 0.3473497742574688 0.044786710344286364 0.03147017589344294
10 0.5996155317663474 0.3491125455120071 0.04473214664195542 0.029907675893442943
10 0.6886780317663475 0.3527415642950874 0.04947421034428619 0.03166117688202617
10 0.7982712865756708 0.3509482540286948 0.05254464664195524 0.03022601087441492
3 0.11819188385844766 0.6033226126613009 0.05717758293962455 0.028854511862997968
3 0.21819188385844765 0.6073973004177419 0.054107146641955414 0.030289677870609388
3 0.3135316657096131 0.6104997371855998 0.0477480192372937 0.0269100098858317
3 0.3989334523701019 0.6069383384781941 0.04467758293962456 0.02834517589344294
3 0.48613335200728225 0.6190974402650801 0.0414980192372937 0.026655341901054185
3 0.5816095431142748 0.6182936270329379 0.044623019237293705 0.026782675893442943
3 0.6878595431142748 0.6226229827741566 0.04473214664195542 0.029907675893442943
3 0.7916021020072822 0.6315443380210836 0.052599210344286364 0.03178851087441501
12 0.12496276134792736 0.27500661167271767 0.08277778366526398 0.04706068380210837
12 0.8121998665200705 0.2881445065001527 0.07507441106992588 0.049867348821136484
5 0.7940252083605517 0.6965790890096668 0.07016865626060227 0.04342634783255317
5 0.1246030857652134 0.66617278114037 0.07491071996293311 0.045179848821136306
9 0.21745036171074705 0.27016921444818676 0.0799801658792491 0.05630834980971962
9 0.7194220894782285 0.2788875702265864 0.05810516587924912 0.05541701186299815
2 0.6854041765093862 0.6929354827741566 0.057886911069925696 0.04916701186299797
2 0.2129934631698751 0.6666449664253531 0.0703869110699257 0.04967634783255335
6 0.3078843887525891 0.27933065022746145 0.06391865626060227 0.04317167984777566
6 0.6052777439247322 0.27658362950439586 0.05766865626060227 0.04291701186299814
0 0.5919269950210406 0.681302963002493 0.05448909255827132 0.04122717787060921
0 0.3030009042768677 0.6656183187065305 0.06224702885594056 0.039983012851581276
8 0.40570432985958166 0.27862233748961096 0.07529266587924913 0.05611734882113639
11 0.5107464939247321 0.2727317762346352 0.061339293283910835 0.0586693458553869
4 0.49416161761637883 0.6804487757403436 0.0625744110699257 0.04935801285158128
1 0.38807530872337137 0.671431919999125 0.0719494110699257 0.04974001482874755