7 0.45187536875 0.8832185593749999 0.4963239875 0.11728663749999999 0.0234935484375 0.09566591875 0.013237084375 0.902002721875 0.45187536875 0.8832185593749999
10 0.09360410339533136 0.853928553450712 0.04353598428423431 0.06391865626060209
10 0.08852280521457695 0.762068435664697 0.043172111248705014 0.056106156260602266
10 0.16082164433737547 0.6667261646133047 0.04131851282028158 0.049801592558271324
10 0.10317408002657058 0.3637673449205241 0.042953787427387445 0.05141865626060227
10 0.1750919294884513 0.2598586057202973 0.04309933664159917 0.05454365626060227
10 0.10567630355743791 0.15932538158101295 0.044952935070022584 0.060848219962933124
3 0.409000356700591 0.1612127414776615 0.02747433664159917 0.05399801923729371
3 0.39847377150673396 0.2699974644358195 0.02562073821317572 0.04769345553496285
3 0.3951603728306415 0.37463040073348863 0.023912688998963993 0.04451389183263199
3 0.2815408668347855 0.5533134506408214 0.031725188998963996 0.044786710344286364
3 0.38084939227046083 0.8493575822218343 0.02471320967712849 0.061701391832632166
12 0.036324720225607635 0.4760788611625929 0.061922111248705 0.056760920688572546
12 0.02897992793826536 0.8554662607997731 0.05795985587653072 0.08014385698624196
5 0.4690474447899323 0.16145578893792356 0.033035131926869354 0.07291171034428627
5 0.45003615570991495 0.5528893207890889 0.030672111248705038 0.055669646641955416
9 0.33682121815869304 0.6559002481010834 0.036014582712657804 0.06989583774894789
2 0.34272673159814715 0.3616418166127377 0.04070208271265781 0.07005952885594055
6 0.28570194375647495 0.26301583285480656 0.0401198858558109 0.05755952885594055
6 0.10209107713108645 0.25304809972984754 0.062285984284234305 0.06457342068857255
0 0.2164723308551401 0.6608829031805594 0.04666098428423433 0.06402778366526399
0 0.2751388554622459 0.6572742643431523 0.04197348428423435 0.06386409255827133
8 0.03619430727923695 0.24453868448357063 0.0723886145584739 0.08074405771188112
1 0.4595674751880064 0.38174100708675807 0.03401543507002262 0.06046627404661713
4 0.31842216687756675 0.8499776303150686 0.04513702564056317 0.09829365626060209
11 0.14846073139325938 0.764655233124959 0.06664815260503384 0.09124504809323426