7 0.7228802062499999 0.9409166203125 0.731318246875 0.15722537187500002 0.27827405625 0.140750365625 0.3029202046875 0.9005402734375 0.7228802062499999 0.9409166203125
10 0.6431165746740408 0.21730120160984862 0.025900026785361165 0.052726893713693726
10 0.6387620856310894 0.32560385318142515 0.027353432629559825 0.0465496683207995
10 0.639549064120734 0.41541121587787233 0.025763659090609535 0.04491439371369377
10 0.6389371838440805 0.5145208039672134 0.028943206168510115 0.04818494292790554
10 0.6381616623337252 0.6042553920565548 0.025763659090609535 0.04491439371369381
10 0.6383310320570716 0.7034013674494488 0.02592730032431163 0.05428939371369381
10 0.6446140340856665 0.7950259412707663 0.02592730032431163 0.05428939371369364
10 0.6391237390363609 0.88297970553879 0.026090941558013725 0.06366439371369381
3 0.3773504419584601 0.8676649588485589 0.02918866801906326 0.06224744292790518
3 0.37330209577406387 0.7698995469379002 0.03061480032431154 0.05450771753501123
3 0.37395488635914276 0.6731337088485588 0.028943206168510205 0.04818494292790554
3 0.3802946152558245 0.5891225818840882 0.03039661201270878 0.04200771753501122
3 0.3693922970746054 0.501185934241453 0.028888659090609538 0.045059942927905536
3 0.37238883765968434 0.40452925806277057 0.030478432629559828 0.04669521753501127
3 0.3705478737805364 0.2990605080627706 0.030532979707460585 0.04982021753501131
3 0.36167565990138845 0.19326427233079427 0.03217730032431163 0.05458049214211713
12 0.7009379464226869 0.8913230525194713 0.0388091298696164 0.07674659057054072
12 0.7038495231319132 0.20842066128697706 0.045031856330665934 0.075475188998964
5 0.3139464610331836 0.8576863372607717 0.043442082791715644 0.07383991439185814
5 0.2983125892845374 0.18562940074300704 0.04495003571381497 0.070787688998964
9 0.7109274119299833 0.3008628724118475 0.05095457386326192 0.057016287427387444
9 0.7086901708551417 0.7987909501621066 0.048075035713814884 0.07093323821317572
2 0.29865923701106123 0.2949316261359012 0.051090941558013546 0.06482878742738744
2 0.31395436931301424 0.7686966118678775 0.0511454886359143 0.06795378742738763
6 0.7016668291349724 0.7094737390372361 0.03859094155801372 0.06424659057054054
6 0.7090121302733581 0.41474343589408297 0.03848184740221221 0.05799659057054067
0 0.31708727759284483 0.6798524356891951 0.04160684740221221 0.058142139784752266
0 0.3081217861175568 0.38982674917143045 0.04470457386326192 0.05672518899896399
8 0.7022923461811009 0.6111454009478948 0.04812958279171564 0.07405823821317573
1 0.3132571197200513 0.5945870237785363 0.05432503571381488 0.07122433664159918
4 0.30668774553247785 0.4865561999572188 0.054161394480112965 0.061849336641598994
11 0.7114161558409033 0.5077485731976358 0.05103639448011279 0.06170378742738745