7 0.3232421875 0.125578703125 0.3111979171875 0.8865740734375 0.7688802078125 0.9004629625 0.7473958328125 0.1070601859375 0.3232421875 0.125578703125
10 0.66484375 0.1609375 0.03046875 0.059375
10 0.5640625 0.25546875 0.0234375 0.05078125
10 0.6625 0.446875 0.02734375 0.04296875
10 0.67265625 0.6328125 0.028125 0.04375
10 0.609375 0.73359375 0.025 0.04375
10 0.67890625 0.8359375 0.02890625 0.0546875
3 0.39375 0.15703125 0.025 0.05546875
3 0.39296875 0.35859375 0.025 0.04609375
3 0.45 0.44140625 0.0234375 0.0421875
3 0.55703125 0.53984375 0.02421875 0.0421875
3 0.503125 0.734375 0.02265625 0.04296875
3 0.56015625 0.840625 0.0234375 0.05234375
12 0.728125 0.16015625 0.04375 0.07734375
12 0.74375 0.85859375 0.0453125 0.075
5 0.3375 0.453125 0.0390625 0.0546875
9 0.6171875 0.1546875 0.0359375 0.07890625
9 0.61015625 0.640625 0.03515625 0.06015625
2 0.67578125 0.7421875 0.03828125 0.07890625
2 0.55625 0.43515625 0.03125 0.05703125
6 0.71953125 0.3421875 0.0375 0.0578125
6 0.33203125 0.72890625 0.0390625 0.06015625
0 0.67109375 0.53671875 0.03671875 0.053125
8 0.7296875 0.43125 0.0515625 0.06796875
1 0.39296875 0.5375 0.04375 0.05859375
11 0.34296875 0.153125 0.04765625 0.09609375