7 0.908746284375 0.275524771875 0.1162176578125 0.213207771875 0.121308709375 0.6713752265624999 0.880658875 0.6989257953125 0.908746284375 0.275524771875
10 0.8533586206238202 0.3555418719975628 0.06126476400381797 0.03096320967712849
10 0.7643870272915473 0.34358121939252895 0.05347044533736352 0.032161836641599176
10 0.6729262332909111 0.34401140487683624 0.051907945337363516 0.03208906203449331
10 0.5713819146244565 0.33771855541495555 0.044095445337363516 0.031725188998963996
10 0.4792216866247747 0.33108110359570997 0.04097044533736351 0.03157963978475227
10 0.38003929929186553 0.323334916044488 0.04407726400381797 0.030162688998963995
10 0.28864213995863824 0.3182963515287953 0.047238626670908876 0.03343323821317572
10 0.17934895595959277 0.3061708790313853 0.05190794533736347 0.03208906203449331
3 0.8455802939210946 0.6209485481762452 0.05650453866963616 0.0244948858558109
3 0.7471427939210946 0.6163637479285762 0.050272720003181705 0.025766287427387447
3 0.65184847525464 0.6103619968951188 0.047165901336727246 0.02718323821317572
3 0.5659837005888217 0.6001093935042967 0.047202264003817974 0.03030823821317572
3 0.47761154392109456 0.6038101282028159 0.04247840133672724 0.02696491439185813
3 0.3800189285885036 0.5937929652586997 0.045603401336727065 0.027110463606069855
3 0.2769030192552763 0.5882085911897131 0.04404090133672707 0.027037688998963992
3 0.17057120325432182 0.5902911679065148 0.05029090133672711 0.027328787427387268
12 0.8595637146324107 0.2925153331224333 0.07863407733927233 0.047388730355292896
12 0.168375640634956 0.2415625694780914 0.07556362133990877 0.051930681141081084
5 0.16903542791218587 0.6550985306029619 0.06925907733927242 0.046952082712657627
5 0.8339246312460495 0.6821578759265042 0.07545453333863614 0.04255568114108108
9 0.7667040526336834 0.2788102439996348 0.07245680267345414 0.05334763192686944
9 0.26296143463559235 0.2412779332079958 0.06001134667409058 0.05745293507002262
2 0.7472331532463676 0.6757751352321291 0.06455339600572696 0.045171258891340216
2 0.2752763372454131 0.6608284538861602 0.05992044000636332 0.04964043507002262
6 0.676805758633047 0.27931320409104793 0.0598840773392725 0.04651543507002263
6 0.3777688219685015 0.24975186683027628 0.0551965773392725 0.04629711124870504
0 0.6582342879137767 0.6661582326270953 0.05668635200509069 0.0401198858558109
0 0.3683541752466858 0.6557835430089587 0.05352498933799978 0.03684933664159917
8 0.5752978026336834 0.26989535462916725 0.07252952800763594 0.05959763192686944
1 0.5738411065802312 0.663790903843379 0.0708579400063634 0.050149857319763666
4 0.46519281257959494 0.6634205686495218 0.059884077339272326 0.04651543507002263
11 0.47230007196850143 0.2541547305601807 0.06475339067472685 0.06235875889134013