7 0.09666596718750001 0.901654375 0.9002892734374999 0.9766280421875001 0.8757187125 0.5052495953125 0.11244261874999999 0.468175890625 0.09666596718750001 0.901654375
10 0.14702701877781305 0.8259560696514182 0.05981135200509069 0.04061171189493038
10 0.23932360677908573 0.8401624118040736 0.05359771467218159 0.043409163274411355
10 0.3322918094366316 0.7778881411118587 0.048837489337999786 0.03691350180902227
10 0.6354900821132675 0.8671708056294655 0.05045453333863605 0.0416828889641522
10 0.7354986254375862 0.8060462771353347 0.047274989337999784 0.03683161465389242
10 0.8379247387809947 0.8855876922187684 0.053561352005090865 0.04028416327441171
3 0.14685210673931484 0.5425260939616777 0.05964772000318166 0.026549211894930556
3 0.4427015034213596 0.6712430727036359 0.047165901336727246 0.027456614653892687
3 0.6204259667409057 0.5790566519659925 0.0471477200031817 0.02589411465389251
3 0.7235873294079965 0.5875862042045561 0.04400453866963616 0.024167840343633173
3 0.8313271040738147 0.5869864179085089 0.05654090133672725 0.027947937584671047
12 0.14622813478672175 0.8914991824962882 0.07874316534054512 0.057219357756487454
12 0.5229179041215399 0.9221714868825586 0.05377952800763595 0.05903416327441171
5 0.44312712273231514 0.5065221534363304 0.05345226400381797 0.030909163274411712
5 0.8290646227323151 0.5267482807533792 0.07222044533736352 0.033454309135968606
9 0.33889470341340544 0.6072447704650723 0.06755112667090887 0.03477114767057934
2 0.6304009507479054 0.631110474896771 0.06137385200509069 0.040693599050060314
6 0.7464912167806765 0.878453543643678 0.06627952800763595 0.059689260515449406
6 0.7334355914226323 0.6958490835577698 0.055087489337999784 0.03724105042954129
0 0.33867762209576835 0.7227878833099426 0.06295453333863606 0.04233798620519007
0 0.3411299127545869 0.665139157620202 0.05977498933799978 0.03748671189493056
8 0.7558667641231307 0.9460914229968918 0.07899770401018139 0.07909435775648746
1 0.612631100731997 0.5130631597679086 0.06291817067154533 0.03921298620519007
4 0.14755208808081446 0.6026823439616777 0.0973113520050907 0.04257700361804453
11 0.23469919410404066 0.7782389439162491 0.09127952800763603 0.0609994549975255