7 0.9061782375 0.25779913906249996 0.11164951249999999 0.23169888125 0.1495245140625 0.6894619750000001 0.9098886703125 0.681845046875 0.9061782375 0.25779913906249996
10 0.856627294775332 0.34003777282575476 0.06101274310259512 0.03159543364502539
10 0.7673777662812007 0.4402690561014378 0.051228307326946165 0.023728391490547906
10 0.5708126255080265 0.34071798711418466 0.04522396879233561 0.028379530054229284
10 0.384342858999683 0.3294799843837102 0.04522396879233552 0.028379530054229284
10 0.286878038782438 0.3921749062230749 0.0450601944820761 0.025254530054229285
10 0.180890310379164 0.3220482377033599 0.05616146879233552 0.028443162567786652
3 0.8747409661903436 0.6111542487234537 0.057560194482076096 0.02532725292686635
3 0.6732194097679086 0.6107628424021831 0.0481851944820761 0.025272710772388508
3 0.5874180286056726 0.5532498033709633 0.043415807326946165 0.023682939695149584
3 0.48337125847928475 0.44564586074894735 0.0434976944820761 0.025245439695149585
3 0.2916651153312611 0.49842036104353504 0.0448964201718165 0.022129530054229286
3 0.18242623416902518 0.44077096662612103 0.05435330732694625 0.02374657220870695
12 0.8540921149925769 0.2767610680052945 0.08041784034363317 0.04420451795398091
12 0.15483574344127932 0.25707267749670537 0.0773747274987628 0.04574883723582168
5 0.5815951537750148 0.6656816256778662 0.056734678878243724 0.039380662567786474
9 0.8653748530067892 0.3877303842620732 0.08000840456798422 0.03639201795398091
9 0.3798058452048731 0.39193453258831207 0.06117651741285446 0.034720433645025486
2 0.2748040846894235 0.3257186592481369 0.08009029172311406 0.0379545179539809
2 0.5880997020568495 0.4470361648072818 0.057887743102595125 0.031577252926866174
6 0.6725112443457905 0.2842957911725191 0.05977779172311415 0.03783634328594587
6 0.3061005088179689 0.6695459273003136 0.06142217887824373 0.03940793364502539
0 0.4805184961548127 0.33160154146710663 0.05509029172311415 0.03780907220870704
8 0.5829164778374472 0.27362139070498087 0.07145227611928177 0.051962475799503235
1 0.49431315976790857 0.6097219962875668 0.061667840343633 0.0440954336450254
11 0.8813085487320607 0.6619582246211528 0.09941350180902227 0.04900110226293641