7 0.29296875 0.10185185156250001 0.2796223953125 0.858796296875 0.7320963546875 0.871527778125 0.7141927078125 0.08506944375 0.29296875 0.10185185156250001
10 0.63125 0.1390625 0.0265625 0.05859375
10 0.6375 0.228125 0.02578125 0.053125
10 0.575 0.321875 0.0234375 0.04765625
10 0.6375 0.60859375 0.0265625 0.04375
10 0.575 0.70546875 0.0234375 0.04375
10 0.64296875 0.80546875 0.02578125 0.0515625
3 0.3625 0.134375 0.028125 0.06015625
3 0.4734375 0.42734375 0.025 0.05
3 0.36953125 0.603125 0.02890625 0.046875
3 0.36875 0.70625 0.0296875 0.04609375
3 0.36328125 0.81328125 0.0296875 0.05546875
12 0.69296875 0.13671875 0.0375 0.07890625
12 0.6953125 0.503125 0.0375 0.05234375
5 0.3046875 0.425 0.04375 0.06015625
5 0.29765625 0.815625 0.04296875 0.0671875
9 0.4171875 0.325 0.03515625 0.06953125
2 0.41875 0.6171875 0.03984375 0.06171875
6 0.6390625 0.715625 0.03671875 0.05546875
6 0.47578125 0.70859375 0.0296875 0.05
0 0.471875 0.32890625 0.02890625 0.06171875
0 0.525 0.3265625 0.02734375 0.0609375
1 0.29609375 0.596875 0.05625 0.0609375
4 0.4203125 0.1375 0.03671875 0.09609375
11 0.57578125 0.22578125 0.034375 0.08828125
8 0.69921875 0.7234375 0.05 0.075