7 0.8426251921875 0.9552702015625 0.884377384375 0.1587498859375 0.41916434531249996 0.14731883750000002 0.4128007125 0.9053411078125 0.8426251921875 0.9552702015625
10 0.7637048507108121 0.8985116621276406 0.0363011143631848 0.06396434091247087
10 0.7728212963578901 0.8090180806067098 0.03468407220870695 0.054525673916276676
10 0.7702326275435876 0.716703246614321 0.03466589149054773 0.051400673916276673
10 0.7739621364223822 0.6129243306067098 0.03461134933607006 0.04202567391627667
10 0.7791905127876195 0.5201465815952929 0.034629530054229286 0.045150673916276675
10 0.7836830909482548 0.41952449908577893 0.034629530054229286 0.045150673916276675
10 0.7857773769544124 0.32818191608197333 0.03777271077238851 0.04840300790866543
10 0.795025632808145 0.21603208456104248 0.03624657220870695 0.05458934091247103
3 0.49034007358344917 0.8748699377936221 0.023782933645025393 0.06033000494291585
3 0.4916940162054651 0.7764642712917194 0.02530907220870695 0.054143671939110224
3 0.4946059136479411 0.6789035217860109 0.02214771077238851 0.04776633794672147
3 0.5029138382177802 0.5940656067669828 0.023673849336070064 0.041580004942915846
3 0.4956149435057787 0.5054660217860109 0.025254530054229285 0.04476867193911023
3 0.5040092264868743 0.4057843567669829 0.02214771077238851 0.04776633794672147
3 0.5061444191088901 0.30741052376317723 0.02371930113146803 0.049392504942915846
3 0.502102334603543 0.19628202277459406 0.02530907220870695 0.054143671939110315
12 0.8285258748131131 0.9050600924697079 0.050472698672140125 0.08328734387822082
12 0.8599239249626226 0.2092992649031097 0.05667724687674216 0.07572951186299812
5 0.430256546456086 0.8599187584401381 0.033248837235821685 0.07633700692008247
5 0.44196426532170224 0.19070584342110997 0.03164997579950324 0.07002333992388783
9 0.8640569130587659 0.30480276589169286 0.06283634328594587 0.060359179847775654
9 0.8399997059988106 0.8133182614430685 0.06137383723582168 0.07748301285158128
2 0.4389887353656688 0.2992040929268184 0.04407725292686635 0.058032675893442943
2 0.43466731138500486 0.773359175930624 0.03945338544042354 0.06877917490485999
6 0.8381741064663487 0.7241602609487771 0.05350679508134419 0.06778967787060922
6 0.8602728620254936 0.41795668189930407 0.05349770472226432 0.06622717787060939
0 0.4446842234618121 0.394771260911596 0.028434072208706952 0.054271005931498986
0 0.4422303473911624 0.6822394274134987 0.028470433645025394 0.060521005931498985
8 0.8458053201656035 0.6213217624316518 0.06763292759490121 0.07930018083635879
1 0.4427121364223822 0.5994269274134988 0.03790906615858276 0.07184050790866543
4 0.4409956211988758 0.4915189269192071 0.034720433645025396 0.060775673916276675
11 0.8589234645830175 0.5155810984012069 0.06911361436318444 0.06530134783255317