7 0.2438089765625 0.101840684375 0.2714310328125 0.894124871875 0.72754069375 0.8860205562499999 0.669220365625 0.12461790312500001 0.2438089765625 0.101840684375
10 0.3304294945971538 0.1562406059642723 0.034890210466874017 0.06340928213245363
10 0.3286765497741211 0.24666101748447025 0.03296368942018653 0.05711381802583091
10 0.39967086021276016 0.34075800996262284 0.027912168373499125 0.050727425705962934
10 0.3516175809912163 0.6271524995377815 0.03076415258848364 0.046130853919208195
10 0.4215044177382147 0.7290165279093115 0.02763915258848364 0.046039925705962756
10 0.35715276237772076 0.8293143931112908 0.032599668373499216 0.05086381802583091
3 0.6415732650085567 0.8383701105166189 0.03121917889684287 0.053943353919208195
3 0.6276179098457069 0.7326740399835054 0.030855157850155378 0.04769335391920819
3 0.620784809944529 0.6287450579301941 0.0275481473268119 0.04447742570596276
3 0.5097654680064458 0.4500313730530312 0.027366136803468066 0.04135242570596276
3 0.6012047261813024 0.15865987846330748 0.029929694681858444 0.05858538981258556
12 0.266230486704646 0.1520328275927424 0.0452662683452643 0.0808695667721897
12 0.2855004863517102 0.5230583814328084 0.046662168373499215 0.05127299498543501
5 0.6752994627447741 0.4532880683550354 0.042247684158514785 0.05582410266556703
5 0.7049455202702285 0.8417739068348375 0.04462923151356133 0.06993206677218992
9 0.5577108733669398 0.3492561347315136 0.03350972099021767 0.06648881802583091
2 0.5754191020379038 0.639903866784825 0.043901189420186525 0.05743206677218957
6 0.5223311703690505 0.7327302127864744 0.032872684158514784 0.05555131802583091
6 0.35582620983158947 0.7395843033778476 0.04408319994353027 0.06055706677218957
0 0.5047678838902835 0.35083535510634245 0.03158319994353036 0.060193353919208194
0 0.4507251259977757 0.34692309342786 0.031492194681858446 0.05863085391920828
8 0.2939177440324564 0.7479219891129404 0.06098227360693613 0.08288670783841638
1 0.6922502862670056 0.6238051568348374 0.05373121572854576 0.06551735141192587
4 0.542838489335482 0.16086122446495693 0.03845482622365459 0.09782974623907634
11 0.39012228398910553 0.24376934969606615 0.04572129465362362 0.08868206677218975