7 0.1457011125 0.1215518140625 0.1212547984375 0.879835478125 0.56569174375 0.86598460625 0.56063686875 0.0976289625 0.1457011125 0.1215518140625
10 0.48116161588959605 0.8075723112667303 0.025545440006363405 0.047165901336727246
10 0.4182081772358681 0.7130052459420936 0.025472714672181596 0.04091590133672725
10 0.48031837324954935 0.6115149239338212 0.023910214672181594 0.0408977200031817
10 0.47615013594050276 0.43268139926800303 0.022347714672181596 0.04087953866963616
10 0.381493258633047 0.24318364194782055 0.025545440006363405 0.047165901336727066
10 0.4794136853119101 0.15221264926800301 0.02412839067472685 0.059647720003181706
3 0.20912845731222823 0.15301426997136497 0.035029528007636035 0.056649989337999786
3 0.20525692795195677 0.3514699513049104 0.03648294000636332 0.04729317067154524
3 0.26212399860759367 0.4320472419637289 0.0348477146721816 0.041024989337999786
3 0.371934255927776 0.5276313672820023 0.028597714672181595 0.040952264003817976
3 0.3102956799013682 0.7228535079567292 0.03179544000636332 0.047238626670909056
3 0.36691730255414157 0.8245245486155479 0.03190452800763603 0.05661362667090879
12 0.5357182293125464 0.14687062126036698 0.03056020401018138 0.07534544533736343
12 0.5371934398870507 0.8256677832590944 0.03208634134309048 0.0722386266709087
5 0.1447637759389119 0.44825459197963724 0.056904528007636034 0.05690452800763594
9 0.4185087165818221 0.6200455866088663 0.03815452800763599 0.05668635200509069
9 0.4310852733131828 0.1434012706079118 0.03528406667727211 0.07852498933799978
2 0.3684376332750027 0.42534216128263874 0.042842028007635945 0.05674089600572696
2 0.4783007925684591 0.717774014600594 0.030578385343726745 0.07690794533736352
6 0.13450533923459546 0.7256801579805918 0.060065890674726896 0.06006589067472703
6 0.5265870352880475 0.32742118726132147 0.028797709341181487 0.05813976400381797
0 0.48141834392904864 0.5169836739338212 0.03030566534054522 0.05347044533736352
8 0.5318461526098208 0.41250471192713967 0.03361247867599957 0.06913180800445429
1 0.19613482459423062 0.5312392673058649 0.06633407200827231 0.061701116008908666
11 0.15369606997931912 0.15053470731222823 0.06675224267981758 0.09763861600890866