7 0.3655598953125 0.12847222187500001 0.365234375 0.1273148140625 0.3671875 0.8883101859375 0.828125 0.8854166671874999 0.7916666671875 0.09085648125 0.3655598953125 0.12847222187500001
10 0.71171875 0.14765625 0.03125 0.06171875
10 0.71953125 0.2375 0.03046875 0.05390625
10 0.7171875 0.328125 0.03046875 0.05234375
10 0.71953125 0.43203125 0.03203125 0.04375
10 0.7234375 0.52265625 0.0328125 0.04453125
10 0.728125 0.62265625 0.03203125 0.0421875
10 0.7296875 0.71328125 0.03359375 0.046875
10 0.73828125 0.82578125 0.03203125 0.0546875
3 0.44375 0.16328125 0.02265625 0.0578125
3 0.44375 0.2625 0.0234375 0.05546875
3 0.44609375 0.35703125 0.02578125 0.04765625
3 0.4546875 0.4421875 0.0234375 0.03984375
3 0.446875 0.53046875 0.02421875 0.04296875
3 0.45390625 0.62734375 0.02421875 0.04375
3 0.45625 0.73203125 0.0234375 0.04609375
3 0.4515625 0.8390625 0.025 0.05390625
12 0.775 0.1421875 0.04453125 0.07734375
12 0.80234375 0.8359375 0.05078125 0.075
5 0.3859375 0.84453125 0.04140625 0.071875
5 0.38125 0.17265625 0.0375 0.07265625
9 0.78515625 0.234375 0.05234375 0.07265625
9 0.80625 0.73984375 0.05859375 0.06015625
2 0.38515625 0.26015625 0.040625 0.06484375
2 0.3859375 0.73203125 0.04375 0.0609375
6 0.78203125 0.3234375 0.04609375 0.0625
6 0.80234375 0.6265625 0.04765625 0.05703125
0 0.39140625 0.3515625 0.03359375 0.05703125
0 0.3921875 0.640625 0.0328125 0.0546875
8 0.7890625 0.425 0.06015625 0.0703125
1 0.39140625 0.4359375 0.04375 0.06796875
4 0.3890625 0.5421875 0.04140625 0.05703125
11 0.80078125 0.53046875 0.06171875 0.0625