7 0.456659125 0.12262324375 0.419646078125 0.884878328125 0.8884405484375 0.912844246875 0.8933665796874999 0.10946502656249998 0.456659125 0.12262324375
10 0.8119533661242306 0.15827888002136845 0.04233798620519025 0.06386409255827141
10 0.8165379675491401 0.2500125122353536 0.040447937584671224 0.05755952885594055
10 0.7459178510862252 0.3430333367374576 0.03699538896415202 0.05120040145127884
10 0.8052774044564426 0.6440898944493387 0.041355340343633175 0.045114092558271326
10 0.7342887957954438 0.7441419689514428 0.039956614653892684 0.04818452885594056
10 0.8047883242895748 0.8475695585144892 0.04184666327441171 0.05448909255827132
3 0.527909236771017 0.15696931804831812 0.025068599050060314 0.06170139183263199
3 0.6282622823393182 0.45241328202080144 0.030417840343633172 0.04473214664195542
3 0.5172418159218319 0.6293353913692958 0.02737472749876275 0.04618551923729371
3 0.5157025701057034 0.7333780506251231 0.025730340343633175 0.044568455534962935
3 0.5046245499793154 0.840218327666965 0.02778416327441171 0.05399801923729371
12 0.8769199468569251 0.15819952366809897 0.0574650192218769 0.08466766587924908
12 0.8713295296257847 0.5336905969890766 0.06108798620519025 0.0645188569862416
5 0.46313192729636404 0.4521255614248962 0.031072937584671223 0.05723214664195542
5 0.4451267192466208 0.8404886569783926 0.03164614767057934 0.06816964664195524
9 0.5733877538451873 0.34953132948106347 0.033126760515449584 0.06666171034428628
2 0.5689304686807939 0.6436632753973794 0.03559666327441171 0.0542708377489479
6 0.6255722150627493 0.7426935416394482 0.03732293758467122 0.057450401451278846
6 0.8062080613992763 0.7607416811098275 0.05985303482570918 0.07071429328391084
0 0.6320633910003169 0.3500149683184706 0.03608798620519007 0.06364583774894798
0 0.6900396653105765 0.34890882530471223 0.040939260515449584 0.06693452885594056
8 0.8733136742441463 0.7646504203100543 0.07909435775648746 0.08074405771188112
1 0.45346592096478605 0.6216295295737307 0.03756859905006031 0.06213790145127884
4 0.588065486771017 0.15907002058805605 0.039533890773174464 0.09963790145127885
11 0.7557642418593996 0.24475952784445018 0.0641244549975255 0.09269842068857252