7 0.9190538531250001 0.24005873125 0.1276796328125 0.207909259375 0.12225021250000001 0.665840703125 0.8858218499999999 0.6644457640625 0.9190538531250001 0.24005873125
10 0.8623487548941415 0.3213502638845053 0.06035714664195524 0.02881589067472685
10 0.7722049045313217 0.3138019405633684 0.055669646641955416 0.028761346674090582
10 0.681661750084818 0.3172002079090042 0.05421627404661713 0.03186816534054504
10 0.5807440908289909 0.31446665392268536 0.04478671034428618 0.0301965773392725
10 0.4899553997219983 0.3108336712683212 0.047911710344286186 0.030232940006363406
10 0.3897644267638403 0.30652852661522967 0.047911710344286276 0.03023294000636332
10 0.29905758121034404 0.3052392939608654 0.04952877404661713 0.03181362133990877
10 0.18938248084752432 0.2979182373090466 0.055724210344286276 0.030323846674090583
3 0.1726960109694092 0.5810398199793191 0.055669646641955416 0.028761346674090582
3 0.2795908517135821 0.5758881486314562 0.04941964664195542 0.028688621339908772
3 0.38438747911824384 0.5777949992839113 0.04618551923729371 0.025527258672817865
3 0.4838517657787326 0.5836717346037756 0.0414980192372937 0.025472714672181596
3 0.5711335109694092 0.5764035799252307 0.044623019237293705 0.025509077339272324
3 0.6534648613322289 0.5840428099140949 0.0477480192372937 0.025545440006363405
3 0.7504762705880561 0.5868218172342774 0.050873019237293704 0.025581802673454133
3 0.8497223024392214 0.5864485525541415 0.060248019237293705 0.02569089067472703
12 0.8687599568009071 0.2587502665500054 0.07965278366526399 0.044659066677272284
12 0.17696183720079378 0.23319266597709198 0.07987103847458736 0.05090906667727228
5 0.16555812276497434 0.6452114079805918 0.07641865626060226 0.04149770401018138
5 0.8401861005324559 0.6490849125557323 0.07485615626060209 0.041479522676635835
9 0.2737004279449667 0.22815917329727436 0.05821429328391083 0.05690452800763597
9 0.7769990427357566 0.2496576245624139 0.07362103847458741 0.05083634134309047
2 0.27660475016963604 0.6470455332988652 0.06101191106992569 0.04756589067472685
2 0.748670723127794 0.6470235205681408 0.0625744110699257 0.047584072008272214
6 0.6864831701404184 0.25383714190804973 0.06391865626060227 0.04135225334181776
6 0.3880084646054555 0.23386318594845693 0.06095734736759484 0.04600339067472685
0 0.6624331227649742 0.6394297439131403 0.05437996515360979 0.03655566534054522
0 0.3716989953603126 0.6396864719525931 0.05599702885594056 0.038136346674090583
1 0.5764956227649743 0.6404297172581398 0.0672619110699257 0.04763861600890884
4 0.46954621831847054 0.6440188886060028 0.0641369110699257 0.04760225334181776
11 0.4818403101589518 0.2351160559357302 0.06446429328391083 0.05697725334181776
8 0.5878001334799295 0.2479513159214127 0.07383929328391084 0.05708634134309047