7 0.6853240953124999 0.9062535828125 0.7136339578124999 0.1236226953125 0.2633915078125 0.13291211875 0.2659768921875 0.8897239906250001 0.6853240953124999 0.9062535828125
10 0.60248208521646 0.8538104172501857 0.025709072008272393 0.061228401336727245
10 0.610558761895323 0.7638848512492311 0.02561816534054522 0.053415901336727245
10 0.6077070292409588 0.6733053045830948 0.02561816534054522 0.053415901336727245
10 0.6096518845878672 0.573296213916322 0.025472714672181596 0.04091590133672707
10 0.6122507205999577 0.48421553258277666 0.0255090773392725 0.044040901336727244
10 0.6157398946133206 0.38575076058245844 0.0255090773392725 0.04404090133672707
10 0.6167671399586382 0.2974695105824584 0.028670440006363408 0.047202264003817974
10 0.6242807426400466 0.18880303524827663 0.025581802673454133 0.05029090133672711
3 0.34394835264163753 0.18034783461968398 0.03190452800763595 0.05661362667090888
3 0.35053361262731997 0.28572567795195675 0.0317590773392725 0.04411362667090888
3 0.3493518259468661 0.38728817795195675 0.031795440006363404 0.047238626670908876
3 0.3435098112667303 0.48656147195259314 0.030160214672181596 0.04097044533736351
3 0.3510763159214127 0.5747427246180932 0.028597714672181595 0.040952264003817976
3 0.343835433243186 0.659971699952275 0.028670440006363318 0.047202264003817974
3 0.3403826218969138 0.7553114719525931 0.03186816534054513 0.05348862667090888
3 0.34159003855032355 0.852940449952275 0.028761346674090582 0.055014764003817974
12 0.663383222549369 0.8562263452419133 0.038409066677272286 0.07856135200509051
12 0.6853546026416375 0.1763752132400043 0.04306020401018138 0.075490896005727
5 0.2775911732177326 0.8482171346276381 0.04462270401018138 0.07550907733927233
5 0.27915914664227387 0.17641485996181994 0.04611247867599957 0.0692772586728179
9 0.673022399228232 0.7662825979074134 0.04774770401018138 0.0755454400063634
9 0.6881881539624563 0.26851725990614067 0.04760225334181776 0.06304544000636332
2 0.2787040659611836 0.2826557692950472 0.05230793467536321 0.06466248400699967
2 0.27861841856305025 0.7599358846276381 0.05076361600890866 0.06620680267345413
6 0.6686172572406406 0.6749399825748224 0.0351204346753633 0.06446248933799978
6 0.6853165979471842 0.38103544123968613 0.03662839067472703 0.059793170671545236
0 0.28672236724223144 0.6676665686266837 0.04131589067472685 0.0598477146721816
0 0.2854075046149115 0.37787736262732 0.042805665340545127 0.05361589600572705
8 0.6720882499204582 0.5780377105745043 0.046148841343090476 0.07240225867281787
11 0.6842348086012302 0.4740041912396862 0.04756589067472703 0.05992044000636341
4 0.28113708060154846 0.4763512252944109 0.05383407200827239 0.06155566534054522
1 0.2837979092536855 0.5833370219605472 0.05394316000954502 0.07093066534054522