7 0.8901207187500001 0.272489346875 0.09683868906250001 0.2221627109375 0.10648563124999999 0.6801062265625 0.8655257734375 0.697511740625 0.8901207187500001 0.272489346875
10 0.8351441253964846 0.35294341087269226 0.06093085594746554 0.03245293507002263
10 0.7463682304394389 0.3433265082676584 0.05616146879233561 0.030672111248705038
10 0.6547163189740497 0.34375669375196577 0.05468085594746519 0.032161836641599176
10 0.5531128753964847 0.339807594290085 0.04366146879233561 0.03008991439185813
10 0.4625288189740496 0.3348054170779453 0.04530585594746519 0.031725188998963996
10 0.3618294561291794 0.3285489549196175 0.04695024310259503 0.033360463606069854
10 0.2727260125516145 0.32518205231458364 0.048512743102595034 0.03343323821317572
10 0.16207511759456864 0.31454630521006777 0.05468085594746528 0.032161836641599176
3 0.8282545590244268 0.6188958966046687 0.057560194482076096 0.027619885855810898
3 0.7304754782917323 0.6166912336605526 0.05459896879233561 0.030599336641599174
3 0.6359851718692972 0.6115071199306482 0.051228307326946346 0.025766287427387447
3 0.5510745833346864 0.602853403843379 0.0450601944820761 0.027037688998964172
3 0.4615617039814728 0.607299001238345 0.041935194482076096 0.026892139784752266
3 0.3648914218692972 0.5988807255977819 0.04522396879233552 0.030162688998963995
3 0.2601220347141674 0.5955673269216895 0.04834896879233552 0.03030823821317572
3 0.15346259893851869 0.5984311536384912 0.05459896879233552 0.030599336641599174
12 0.839200861601675 0.2904797981762452 0.07729284034363318 0.04724318114108117
12 0.14980749095488846 0.24975605913900917 0.07910100180902231 0.05200345574818695
5 0.819469379241672 0.6819224354797981 0.07704717887824372 0.04255568114108108
5 0.15240803200063396 0.6633840655491501 0.06948034034363308 0.046879308105551944
9 0.7459831281100182 0.27595707174989376 0.07317855042954129 0.05796235731976358
9 0.24458440242027768 0.24947142286891352 0.06372166327441153 0.05596320967712849
2 0.25878086273332856 0.6659889888323482 0.05870661465389251 0.04949488585581072
2 0.7312700163968018 0.6762481701783172 0.06791784034363299 0.0468065334984459
6 0.6572924423343695 0.27965780644841287 0.06479284034363317 0.046660984284234354
6 0.3578247088427128 0.25552883188408815 0.06323034034363299 0.04658820967712849
0 0.641671927862191 0.6673761302697304 0.06117651741285464 0.037140435070022446
0 0.35294029850897735 0.6625429652586997 0.05665279172311406 0.04004711124870504
8 0.557456216644629 0.27187523159363797 0.07326043758467105 0.05952485731976358
1 0.5579144035519314 0.666607688789567 0.0727691146538925 0.050149857319763666
4 0.44981529850897733 0.6670549908992628 0.06174972749876275 0.04807793507002245
11 0.45400034599784256 0.2584419702210984 0.06544793758467123 0.05916098428423435