7 0.3653850125 0.18938543593749999 0.4251155765625 0.9436798859375 0.8371765671875 0.830515125 0.808685903125 0.0772294328125 0.3653850125 0.18938543593749999
10 0.5018815615813965 0.8733549666619094 0.023801114363184793 0.06304551386770854
10 0.48988153133077555 0.7877084073913536 0.02218407220870695 0.05363414627652787
10 0.5436064950300303 0.6833469092912148 0.02214771077238851 0.04738414627652787
10 0.46860753679172457 0.4163789212590621 0.023701120413308983 0.04585801386770836
10 0.5215830667477579 0.3065668569545134 0.022120439695149586 0.042696646276527875
10 0.45328758470173885 0.23004203096645792 0.025272710772388508 0.04745688145888884
3 0.730322783373879 0.1423549673274994 0.04095225292686635 0.057195557370694504
3 0.729704638956465 0.2486049673274994 0.03621021077238851 0.04771145459715278
3 0.7361268348981306 0.3531288131671869 0.034647710772388506 0.0476750870059723
3 0.6404365641154793 0.5545478024336106 0.028379530054229284 0.04440461664124999
3 0.7701548386105637 0.8147741747744437 0.03468407220870695 0.053925087005972386
12 0.4463219079906004 0.8902710161488191 0.028579517953980903 0.07877961664125017
12 0.42339905504029307 0.533821647607708 0.028434072208706952 0.05377961664124999
5 0.7960477773237548 0.123640028497916 0.05040906615858276 0.07147626291777782
5 0.81253427791293 0.5122661174037493 0.050290891490547905 0.05116376291777769
9 0.7063382991865605 0.6397209298084369 0.042569295081344015 0.06660692496187508
6 0.6233091932111912 0.2760779635277773 0.03469316256778665 0.0554875870059723
6 0.4613859101318997 0.3149982592149649 0.02999657220870695 0.05381598423243057
0 0.6492479618525431 0.6512045968865272 0.0363011143631848 0.06333645459715279
0 0.5944831938003663 0.6657587125778467 0.033176114363184794 0.06326371941479163
8 0.40976886797742196 0.32557338972392325 0.036319295081344016 0.06646145459715277
1 0.8135251270526084 0.3419536174037493 0.06910452400410501 0.0625376740119445
4 0.7161758657379268 0.8285288566701731 0.05365224082661779 0.09186149810013902
11 0.549315618664793 0.7761701889264926 0.03490224082661797 0.0914250870059723
2 0.6884705848981306 0.3542380246981939 0.04561248184962743 0.05261716014423614