7 0.301400740625 0.11523332187499999 0.2966899328125 0.871912559375 0.7491975578125001 0.8908652437500001 0.722171240625 0.10548947500000001 0.301400740625 0.11523332187499999
10 0.6390993823171656 0.15919708755536524 0.03784543364502539 0.06046613855894436
10 0.6482021924256242 0.24694714014179003 0.033139752926866176 0.05720474623907634
10 0.6432743187908615 0.3397567657686106 0.033176114363184794 0.06345474623907635
10 0.6438470114128774 0.4381942657686106 0.033067030054229285 0.044704746239076346
10 0.6482759570599554 0.5281516760351673 0.02529089149054773 0.050727425705962934
10 0.6496480804001304 0.6297369080884787 0.03470225292686635 0.05725021034569906
10 0.6493895260472086 0.7195579260351673 0.033067030054229285 0.044704746239076346
10 0.6601548301055429 0.8245409427282148 0.03786361436318479 0.06359113855894441
3 0.3789548270804809 0.8249511535361321 0.03155907220870695 0.05403428213245363
3 0.3853861133812261 0.7220307420159342 0.028379530054229284 0.044568353919208194
3 0.3840003545024315 0.6181017599626228 0.028406801131468117 0.04925585391920819
3 0.3787492522394952 0.5210903676427548 0.02521816861791084 0.038227425705962756
3 0.3868293969514968 0.4330591702291796 0.028397710772388507 0.04769335391920819
3 0.37930272238165763 0.3476983317493775 0.028379530054229284 0.044568353919208284
3 0.37640900565734076 0.2530988855894435 0.02841589149054773 0.05081835391920828
3 0.37818460821486466 0.1555108317493775 0.025327252926866262 0.05697742570596289
12 0.7023351805217676 0.15322588387358382 0.03795451795398073 0.07921613855894435
12 0.72272300779864 0.838078256993122 0.04417724687674216 0.07471049498543536
5 0.3141630148307229 0.16067805337784757 0.041061337235821685 0.07618206677218975
5 0.3149241433372595 0.8285558751646022 0.04417724687674198 0.074710494985435
9 0.726083836253863 0.7444419172596787 0.04875566256778665 0.056096887305303156
9 0.7114834424256242 0.24878843646000853 0.05354315651766246 0.07342077962517113
2 0.3162300297596417 0.24744226748447024 0.050381795081343925 0.06707985141192578
2 0.31194861338122604 0.7198939290046682 0.05347043364502548 0.06092077962517113
6 0.706519207354543 0.3353480620868292 0.040997704722264314 0.06524456677218975
6 0.7230901255796703 0.6326549710997447 0.039398843285945874 0.058949102665567035
0 0.32300727058625955 0.33824912391096096 0.03782725292686626 0.057341138558944314
0 0.319996941836449 0.6263939815910928 0.04250566256778665 0.05591503087881229
8 0.7109981499765589 0.4338992223533859 0.04886474687674216 0.07484688730530312
11 0.7217589088553534 0.5381009890464333 0.0519079336450254 0.06087531551854841
4 0.3178708395735127 0.5294735174844702 0.050363614363184706 0.06395485141192588
1 0.3195918999765589 0.42251046364440425 0.05041815651766246 0.07332985141192583