7 0.2667528875 0.10489835 0.22560644375 0.8918775140624999 0.6798202875 0.8926774265624999 0.6884987671875 0.1352669171875 0.2667528875 0.10489835
10 0.34882864192415663 0.1599876467267734 0.029852636051661906 0.06035714664195542
10 0.3392059378466638 0.24880461006628457 0.029670779625171128 0.054107146641955414
10 0.34045253760923694 0.3403472693221117 0.029670779625171128 0.054107146641955414
10 0.3374973706787627 0.4419097693221117 0.026272994985435096 0.044623019237293705
10 0.3333888807078925 0.5293552056197809 0.027835494985435093 0.04467758293962447
10 0.32806723172410696 0.6316171100662846 0.029397994985435095 0.04473214664195542
10 0.3246945276466141 0.7206523282151192 0.029534387305303157 0.04941964664195542
10 0.31606602223633773 0.8290551052569611 0.029670779625171128 0.05410714664195524
3 0.6112831778175339 0.17071684871835718 0.026591243731793845 0.0555605192372937
3 0.6099814391003051 0.26920891242068806 0.029670779625171128 0.054107146641955414
3 0.6064268785963215 0.3644941305695226 0.027880959092057723 0.04624008293962456
3 0.5969405668386967 0.4486235939090338 0.026272994985435005 0.044623019237293705
3 0.6037695768678265 0.536450976123019 0.02774456677218957 0.04155258293962447
3 0.5962405702039091 0.6339435350160263 0.02935253087881229 0.04316964664195542
3 0.5932172071135007 0.7378497850160264 0.02948892319868044 0.047857146641955416
3 0.597202361969781 0.8427828216765153 0.029670779625171128 0.05410714664195524
12 0.2864423021907133 0.15389884863353917 0.04285274122451135 0.07798115626060227
12 0.25315684527673366 0.8409350571637269 0.04593227711788863 0.07652778366526398
5 0.6743825713910432 0.17917667866275683 0.042807277117888634 0.07641865626060226
5 0.6627364337565357 0.8481994971744111 0.04565949247815269 0.06715278366526398
9 0.2758337596334185 0.24971978012188495 0.048966348904643374 0.07351191106992569
9 0.2511289955141605 0.7493651160567343 0.05181856426490725 0.0642460384745874
2 0.6702968134734844 0.26584086496042597 0.04887542069139794 0.0703869110699257
2 0.6650694750601893 0.7411409653232457 0.05163670783841638 0.05799603847458741
6 0.27799800171585964 0.33660222122887745 0.04244356426490725 0.06391865626060227
6 0.2576410714575502 0.6330679934613961 0.04235263605166191 0.06079365626060227
0 0.6613871632360576 0.3570288601511026 0.03927310015828454 0.06224702885594056
0 0.6591808394042389 0.647872114960426 0.038954851411925874 0.051309528855940555
1 0.6636196014784328 0.4415675512580951 0.052045884798020484 0.0720585384745874
4 0.6644115601747792 0.5487352105139223 0.051909492478152686 0.0673710384745874
8 0.2720087629986307 0.4349305938242157 0.05209134890464338 0.07362103847458737
11 0.25958766785491105 0.5392907116102307 0.05494356426490725 0.06435516587924912