7 0.8963252625000001 0.2412109375 0.101004559375 0.2255859375 0.13063573125 0.6832682296875 0.8920128406250001 0.6663411453125 0.8963252625000001 0.2412109375
10 0.1684981980426344 0.3140625 0.055051126670908876 0.03125
10 0.27322260805217946 0.384375 0.04405908267027261 0.0265625
10 0.36934308271004346 0.31953125 0.04411362667090888 0.03125
10 0.5561618300445434 0.328125 0.040952264003817976 0.028125
10 0.7510663447246791 0.42734375 0.053415901336727065 0.025
10 0.8444067173774524 0.325 0.0628636266709087 0.03125
3 0.85538276941436 0.596875 0.05655908267027243 0.0265625
3 0.6554009507479053 0.5984375 0.045603401336727245 0.025
3 0.5703623320734966 0.54140625 0.04087953866963616 0.021875
3 0.46834475139240633 0.43515625 0.04400453866963616 0.021875
3 0.2768026887332697 0.490625 0.047165901336727066 0.025
3 0.1690987293920882 0.4328125 0.054978401336727115 0.025
12 0.14354310403404388 0.25078125 0.08183180267345422 0.05
12 0.846795373368862 0.26171875 0.07863407733927233 0.04375
5 0.5646492287555414 0.6546875 0.05356135200509069 0.0375
9 0.367735676718634 0.3828125 0.06289998933799978 0.034375
9 0.8519743167170433 0.37109375 0.07856135200509087 0.0375
2 0.5722419107256337 0.434375 0.05659544533736351 0.0296875
2 0.2599589920432707 0.31875 0.07857953333863614 0.0390625
6 0.660176620703362 0.2703125 0.0629727146721816 0.040625
6 0.2881503634229504 0.66015625 0.05981135200509069 0.0375
0 0.4677987640435889 0.32109375 0.05356135200509069 0.0375
8 0.5733487827020893 0.2609375 0.07249316534054522 0.053125
1 0.4765037914146781 0.59921875 0.0598840773392725 0.04375
11 0.8629867314210415 0.64609375 0.0974204400063634 0.046875