9 0.26356654762989806 0.5954989104285765 0.05399801923729371 0.026236498100139016
9 0.1702381882814037 0.6948066197753822 0.06359127404661713 0.03270470364722229
9 0.45927340643023823 0.7007533741437851 0.044786710344286364 0.030705792553055566
9 0.6486905704953888 0.7153101026766324 0.04640377404661713 0.03230466014423623
9 0.7433284586998237 0.653502393329827 0.04780258293962447 0.027653527735416718
9 0.8481821390070431 0.7277594705521535 0.05734127404661713 0.03255923328249999
3 0.16306057222466935 0.4222049211621529 0.060248019237293705 0.026381968464861138
3 0.36308785407583477 0.4276412228332642 0.04618551923729371 0.026054660144236054
3 0.44708339735974556 0.4858005213702434 0.04144345553496294 0.024383057370694416
3 0.5500670428205746 0.5959223634102088 0.04144345553496294 0.024383057370694416
3 0.7411533450901601 0.5465075109210076 0.047638891832631994 0.022966027735416717
3 0.8478869839275672 0.6075378895301048 0.05399801923729371 0.026236498100139016
11 0.1709128000769688 0.7588327521842015 0.08428571996293308 0.0441149823325695
11 0.8770090326537737 0.793221469602223 0.08294147477225663 0.05032861474138901
5 0.45492812449425485 0.37513577830409756 0.05755952885594055 0.03880923328249999
8 0.1615427453603126 0.6469867156150696 0.08417659255827141 0.040989982332569494
8 0.6504415542533201 0.6536822716545838 0.06380952885594056 0.03895470364722229
2 0.4430085109694092 0.5926499334143406 0.0636458377489479 0.034267203647222286
2 0.757420729751216 0.7217439002636812 0.08428571996293321 0.0441149823325695
6 0.3550695452676454 0.7568741279435072 0.07027778366526398 0.04535017401194459
6 0.7304911196849314 0.3753046581474659 0.06720734736759475 0.04683993882958344
0 0.5494718204953888 0.7130007606366672 0.05755952885594055 0.03880923328249999
7 0.4444867093327959 0.7691033306407989 0.07383929328391084 0.05792290919430556
1 0.5396776359270002 0.43253201063666713 0.06079365626060227 0.042006968464861315
10 0.15350203375008195 0.3720230832062501 0.09996528366526398 0.04604115824437507