9 0.30565253855032354 0.8717317206353833 0.028834072008272392 0.06224744292790518
9 0.2988763745624139 0.782305347599854 0.03030566534054513 0.05450771753501123
9 0.3046274825748224 0.6911174214211714 0.030287484006999675 0.052945217535011226
9 0.3042467692552763 0.5894821468140655 0.0301965773392725 0.045132717535011226
9 0.30297571793445754 0.49718548490340686 0.030160214672181596 0.04200771753501122
9 0.30100523261459333 0.3978211856891951 0.0286340773392725 0.045059942927905536
9 0.30128759062700183 0.30637854838564216 0.03179544000636332 0.048330492142117085
9 0.29552903397518293 0.19667606265366583 0.030287484006999675 0.052945217535011316
3 0.5713320825509598 0.879415903843379 0.022529528007635947 0.05726884449948173
3 0.5724775065643228 0.780978403843379 0.024019302673454136 0.05109161910658777
3 0.572024067910595 0.6855931292362731 0.025545440006363405 0.04803939371369381
3 0.5667740412555945 0.5993645308078497 0.028670440006363408 0.04818494292790554
3 0.5756137866009121 0.511447153843379 0.02549089600572696 0.043351893713693815
3 0.5712813699475024 0.4135361927185084 0.025527258672817865 0.04647689371369377
3 0.5717000879615017 0.3103748054149555 0.0255090773392725 0.044914393713693726
3 0.5799676686425921 0.2044522911469319 0.025581802673454133 0.051164393713693725
11 0.24230765388291448 0.874253099047596 0.044659066677272284 0.08016268899896417
11 0.23160289397677375 0.18197355376232566 0.04931020401018138 0.07725601282028158
5 0.6448205093093647 0.20669118734182498 0.044549978675999566 0.07078768899896401
5 0.6331781018857779 0.8713530008240603 0.03837270401018138 0.07674659057054072
8 0.23401444322886844 0.7808477014049608 0.05083634134309047 0.07420378742738745
8 0.22581542329727436 0.2762864799410081 0.05537839067472687 0.06192211124870504
2 0.6318434158975501 0.7845250889134017 0.0429329346753633 0.06602741439185814
2 0.6443654286282745 0.3129775746453779 0.04756589067472703 0.06155823821317572
6 0.2397473699077315 0.6912222752262783 0.044440890674726855 0.06141268899896417
6 0.22760409528168418 0.3912757791552198 0.04438634667409058 0.05672518899896399
0 0.6274110019096405 0.695207877788531 0.03815452800763595 0.05799659057054054
0 0.6339086392823206 0.40550967700274276 0.03499316534054522 0.05472604135632882
7 0.23624165658818544 0.5894414514049608 0.05708634134309047 0.0744948858558109
1 0.6299552939210946 0.6109056523956369 0.04769316000954511 0.07249573821317572
4 0.6359063966025029 0.5025302262169544 0.044440890674726855 0.061412688998963995
10 0.22650412460218478 0.4858070291552198 0.06012043467536321 0.06682793507002263