9 0.17882928349562793 0.60625 0.05399801923729371 0.025
9 0.283410145291193 0.5421875 0.044568455534962845 0.0234375
9 0.3733605334956279 0.60625 0.044568455534962845 0.0234375
9 0.665059449374877 0.553125 0.047638891832631994 0.021875
9 0.7503496194304773 0.61640625 0.053943455534962936 0.0234375
9 0.84113831053747 0.61171875 0.060248019237293705 0.025
3 0.8754687036360462 0.34453125 0.06035714664195524 0.028125
3 0.5710589674310445 0.4484375 0.044568455534962935 0.0234375
3 0.40766364474303884 0.33984375 0.04484127404661713 0.03125
3 0.30464777214770056 0.33671875 0.04484127404661713 0.03125
3 0.20187743621285112 0.3265625 0.05577877404661713 0.03125
11 0.4697246128070554 0.665625 0.05454365626060227 0.040625
11 0.8374478261465665 0.67265625 0.07948909255827141 0.0390625
5 0.20567704800841619 0.2625 0.06408234736759477 0.0453125
5 0.5902330972827767 0.2796875 0.05621528366526398 0.04375
8 0.6776561970126244 0.39375 0.06995040145127884 0.034375
2 0.3920460792266095 0.384375 0.054598219962933035 0.0421875
6 0.29075390853803695 0.44375 0.054161710344286275 0.0296875
6 0.2640400971979588 0.6046875 0.05890377404661713 0.03125
0 0.6694419037287135 0.45 0.06035714664195542 0.028125
0 0.6668327697006299 0.50234375 0.06046627404661713 0.03125
7 0.2526189583605517 0.66328125 0.07658234736759476 0.0453125
1 0.4211656387525891 0.26640625 0.0613938569862416 0.0578125
4 0.86722712850097 0.4015625 0.09829365626060209 0.040625
10 0.7602901038213807 0.55546875 0.08713790145127884 0.034375