11 0.317261642767094 0.79296875 0.06592498184962743 0.0515625
11 0.3045939920049682 0.6875 0.06745112041330889 0.0453125
8 0.415699142767094 0.79296875 0.05656816256778665 0.0546875
8 0.40570704011137426 0.63046875 0.07210225897699037 0.0390625
6 0.5865121333973201 0.57265625 0.05955680718159222 0.03125
6 0.6109525554330765 0.803125 0.056595433645025395 0.059375
10 0.4045485402095702 0.6953125 0.06907725292686631 0.05625
7 0.29787635939321505 0.63359375 0.08152271077238851 0.046875
5 0.500669561286809 0.690625 0.05495112041330898 0.0453125
5 0.3044217960633026 0.5828125 0.06896816861791084 0.0375
0 0.5057024949318344 0.63125 0.05490566861791084 0.0375
0 0.5086133506126164 0.80234375 0.05812157220870695 0.053125
2 0.5912809257481896 0.69296875 0.05655907220870695 0.053125
2 0.5932206756499937 0.628125 0.06585225897699054 0.0390625
4 0.5112888987190223 0.7453125 0.0628636143631848 0.0625
1 0.405829239078102 0.74375 0.0753545240041051 0.0609375