9 0.1368080909482548 0.3858818613144554 0.06108294574527386 0.025709072008272393
9 0.2266927475641131 0.3778051846355924 0.05327044574527386 0.025618165340545042
9 0.317295021666414 0.38065691728995654 0.05327044574527395 0.02561816534054513
9 0.4172995668459539 0.3787120619430481 0.04077044574527382 0.025472714672181596
9 0.5063711572050335 0.37611322593095775 0.04389544574527395 0.0255090773392725
9 0.6048222927436528 0.37262405191759473 0.04389544574527378 0.0255090773392725
9 0.6931035427436528 0.37159680657227706 0.047038626463433174 0.028670440006363408
9 0.8017336541799714 0.3640832038908687 0.05014544574527387 0.025581802673454224
3 0.81182068472518 0.6444155938892779 0.05643180718159222 0.03190452800763595
3 0.706397386520578 0.6378303339035953 0.0439318071815924 0.03175907733927232
3 0.604834886520578 0.6390121205840492 0.0470568071815924 0.031795440006363404
3 0.5055888654433393 0.644854135264185 0.040797716822512695 0.030160214672181596
3 0.4173576124182771 0.6372876306095027 0.040788626463433134 0.028597714672181595
3 0.33216500098195867 0.6445285132877293 0.047038626463433084 0.028670440006363408
3 0.23683886544333924 0.6479813246340015 0.0533068071815924 0.03186816534054522
3 0.13919625098195865 0.6467739079805919 0.05485112646343313 0.028761346674090582
11 0.13403761495235988 0.3249807239815463 0.07834316861791082 0.038409066677272286
11 0.8138069281840764 0.3030093438892778 0.07524543969514985 0.04306020401018138
5 0.14429229625969434 0.7107727733131828 0.07525453005422929 0.04462270401018138
5 0.8161309348233757 0.7092047998886415 0.06901362041330898 0.04611247867599957
8 0.2239313619272978 0.3153415473026832 0.07527271077238851 0.04774770401018138
8 0.7216421540817756 0.30017579256845905 0.06277271077238851 0.04760225334181776
2 0.7098854800029157 0.7096598805697317 0.06436248184962742 0.0523079346753633
2 0.23257354625969434 0.709745527967865 0.06591589149054773 0.05076361600890866
6 0.3153057956705191 0.31974668929027467 0.06426248789975161 0.0351204346753633
6 0.6091330637226958 0.30304734858373106 0.05958407825883114 0.036628390674726855
0 0.3248019528755526 0.7016415792886839 0.05961134933607006 0.04131589067472703
0 0.6146184317983137 0.7029564419160039 0.05337043969514958 0.04280566534054522
7 0.41219443120913857 0.3162756966104571 0.0721386204133088 0.046148841343090476
10 0.5161643137226959 0.30412913792968505 0.05964771077238851 0.04756589067472694
4 0.5161627510801545 0.7072268659293669 0.061246572208706954 0.05383407200827239
1 0.4091542269778536 0.7045660372772298 0.07062157220870699 0.05394316000954511