9 0.28119710608048304 0.8439467832935582 0.04132222099021767 0.06737159057054072
9 0.28077914810327065 0.7574827444184287 0.0313101841585147 0.05599744292790554
9 0.2899637032802379 0.666675807900664 0.03121917889684287 0.05443494292790554
9 0.294362047919744 0.56440483250777 0.030582142065139983 0.04349744292790554
9 0.29803235046587534 0.4746338571148758 0.03223564732681172 0.045132717535011226
9 0.30155843984370956 0.37396176902553463 0.03067314732681181 0.04505994292790536
9 0.306745739759005 0.28489926902553464 0.0325086631118273 0.04982021753501122
9 0.30686610807603437 0.17581536745395804 0.031128173635170953 0.05287244292790545
3 0.5475123508188112 0.8331012127820095 0.029838689420186526 0.057487168320799496
3 0.5533366875658096 0.7331012127820096 0.03121917889684287 0.05443494292790554
3 0.5581067585277923 0.6378251000855626 0.02773015785015538 0.04803939371369381
3 0.5560352952889082 0.5529963358175388 0.0291106473268119 0.0449871683207995
3 0.5697253399425316 0.46509607547845666 0.027366136803468066 0.04178939371369381
3 0.5705891609045144 0.3700018992997742 0.0275481473268119 0.044914393713693726
3 0.5767775186982002 0.26375189929977416 0.030673147326811902 0.04505994292790545
3 0.5875168685993781 0.15962732547845662 0.032690673635170954 0.05294521753501127
11 0.21911433503379563 0.8530713802742398 0.04848227360693613 0.08328768899896417
11 0.24426739753857327 0.16704398904174528 0.051152247298576904 0.07562073821317572
5 0.6526336343843937 0.15191967928356354 0.044629231513561504 0.07064213978475227
5 0.6105128797580063 0.8215964784977754 0.044902247298576906 0.07532963978475218
8 0.2158898954724347 0.7612841406133218 0.05767526308359248 0.08059933664159917
8 0.23338383446909824 0.26026745016661573 0.05640118942018653 0.05872433664159917
2 0.6470900186982002 0.2604770419800106 0.05015118942018652 0.05843323821317572
2 0.6125296770424657 0.733460777711987 0.05087923151356133 0.07093323821317572
6 0.22663695064940192 0.6704044294884512 0.04426521046687402 0.06439213978475226
6 0.2290842003670533 0.374220788255957 0.043901189420186525 0.058142139784752266
0 0.6338172029978892 0.3545909150155399 0.04215667889684287 0.054944365177646406
0 0.6130749795885971 0.6438353515333045 0.0410492052052021 0.06268409057054072
7 0.2276372795038925 0.5729665033097688 0.0574022472985769 0.07591183664159917
10 0.22357838203590638 0.4687520382559569 0.05970819994353027 0.06199488585581072
4 0.6312543741433986 0.4521016158013282 0.0504242052052021 0.06312073821317572
1 0.6203785163497129 0.5585699396226458 0.05097023677523325 0.07249573821317572