9 0.8687998320734966 0.54140625 0.05962953866963616 0.021875
9 0.779655516072542 0.534375 0.0533977200031817 0.0234375
9 0.6873685660804962 0.59296875 0.04872840133672707 0.025
9 0.409315744072224 0.53203125 0.045603401336727065 0.025
9 0.30689981608049627 0.59296875 0.04405908267027261 0.0265625
9 0.21630154073836033 0.528125 0.05029090133672707 0.025
3 0.8664764527768586 0.81171875 0.05668635200509087 0.0375
3 0.5807833060948138 0.6984375 0.04255112667090906 0.03125
3 0.4007787274426768 0.80546875 0.039535214672181594 0.040625
3 0.29451054610913135 0.80390625 0.04262385200509069 0.0375
3 0.19068611211008585 0.8109375 0.05670453333863614 0.0390625
11 0.512631100731997 0.48125 0.05032726400381797 0.028125
11 0.8728418947326333 0.4859375 0.07532726400381833 0.028125
5 0.5734082527848128 0.8703125 0.05688634667409058 0.0546875
5 0.18595370611867637 0.87421875 0.06626134667409059 0.0546875
8 0.6799207874363133 0.75859375 0.0661704400063634 0.046875
2 0.39007703743631345 0.75859375 0.052217028007636036 0.05625
6 0.29875205609481387 0.6984375 0.0536340773392725 0.04375
6 0.3030566534054512 0.53125 0.05347044533736352 0.0296875
0 0.6800475094286774 0.70234375 0.06141021467218159 0.040625
0 0.6817276407542687 0.6453125 0.06137385200509069 0.0375
7 0.30168451006522423 0.48046875 0.06758748933799978 0.034375
1 0.4016605221196309 0.88125 0.06335452267663584 0.0734375
4 0.8666395374363134 0.75859375 0.09440452800763595 0.05625
10 0.7819361787475871 0.59609375 0.0864102146721816 0.040625