9 0.34077631134007813 0.1550873258951521 0.033323420688572546 0.05992047077900677
9 0.4448586653310949 0.2478594326328551 0.02518353847458741 0.05040910308425506
9 0.35310521886662477 0.44098391558672656 0.02965278366526398 0.044240923701106105
9 0.3494420494439966 0.6270986935899038 0.02965278366526398 0.044240923701106105
9 0.4162426582443368 0.7267753652624149 0.026527783665263982 0.04418637662320535
9 0.35028533074700785 0.8303327877457051 0.030034729581579978 0.05517842370110628
3 0.611733652084251 0.14644911688726808 0.026964293283910833 0.056686376623205435
3 0.6195536196849314 0.3479979801177929 0.026636911069925696 0.047311376623205434
3 0.5654142459084668 0.4318059642894803 0.024910719962933214 0.04259660308425506
3 0.4618205091553106 0.5321117017075785 0.026473219962933215 0.042623876623205346
3 0.5225199400955022 0.7257020146137918 0.023402783665263983 0.04413182954530477
3 0.4691990218540004 0.8329474987854792 0.02529266587924912 0.053534103084255234
11 0.27746777948891277 0.15541065422264083 0.04647818511654282 0.07888865909060953
11 0.28623275443080526 0.8541208896121443 0.04793155771188111 0.07579093262955965
5 0.6783234736759483 0.4415610194850559 0.04097222958158007 0.05536933847375849
8 0.3882143065307547 0.1480054829571667 0.03866568511654282 0.07875229139585782
8 0.4122148679556509 0.6338202520318902 0.03644842068857255 0.05997501785690744
2 0.3501365086071565 0.7365282406678044 0.040228185116542824 0.0787795649348082
2 0.4589459910991433 0.4274105649381035 0.03321429328391083 0.05679547077900682
6 0.2924182008104574 0.337291899758414 0.0395188569862416 0.0584670649348082
6 0.6934227171373443 0.7172468120987296 0.041135920688572546 0.06005683847375849
0 0.347648881750649 0.5309776700509534 0.03935516587924912 0.0537795649348082
7 0.2853720818433162 0.4265316777615912 0.053963302902557686 0.06965002678536121
1 0.6258011636018145 0.526904230117793 0.04582342068857237 0.06013865909060954
10 0.6623784928284239 0.14165647687138203 0.050257949544513104 0.09769320616851021