11 0.74223521543677 0.24830640026368114 0.04368101581733086 0.07594555737069442
11 0.8622612139538951 0.24407545478458403 0.05630834980971962 0.07936149810013893
8 0.7518423201894053 0.3499961868328131 0.05423651384016441 0.06682513050895836
8 0.9286913216722802 0.361136974636216 0.0623673488211363 0.07481946846486114
6 0.9835041791249288 0.5640450755098966 0.03299164175014226 0.05748649810013902
6 0.742899696196579 0.551939893329827 0.039728344866803766 0.05556032218833344
10 0.8664950692008222 0.34798170478458407 0.06880834980971962 0.07965243882958344
7 0.9301344634596035 0.24331369500093825 0.0820723537640525 0.09869337955902784
5 0.8660414244477493 0.45177885201104234 0.05554434585538672 0.060611498100139015
5 0.9711826040111979 0.25685017134958416 0.05763479197760404 0.07801720364722228
0 0.7418545079458465 0.4496688785121881 0.04167284684397003 0.06497168977951392
0 0.931490010911596 0.46813185704503546 0.06804434585538673 0.06090243882958326
2 0.9400293641813565 0.5627722098185771 0.06855368182494175 0.07340243882958326
2 0.8741815296946761 0.5557760209889938 0.058924013840164234 0.06693423328249999
4 0.812421675930624 0.4575554201153132 0.06530134783255334 0.07020470364722228
1 0.8117439022046279 0.3451463390932646 0.0665746877564409 0.10145470364722228