9 0.58046875 0.140625 0.0234375 0.059375
9 0.58671875 0.22890625 0.025 0.05234375
9 0.58359375 0.31875 0.0234375 0.053125
9 0.58515625 0.41953125 0.021875 0.04140625
9 0.58671875 0.5078125 0.0234375 0.04375
9 0.58984375 0.6046875 0.0234375 0.04296875
9 0.58984375 0.69296875 0.025 0.04609375
9 0.5953125 0.80078125 0.0234375 0.05078125
3 0.315625 0.82109375 0.034375 0.05390625
3 0.3234375 0.7140625 0.03125 0.04296875
3 0.32265625 0.60859375 0.03046875 0.04375
3 0.31796875 0.51328125 0.03125 0.0390625
3 0.3265625 0.42421875 0.03125 0.04375
3 0.3203125 0.33828125 0.03125 0.04375
3 0.31875 0.24453125 0.0328125 0.053125
3 0.31875 0.1453125 0.028125 0.05703125
11 0.63984375 0.1359375 0.03359375 0.07734375
11 0.65546875 0.81171875 0.0390625 0.07421875
5 0.2546875 0.15703125 0.04375 0.07421875
5 0.25078125 0.82421875 0.0484375 0.0703125
8 0.659375 0.71875 0.0421875 0.05546875
8 0.64765625 0.22734375 0.0453125 0.07578125
2 0.25703125 0.24140625 0.053125 0.0640625
2 0.2484375 0.71875 0.05859375 0.05625
6 0.64296875 0.315625 0.0328125 0.065625
6 0.65625 0.6078125 0.03515625 0.06171875
0 0.2625 0.3328125 0.04453125 0.05703125
0 0.25859375 0.62265625 0.04453125 0.053125
7 0.6453125 0.4125 0.04140625 0.06953125
10 0.65546875 0.51484375 0.04453125 0.0609375
4 0.253125 0.5265625 0.05546875 0.0609375
1 0.2578125 0.4171875 0.05703125 0.07109375