9 0.6895001114198257 0.8828110662722537 0.034267203647222286 0.06383700692008247
9 0.6939713655038883 0.7915003167665453 0.03248649810013902 0.054398339923887915
9 0.6859244357923606 0.7004614812912818 0.030887630508958354 0.05277217292769336
9 0.6835826454235064 0.5994892303026986 0.030633057370694418 0.04183467292769336
9 0.6825487819163885 0.5095181463103098 0.030705792553055566 0.04495967292769336
9 0.6809518739563538 0.41014022881982387 0.029070557370694416 0.041771005931499114
9 0.6783918780404165 0.31854297783124064 0.032341027735416715 0.048148339923887826
9 0.6809194256274651 0.20994922783124065 0.029361498100139015 0.05427100593149907
3 0.39930509650527757 0.2477397520143474 0.030923998100139016 0.05433467292769345
3 0.40869632066972195 0.3482172544858053 0.029143292553055568 0.044896005931498985
3 0.41176480965180523 0.4515650889724857 0.025945557370694417 0.04164367193911023
3 0.41030945279420095 0.5476906724705829 0.025945557370694417 0.04164367193911023
3 0.4215723014836801 0.6349505919382352 0.026163762917777687 0.05101867193911023
3 0.4172465177643397 0.7200113414439436 0.026091027735416716 0.047893671939110226
3 0.418952528497916 0.8147017589344296 0.026236498100139016 0.054143671939110405
3 0.4236744364579506 0.9142070104173043 0.024819468464861317 0.06033000494291585
11 0.7529631993757284 0.8775770796181266 0.04713087955902786 0.0799713428896375
11 0.7447643732907638 0.18830899117711353 0.05018314437666689 0.07697367688202612
5 0.33427950854937477 0.2529100716722802 0.042079703647222286 0.06415534190105418
5 0.36032045127558954 0.9147534970714315 0.03775587955902786 0.07958934091247087
8 0.75272038402434 0.28325407665237706 0.05614220364722229 0.06472834486680376
8 0.7590333210509715 0.7847674971086126 0.054797909194305564 0.07403967787060939
2 0.3592320363817007 0.8271261630790427 0.04549564437666671 0.07678267589344294
2 0.3380928799402775 0.3578522396570577 0.049892203647222286 0.06447367688202607
6 0.7509500237482634 0.695291161633349 0.04669446846486114 0.06122134288963732
6 0.7540627188461108 0.3935694941428631 0.04669446846486114 0.06122134288963732
0 0.34926480965180523 0.44901840912470997 0.037101262917777864 0.051464340912470874
0 0.363685106670173 0.7365966635733343 0.03582970364722229 0.06390067391627667
1 0.35703702279833277 0.6526527450942652 0.04869337955902786 0.0800350098858317
4 0.350153202794201 0.5452394931170989 0.04513196846486114 0.06115767589344294
10 0.7580761119885067 0.4899179121276406 0.06090243882958326 0.0680443458553869
7 0.7517332333794092 0.5944462446371547 0.05948540919430556 0.07423067885919252