9 0.4279458632991555 0.8338657336511967 0.026631099050060315 0.06189250494291585
9 0.33577937471911623 0.7479693374152488 0.027702276119281777 0.05258117193911023
9 0.4410411640673811 0.554241900647391 0.024004066033373482 0.041516337946721646
9 0.4567491304848675 0.3735184826626134 0.02721095318850324 0.04320617193911023
9 0.4002711584131715 0.2760333290122919 0.028855340343632997 0.044832338935304604
9 0.46924688772095663 0.1796729821683218 0.027784163274411532 0.05414367193911027
3 0.15816895183376622 0.849535790494729 0.03880355042954133 0.05615184091247087
3 0.1662248705352447 0.6511937909890207 0.03847600180902231 0.04990184091247087
3 0.22677394617955668 0.5668705291260225 0.03650406603337357 0.04202567391627667
3 0.3420071997976013 0.4655070058943179 0.03198034034363308 0.04495967292769336
3 0.29369028776638517 0.27180076825160765 0.03337906603337348 0.04189833992388783
3 0.3550991785395595 0.1710712563886096 0.033706614653892505 0.048148339923887826
11 0.4824286454113311 0.8355436387843929 0.03666119629109836 0.07477450692008211
11 0.5249579771600785 0.1579133873015181 0.03814180913596843 0.07327567391627658
5 0.11176309984302982 0.5598631368444076 0.0575535504295413 0.05691584486680377
8 0.39613917910538643 0.3697514955141947 0.04036605042954129 0.05621550790866543
8 0.37901704036837697 0.8452144105332227 0.03707063206674714 0.08258700692008211
2 0.3317513732487781 0.5719480068829011 0.043409163274411536 0.054780341901054186
2 0.4614952634561257 0.2680815661607106 0.031973696291098364 0.07458350593149907
6 0.11614181987856079 0.2829332223196711 0.0608423247398008 0.060168178859192525
6 0.4856775554063823 0.6545483067691704 0.02967421189493056 0.060457338935304604
0 0.4510137075995174 0.4680815661607106 0.030663501809022265 0.04958350593149898
7 0.49639040536095375 0.5691373887843929 0.03789614767057934 0.06858817391627667
1 0.16692531264247154 0.4742002094680899 0.07186171189493056 0.062176347832553346
10 0.10253642752350671 0.85492096885963 0.07070200361804461 0.09954901384016424