9 0.15046964477240424 0.7772608393141371 0.06293635200509069 0.03822725334181776
9 0.24352021077335873 0.7832102999681834 0.055087489337999784 0.03501134667409041
9 0.3340997574394951 0.7782495326225474 0.05354317067154515 0.03655566534054522
9 0.4387963481062679 0.7778126332750027 0.04418635200509069 0.0380090773392725
9 0.5317832794398133 0.7782933439290487 0.04418635200509069 0.03800907733927232
9 0.6325827107733588 0.7786831479153675 0.04418635200509051 0.0380090773392725
9 0.7255605514401314 0.7783826085694135 0.05043635200509069 0.03808180267345414
9 0.8365707767743131 0.7833417338876869 0.05510567067154497 0.03657384667409058
3 0.14572541140195142 0.5038415206476827 0.05962953866963625 0.02256589067472703
3 0.24491688940163323 0.5003432559675469 0.05025453866963625 0.022456802673454134
3 0.3402384800684059 0.5000154446212749 0.047165901336727066 0.025545440006363405
3 0.42623961473581495 0.5044842212762755 0.042460220003181705 0.02392839600572714
3 0.5136487080680878 0.4956535665977304 0.04087953866963616 0.022347714672181596
3 0.6128947300684059 0.4968428019175947 0.044022720003181706 0.023946577339272322
3 0.7160379114019514 0.4972053339035954 0.044022720003181706 0.023946577339272322
3 0.8214339360677695 0.4897280938892778 0.054978401336727156 0.025636346674090583
11 0.1527957607813129 0.8428676579805918 0.07870680267345423 0.05090906667727211
11 0.8521599614496764 0.8472315112190053 0.07721702800763594 0.057140885343726924
5 0.8191623640594973 0.42880877522282324 0.06755112667090905 0.032031797342454024
5 0.14892258939367903 0.44285856731381906 0.07539998933799978 0.03524770401018138
8 0.7600451867838582 0.8545542098981865 0.06947725334181776 0.06329997867599957
8 0.24663666744904011 0.8495892779678652 0.07414657200827239 0.06179202267663584
2 0.2387845207272245 0.443375640634956 0.07074885200509069 0.03831816000954493
2 0.7113498640594973 0.43006328723745896 0.05514203333863606 0.039698846674090585
6 0.33488155478194925 0.8454370326225475 0.05999316534054513 0.05381589067472703
6 0.6436389367838583 0.8559087192473221 0.06626134667409041 0.05545111600890849
0 0.3302544053946336 0.4477807826225474 0.05659544533736351 0.030342028007635947
0 0.6184811113939972 0.4397388265834129 0.055014764003817974 0.028761346674090582
7 0.44041393944935836 0.84967854260823 0.07576361600890884 0.06649770401018137
10 0.545991777450631 0.8578263025939125 0.06644316000954494 0.07107611600890884
4 0.5223782707272245 0.44007572859645777 0.05977498933799978 0.03506589067472685
1 0.4138299740610881 0.4452455812778662 0.07543635200509069 0.03837270401018138