9 0.7601609470178639 0.15648776923052715 0.03610263605166182 0.059574987899751616
9 0.6491348673135504 0.24071329918656054 0.02654577962517113 0.05327044574527386
9 0.7399631411327338 0.4479621969236243 0.032522994985435004 0.04393180718159222
9 0.7367830021780781 0.6377923113850048 0.03564799498543501 0.043949987899751616
9 0.6637881198873399 0.7303888775435876 0.03105142319868044 0.0470477168225127
9 0.7300686862638182 0.8417031065645446 0.03601170783841638 0.05644998789975162
3 0.48370374709700614 0.12763255796715928 0.02204013605166182 0.05949317466803503
3 0.46850934144930295 0.327687100121637 0.02323892319868044 0.04700226502711473
3 0.5190428873718101 0.41644052791292996 0.02301160266556703 0.03918976502711473
3 0.620456971694977 0.5283314738545956 0.027790030878812287 0.04234203610435348
3 0.5540865109535666 0.7154047478587007 0.02631845909205772 0.04545794574527395
3 0.6070403632234223 0.8283587449318344 0.02654577962517113 0.05327044574527377
11 0.8256040905913732 0.16235597414918318 0.05061977711788899 0.07528180113146812
11 0.7931991720780532 0.8733616518422803 0.0539266335443795 0.08154998184962743
5 0.4097815476383668 0.41317060304850317 0.03288670783841656 0.056431807181592394
8 0.6720301803913233 0.635044561286809 0.04079013605166182 0.05960225897699054
8 0.7136269278175339 0.14504173000291565 0.05245506175762493 0.08466589149054773
2 0.7343135685545563 0.749506516205465 0.047585705331134064 0.07838862041330899
2 0.6289945488920081 0.4228309075978169 0.03587531551854859 0.051762487899751616
6 0.8061995580632081 0.34603153738089976 0.05016513605166182 0.05965680113146821
6 0.38780829308602033 0.6851274162802198 0.03444920783841656 0.05644089754067192
0 0.7443574729486183 0.5385462903077659 0.0454321719450391 0.05806703005422946
7 0.8121109257724699 0.43816904040596183 0.06762542069139812 0.06913179508134384
1 0.4602696294542513 0.5034865308397962 0.03619356426490725 0.06269998789975162
10 0.43645667405661026 0.1138473139190876 0.04040970282385157 0.10021816861791084