9 0.7199675094659023 0.855114992807357 0.03347834486680377 0.05559678213245363
9 0.6454211542189752 0.7491628580093364 0.02834517589344294 0.044522889812585474
9 0.706317550454923 0.6541746184341777 0.03303267589344294 0.044659282132453626
9 0.6901155944096932 0.46720581584775295 0.029780341901054184 0.04144335391920819
9 0.5830021368815886 0.2705688450772127 0.02716467787060921 0.053852425705962936
9 0.6814940336118279 0.17901549406099826 0.03379667984777566 0.06340928213245363
3 0.40930069863085594 0.16329223950865174 0.028854511862998013 0.05702288981258556
3 0.4158875741437381 0.3632467754020291 0.02684634288963732 0.046039925705962936
3 0.47635684193823524 0.4492812152937569 0.023530341901054186 0.0412614974927175
3 0.5867133631927735 0.5531540245440992 0.02365767589344294 0.0443864974927175
3 0.5390756537246837 0.743727548758994 0.0269100098858317 0.04760242570596294
3 0.6012493429639993 0.8524409707040332 0.027228344866803766 0.05541492570596276
11 0.7842355979069152 0.8811750391255757 0.05331068380210837 0.08270485141192552
11 0.7446479496194391 0.17773179037921683 0.04693334980971962 0.0793979949854351
5 0.36336209342111003 0.4530163175636125 0.039664677870609386 0.05421613855894432
8 0.6431318009492145 0.6546770721159592 0.036921679847775654 0.06350021034569905
8 0.6351137821289532 0.17064305291562915 0.04224584980971961 0.07926160266556703
2 0.5832607579458464 0.4492705065974105 0.03197951186299797 0.05711381802583091
2 0.7115554901885304 0.763572350487489 0.04224584980971961 0.07926160266556703
6 0.7436624056646689 0.36420048779279207 0.04317167984777566 0.06368206677218975
6 0.3691624017475173 0.7294196931904331 0.0399193458553869 0.06046613855894449
0 0.7007440296946763 0.555691654327555 0.03966467787060921 0.05421613855894449
7 0.7565709239534577 0.4511920224325282 0.0560536818249421 0.07342077962517113
1 0.4223961952079959 0.5421302933487178 0.0461693458553869 0.06064799498543501
10 0.35979544714798123 0.15482887015003727 0.05082235376405224 0.09823892319868044