9 0.18426851006798622 0.1275784653087284 0.04051720364722229 0.0629545333386361
9 0.1770210141520488 0.21909380331000108 0.04037173328250008 0.05670453333863614
9 0.24486443721406276 0.31364268730109235 0.03553876291777787 0.05039998933799979
9 0.17681064712954914 0.6129528913112738 0.04008079255305561 0.044204533338636054
9 0.2448177243518756 0.7145330253023651 0.038591027735416714 0.04731135200509069
9 0.17138218398302152 0.8161960699793191 0.04029899810013893 0.053579533338636055
3 0.46806228181947934 0.1328723032702302 0.024855836056041625 0.0612102200031817
3 0.35921983757465314 0.4256239719525931 0.029143292553055568 0.04407726400381797
3 0.4649827943560075 0.6049109352721391 0.026054660144236054 0.045603401336727245
3 0.4634949891695145 0.7088626386060028 0.024455792553055567 0.044022720003181706
3 0.4714549191653827 0.8158302539385935 0.026236498100139016 0.053415901336727155
11 0.1193702086812154 0.12598924065086436 0.05661498233256951 0.08344884667409058
11 0.11403593056454904 0.5011528726527734 0.05926720364722228 0.0631727093411815
5 0.5241908741437851 0.4291745912635487 0.02943423328249999 0.056577264003817976
5 0.5308844705521535 0.8174831132638669 0.029688806420763925 0.06751476400381798
8 0.41703037794350717 0.3241427406110935 0.03121493882958326 0.06597044533736351
2 0.41292998508545187 0.6180200099459116 0.03404899810013902 0.053506808004454245
6 0.3534660257386465 0.7156131726209567 0.03568423328249999 0.056649989337999786
6 0.17248878267250062 0.7294409573122282 0.0578501740119445 0.06940452800763594
0 0.3584002603523267 0.3232620406190477 0.034267203647222286 0.06288180800445442
0 0.30051502516996553 0.3208097499602291 0.040589938829583436 0.06607953333863614
7 0.10533765026368118 0.7317852546546824 0.07681837955902784 0.07899770401018139
1 0.5289180077868755 0.598696750596776 0.035793336056041625 0.06133748933799978
4 0.4079060318194793 0.13357228461172982 0.03822865824437507 0.09885567067154524
10 0.23788577896968768 0.21525973130172874 0.06148432028847228 0.09131589067472694