9 0.7074677183281574 0.5622961650813201 0.04464133794672147 0.022893292553055566
9 0.8166397884803818 0.6273964478507299 0.05414367193911014 0.026236498100139016
9 0.6164806209898958 0.6266476461796187 0.043078837946721474 0.02285692496187508
9 0.32385938087572747 0.5729173552420836 0.04464133794672147 0.022893292553055566
9 0.23912228353746584 0.6374143067051043 0.05101867193911023 0.026163762917777868
9 0.14856095053366022 0.6337424864166321 0.05889483893530465 0.027908100873680654
3 0.10866675688290117 0.365373039703264 0.05726867193911027 0.02630923328249999
3 0.41487565311884894 0.46946700655260454 0.04464133794672147 0.022893292553055566
3 0.5796477603429423 0.3599134346486116 0.04495967292769336 0.030705792553055566
3 0.6829955948296227 0.35684494566652836 0.04502333992388792 0.032268292553055564
3 0.7881924307991778 0.3467815742756256 0.05908583992388792 0.03259560087368065
11 0.15229610418398176 0.6956067067813543 0.07652800790866539 0.03924564437666671
11 0.5209333576440229 0.6877650245043754 0.05621550790866543 0.038772865691319505
5 0.3936585222059404 0.2992811399113545 0.06115767589344294 0.04513196846486114
5 0.7814277776431477 0.28250086872854235 0.06753500988583169 0.048402438829583436
8 0.30685224749136103 0.4145593413743753 0.06696200692008229 0.03433993882958344
2 0.595020750951402 0.4048447281515978 0.05490767589344294 0.04498649810013897
6 0.7005094055903068 0.46438534194305614 0.06208350593149916 0.029543336056041626
6 0.7267960384803818 0.6253053113578478 0.06071200692008212 0.03419446846486114
0 0.3170920691264601 0.4703190321038197 0.060521005931498985 0.029506968464861137
0 0.322771724753948 0.5228446200597225 0.060521005931498985 0.029506968464861137
7 0.7446891926249949 0.6851530900431951 0.0862213428896375 0.04727634992375016
1 0.5669832756659815 0.286893508736806 0.061667011862997965 0.05763196846486114
4 0.11806166152180589 0.4226770466371182 0.09527800790866539 0.039682055470833436
10 0.2298865463890471 0.5762040497712502 0.08421317391627658 0.0363024823325695