9 0.4138012203425047 0.13574331194304806 0.025856845855386723 0.05964772000318166
9 0.40395403505752164 0.22409728727722986 0.02716467787060921 0.053415901336727065
9 0.4034181827763441 0.313904674610139 0.025602177870609387 0.0533977200031817
9 0.39774916152180584 0.41470410594368445 0.023530341901054186 0.04087953866963621
9 0.3925894762368228 0.5030035372772298 0.025220175893442942 0.044022720003181706
9 0.38551712247277053 0.5999148999443207 0.025220175893442942 0.044022720003181706
9 0.3819199371877874 0.6881961499443208 0.0269100098858317 0.047165901336727246
9 0.3720581644503744 0.7960722846117297 0.025474843878220455 0.050272720003181705
3 0.6509179934998472 0.8131303259070952 0.03653967787060921 0.05352498933799978
3 0.6474666827391631 0.7061899825748224 0.03303267589344294 0.04411362667090888
3 0.6525454549822844 0.6007121419080497 0.03303267589344294 0.04411362667090888
3 0.6611166417501424 0.5053450979074133 0.03284167490485963 0.039426126670908876
3 0.6561519105332227 0.4163825952419133 0.03303267589344294 0.04411362667090888
3 0.6659035953239142 0.3303723699077315 0.03303267589344294 0.04411362667090888
3 0.6712861150955778 0.23660418857418608 0.03497717787060921 0.05350680800445433
3 0.6753289693539216 0.1373854385741861 0.030417011862998146 0.056577264003817976
11 0.354617221331088 0.13174670261777496 0.037558349809719616 0.07852498933799978
11 0.31145624547701367 0.8077097659532294 0.04211851581733086 0.07545453333863605
5 0.7389139668824637 0.14835875389882283 0.04680601581733086 0.07550907733927241
5 0.7156344095074585 0.8155008005649591 0.05130251482874755 0.07087612133990868
8 0.3113381817505799 0.7147864692870931 0.044479511862998145 0.05674089600572714
8 0.34308020205371603 0.22324385928550222 0.04836851581733077 0.07552725867281787
2 0.7331321990879666 0.232761025899141 0.05573534684397004 0.06468066534054513
2 0.7222756817505799 0.7100047785646411 0.061667011862997965 0.05694089067472703
6 0.3441705167687329 0.31147056528486583 0.035486513840164415 0.06600680800445433
6 0.31898353848038175 0.6038126066200021 0.036921679847775654 0.06289998933799978
0 0.7239389298105946 0.32423091056655007 0.046042011862998146 0.056759077339272504
0 0.7160349520165349 0.6140292072326865 0.04591467787060921 0.05363407733927232
7 0.3378794130046806 0.408372837285184 0.04342634783255317 0.06922271467218159
10 0.323552974753948 0.5108347659532294 0.04623301285158128 0.06144657733927232
4 0.72541922228249 0.5178718225652774 0.05873301285158128 0.06159202800763595
1 0.7251884120160975 0.40855136656591373 0.059178681824942105 0.07252952800763594