9 0.12702237903589453 0.7626641473442802 0.057778266749223 0.033139752926866176
9 0.23509389826631688 0.6906169514026146 0.04825771753501131 0.02996021077238851
9 0.33125611476787087 0.7568191892041704 0.045351041356328815 0.034629530054229286
9 0.520718875106953 0.7493253726528041 0.04527826674922295 0.033067030054229465
9 0.7232510237830455 0.6457878030763757 0.054434942927905364 0.028434072208706952
9 0.8119795758927413 0.7541457246211529 0.06417381596343467 0.0363011143631848
3 0.13280796030081018 0.6384453973442803 0.05443494292790545 0.028434072208706952
3 0.24420353267438571 0.5789209273003137 0.044768844499482 0.022129530054229286
3 0.4338075341221277 0.6355077914671067 0.04491439371369381 0.025254530054229285
3 0.5419903693159849 0.5275140051663614 0.040081344499482086 0.022102258976990363
3 0.6297301178682428 0.4725406797362006 0.047893844499482086 0.02214771077238851
3 0.8296573432611369 0.4752667456983916 0.05883134449948209 0.022211343285945873
11 0.8113759543049541 0.8174406101597722 0.08038101282028158 0.048892017953980994
11 0.09743973284100144 0.8273533612399268 0.08372433664159915 0.05359769867214013
5 0.5385272291169478 0.4173077581914235 0.05465326674922295 0.03312157220870695
8 0.33193251096276394 0.6919618036655508 0.06439213978475226 0.040988614363184794
8 0.8205219760165757 0.7049633360574713 0.09110018899896408 0.04426815046753809
2 0.5408387841221278 0.6361304810640604 0.0643193651776464 0.03942611436318479
2 0.21935542825010623 0.7600754785299777 0.09295378742738744 0.05052724082661797
6 0.6257295527333776 0.8101088574292976 0.06468323821317572 0.04723861436318479
6 0.26452680293826536 0.41102490017295057 0.059413541356328814 0.03471134328594587
0 0.42965722746431795 0.7581731318261863 0.06461046360606985 0.04567611436318479
7 0.5361576304836365 0.8205282069617595 0.06860875889134022 0.06444429508134383
1 0.453839705957584 0.47386176433974364 0.060976041356328815 0.034720433645025396
10 0.8396894687778655 0.42765594749378977 0.10174659057054063 0.038081782981095456