9 0.8488887492839113 0.3789538522668856 0.059665901336727244 0.026036394480112968
9 0.7591177246180931 0.3711356237772411 0.053415901336727245 0.02592730032431163
9 0.6684381806174569 0.37424125851812134 0.04872840133672707 0.025845479707460584
9 0.5684563619510022 0.3709332520252996 0.04093408267027261 0.02727161201270878
9 0.4778586339513204 0.36700763676617987 0.044040901336727244 0.025763659090609535
9 0.3802296559516386 0.36295929058178367 0.04091590133672707 0.025709112012708778
9 0.28882340595163863 0.36136378855318874 0.047202264003817974 0.028943206168510205
9 0.18108363128582036 0.3532319143656153 0.05341590133672711 0.025927300324311543
3 0.16921724124764032 0.6343319099013884 0.05503294533736343 0.03064207386326192
3 0.27398655724859483 0.6291279870110612 0.04407726400381797 0.028888659090609538
3 0.3786740572485948 0.630955314120734 0.04722044533736343 0.030505706168510116
3 0.47705701324795846 0.6373610470746054 0.04251476400381797 0.028861385551659246
3 0.5638848512492312 0.6294997284863493 0.040952264003817976 0.028834112012708957
3 0.6497314445815039 0.6388122731286179 0.04405908267027261 0.027326159090609536
3 0.7450348539147311 0.6412572090045887 0.056577264003817976 0.02910684740221221
3 0.8419371259150494 0.6406044184195098 0.059684082670272434 0.02759889448011297
11 0.8527410026257292 0.3165083993447863 0.0785977146721816 0.04198867694751698
11 0.16852963462763818 0.2905000892845374 0.07238407733927246 0.04500458279171564
5 0.1653558972390498 0.6975586128234876 0.07082157733927245 0.04497730925276535
5 0.8333882819064587 0.703749300724758 0.0785977146721816 0.04198867694751698
8 0.2623250879615018 0.2882302516215578 0.05992044000636332 0.047911394480112966
8 0.7606444092934563 0.30708676054671624 0.07870680267345431 0.05136367694751698
2 0.27079737523873165 0.7017433267026357 0.06308180267345423 0.051090941558013726
2 0.7482411225732315 0.7014816428519646 0.0661704400063634 0.04802048863591431
6 0.6730716839592746 0.3118094423654972 0.059829533338636054 0.040098894480112966
6 0.3763603159611836 0.2925649699649326 0.0582852146721816 0.0416341209411625
0 0.6576797572406405 0.6944310275928448 0.05981135200509051 0.03853639448011279
0 0.3662189632400043 0.6940320125786064 0.053579533338636055 0.03998980032431163
1 0.5732683945735497 0.6960832564895265 0.07091248400699968 0.05278980925276535
10 0.4693290659611836 0.29418774553247784 0.059956802673454136 0.05103639448011297
4 0.4646201005729134 0.6988752455324778 0.05995680267345431 0.05103639448011297
7 0.5739074779599109 0.3053900726421506 0.07242044000636341 0.04812958279171564