11 0.3208513718969138 0.7689679264973857 0.06311816534054512 0.05494356426490725
11 0.5083240998965957 0.7767673692921074 0.05683180267345413 0.05163670783841656
6 0.30957006858691277 0.5967064815910929 0.06922271467218159 0.042625420691398117
6 0.6978422279201401 0.6087855620868292 0.06914998933799979 0.036375420691397944
8 0.6020291939051863 0.716191233636157 0.0630454400063634 0.04869356426490725
8 0.3222871499045499 0.712740658550697 0.06615225867281786 0.04722199247815269
10 0.4988314685710044 0.7194406025990601 0.06629770934118148 0.059721992478152686
7 0.6122030778962775 0.7821344823825157 0.07732611600890867 0.06785274122451135
5 0.5018570185789586 0.6609150487589941 0.06141021467218159 0.04239810015828453
5 0.6904644378978684 0.7726889377136498 0.06931362133990877 0.05043792069139794
2 0.5110871152530492 0.6064776013454187 0.06758748933799978 0.036329956584775405
2 0.6071717745862764 0.6100548939027137 0.06615225867281786 0.04722199247815269
0 0.3151291779121858 0.6562633380175836 0.0661340773392725 0.04565949247815269
0 0.6027109939131403 0.657597483636157 0.0598477146721816 0.04235263605166182
4 0.41905360924573126 0.6577242011079919 0.06624316534054517 0.05503449247815269
1 0.42065192457036804 0.721854897267926 0.06791475334181776 0.0644549565847754