11 0.3613291578631254 0.5284406566288544 0.04044446846486114 0.06028418977951393
11 0.3544940103523267 0.33541735524208366 0.04215243882958344 0.06657055737069442
8 0.295009907578785 0.3293478867772225 0.0484751740119445 0.06984102773541671
8 0.2939435957427783 0.6190097988213197 0.05465243882958344 0.06686149810013901
6 0.18213588639597283 0.713229964665139 0.054834276785486136 0.07467399810013901
6 0.16617573955076415 0.29589699430041677 0.05799564437666671 0.07630923328249999
10 0.29466833472486154 0.5159575340036808 0.057741071238402865 0.06537173328249998
7 0.3615129554501741 0.6369798552420837 0.04564111474138901 0.08226829255305557
5 0.36016996741802143 0.7134696200597225 0.04080814437666671 0.07590918977951393
0 0.2344776767648269 0.6137215803564585 0.051491071238402776 0.0652262629177777
0 0.23205531268902804 0.3083619331300002 0.05174564437666671 0.07616376291777786
2 0.17590211056041719 0.6131390456871877 0.05479790919430565 0.07311149810013902
2 0.1766268495425004 0.5100867808695487 0.05792290919430561 0.07318423328249998
4 0.22682491166284757 0.41911759517409736 0.06261040919430565 0.07329333605604167
1 0.2981550510055212 0.43092857057281275 0.054797909194305564 0.07311149810013884
5 0.23674673195131984 0.5099244331300001 0.05152743882958344 0.06678876291777769