9 0.14617500336521227 0.18427448516927708 0.06363660266556703 0.0394261143631847
9 0.23995844411486997 0.2899608829063408 0.052471782132453626 0.03154998184962743
9 0.44157843157845766 0.17943140730322935 0.04644910266556703 0.03932612041330889
9 0.6357148764847504 0.16502295277735674 0.04488660266556703 0.039317030054229284
9 0.7353224198999752 0.2316195794371816 0.049528638558944314 0.03778180113146821
9 0.8414109470178637 0.156015070558387 0.05738660266556721 0.039389752926866264
3 0.14339201801319565 0.46783641891249844 0.0584489974927175 0.022211343285945873
3 0.34571303595988434 0.4674404674116879 0.04755696159934022 0.023710210772388506
3 0.4294037258516122 0.409931973560008 0.04130696159934022 0.023673849336070064
3 0.5358930697416906 0.2937070098607532 0.044659282132453626 0.031504530054229284
3 0.7303955760098967 0.3472536697962612 0.05081835391920819 0.02841589149054773
3 0.8408988184880494 0.28099688984022775 0.05715928213245362 0.031577252926866174
11 0.14806176379005356 0.11943073516927707 0.08279577962517112 0.05359769867214013
11 0.8644596536026391 0.08870485071081216 0.0844946719450391 0.058294289031219734
5 0.43878943454795855 0.5168905006873711 0.05550585391920819 0.02844316256778647
8 0.14088209811322053 0.23195346106697615 0.08582985141192578 0.05049087939029935
8 0.6416178840065978 0.23060250098195864 0.06698892319868044 0.04725679508134393
2 0.7483740008579298 0.15889969692362427 0.07971624373179384 0.0551420179539809
2 0.42651806974169054 0.2943433349963264 0.05582410266556703 0.03938066256778665
6 0.3362975496834309 0.11989784690018315 0.06409124373179384 0.0550511143631847
6 0.7137439704413359 0.5168530974893584 0.06037521034569906 0.034720433645025396
0 0.5349336264847505 0.16560928093799207 0.05779577962517131 0.053452252926866214
7 0.42733172664303504 0.1053081060735653 0.07244931301126596 0.0738465661585828
1 0.5216534103330637 0.46094905201523095 0.060284282132453626 0.03159543364502539
10 0.13577809481451525 0.5147477803488169 0.09943771034569897 0.034947692622015934