9 0.18957312275099997 0.479749871230214 0.047020445745273864 0.02773015785015538
9 0.2845129180287357 0.41013605026823124 0.040770445745273956 0.027366136803468066
9 0.38564869203284075 0.465203710890397 0.040761355386194256 0.025803636803468068
9 0.5645185805965223 0.4485336084289703 0.04075226502711473 0.024241136803468066
9 0.7545799783335859 0.3405559665050047 0.047020445745273774 0.02773015785015547
9 0.8449873305965223 0.43219816395887334 0.05951135538619425 0.02689569994353036
3 0.8457584484757484 0.16174915606636558 0.05644998789975162 0.037651189420186526
3 0.6473118581166688 0.1717443242986904 0.04708407825883114 0.03866765785015547
3 0.5663982014026147 0.23428909790562655 0.04082498789975162 0.036741136803468064
3 0.47016861689726747 0.35086892412928117 0.040788626463433175 0.030491136803468065
3 0.275291933252242 0.30282407920742643 0.0470568071815924 0.03398015785015547
3 0.17328452653818788 0.36659742384693256 0.05643180718159235 0.03452618942018652
11 0.8500020835233885 0.48817514817385776 0.0751727168225127 0.03405575256024882
11 0.1711503756778662 0.5370919343702762 0.0720568071815924 0.035436242036904986
5 0.5508726744716433 0.11796614789150912 0.05657725292686635 0.05952618942018657
8 0.3774771228491958 0.40393998719875623 0.05646816861791084 0.04077618942018653
8 0.8540805294650541 0.38321463238884224 0.07832498789975162 0.038925263083592475
2 0.5724850958200287 0.3402205794897751 0.056495439695149585 0.045463689420186526
2 0.2793941468533009 0.4706108186840828 0.07673521682251269 0.03414675782192056
6 0.273488017855785 0.12708833183826235 0.05972043364502548 0.06283319994353027
6 0.6694924269075303 0.4916550058969563 0.05797612646343318 0.031492194681858446
0 0.48017994203284076 0.45969789255925014 0.0532977168225127 0.03278167889684287
7 0.5843725383438487 0.502864792658072 0.06894089754067209 0.036816731513561504
1 0.46758345150081054 0.17517867939095305 0.06131929508134384 0.0691742052052021
10 0.848560740728422 0.10609839554302188 0.0972567950813441 0.07126732622365467