9 0.7799584033978132 0.8198072563514286 0.03742857123840295 0.06552684091247088
9 0.7848439655181604 0.7273332548685538 0.035611498100139014 0.054525673916276676
9 0.716255660047327 0.6362891022068154 0.030778527735416717 0.04808467292769336
9 0.7773509353142017 0.3382070878723594 0.035429660144236055 0.046713173916276676
9 0.7085807918874656 0.23935043521062105 0.032341027735416715 0.048148339923887826
9 0.7788367808695488 0.13326491988758182 0.038772865691319505 0.056215507908665384
3 0.4876487364166321 0.15451381467783581 0.0262728656913195 0.055706171939110274
3 0.49709843123013914 0.25813356319496106 0.022966027735416717 0.04776633794672147
3 0.49877199363482666 0.36363414669305827 0.022893292553055743 0.04464133794672147
3 0.6036082300514588 0.53374637543852 0.02598192496187508 0.04320617193911023
3 0.5019061385801743 0.8342649816740302 0.02481946846486114 0.06033000494291585
11 0.8415244977188893 0.44116099152268085 0.05130923328249999 0.05828734387822045
11 0.8440390871934035 0.8179781595074583 0.050292247150208524 0.08166117688202598
5 0.4258754350298613 0.1546849110275143 0.039100174011944586 0.07027800790866538
5 0.4396002814382296 0.542775160038931 0.0356478656913195 0.05608817391627667
8 0.5505397410693755 0.639131553803421 0.032813806420763925 0.06846083992388792
2 0.547681619109792 0.34834738631293494 0.032741071238402954 0.06533583992388783
6 0.7778029173624308 0.2232360038799706 0.05145470364722229 0.06453734387822055
6 0.6024035270698266 0.24680479095183966 0.03255923328249999 0.05752333992388783
0 0.661440873478195 0.6330486970736191 0.03263196846486114 0.06064833992388792
0 0.605190873478195 0.6353407089366172 0.03106946846486114 0.06058467292769336
7 0.844027329406528 0.21271765654170896 0.07056837955902787 0.08092634783255326
1 0.43098508159072946 0.37421616102751426 0.042006968464861315 0.061030341901054184
4 0.5596640871934035 0.8295655528148377 0.03343205547083343 0.09502333992388792
10 0.7224348844961117 0.7337861847163294 0.05200021751493047 0.08797484387822045