11 0.4475637263138307 0.7308521077238853 0.0333413489046432 0.0720568071815924
11 0.456971133215175 0.5418123336215844 0.03463106426490725 0.0626908975406721
6 0.2800807096207832 0.7400356893023663 0.04593227711788872 0.07525453005422929
6 0.2937450221698308 0.35098682484098565 0.04860263605166182 0.05964771077238851
8 0.39294442247376465 0.7281901951560987 0.03811977711788863 0.07520907825883114
8 0.39717624755922454 0.4484799692583996 0.046903743731793845 0.05495112041330898
10 0.39727788446881623 0.5524043999765589 0.044096992478152595 0.06587043969514958
7 0.4589859257724699 0.44571403844204455 0.037710600158284535 0.061146578258831144
5 0.3434398306287503 0.549747032588312 0.04226170783841656 0.056486349336070066
5 0.45987848753009464 0.3613299480829649 0.03610263605166182 0.059574987899751616
2 0.28960177678868426 0.5470896652000652 0.04731292069139794 0.06901362041330898
2 0.28943194371915854 0.445508984481906 0.04869356426490725 0.06277271077238851
0 0.3364443698873399 0.7364566922292324 0.04285274122451135 0.07679884933607006
0 0.34248874755922454 0.44816180669061295 0.04083560015828454 0.061164758976990544
4 0.33466657271119143 0.6364294211519936 0.04905727711788863 0.07527271077238851
1 0.3956722688711255 0.6344401951560987 0.04620506175762475 0.08462953005422928