9 0.83352160985821 0.6667135209889937 0.060193353919208194 0.029506968464861137
9 0.744254521378408 0.6716718182917021 0.053943353919208195 0.029361498100139015
9 0.6529619316449647 0.6656380642076394 0.053943353919208195 0.029361498100139015
9 0.5513994316449646 0.6632741707809032 0.044477425705962935 0.026018292553055745
9 0.463853967538342 0.6628000856747921 0.044522889812585474 0.027580792553055566
9 0.3614420213784079 0.6627617584524657 0.044568353919208194 0.029143292553055568
9 0.2723567893250966 0.6614700557551739 0.04925585391920828 0.02925239532659738
9 0.16360391495191723 0.6644112581681252 0.05394335391920828 0.029361498100139015
3 0.8395970797708205 0.4041771533978132 0.05541492570596276 0.0262728656913195
3 0.7412050438774431 0.4003234951534381 0.053943353919208195 0.029361498100138973
3 0.6458698118241317 0.39888632209142416 0.046085389812585476 0.027617160144236142
3 0.5612902233443297 0.4039537221676741 0.04447742570596276 0.026018292553055565
3 0.4740630079840658 0.39254213706156293 0.04139788981258565 0.027508057370694505
3 0.37627036566419775 0.39495666261277806 0.04300585391920819 0.02910692496187508
3 0.2723641156641977 0.392538217799271 0.04769335391920819 0.029216027735416716
3 0.16788120414399982 0.38307033919017375 0.05394335391920828 0.029361498100138928
11 0.8356092955933029 0.7293044399669452 0.07774456677218984 0.0424070119678472
11 0.14772285068701 0.7265839498475002 0.07631845909205773 0.04705814437666671
5 0.8351883760890392 0.34075043303309094 0.07618206677218983 0.04237064437666671
5 0.16666569662215241 0.3173726040078127 0.0668979949854351 0.04527743882958344
8 0.7392882250601893 0.7348803331093409 0.07323892319868044 0.04854790919430556
8 0.23899270836714193 0.7333989539315627 0.06395485141192578 0.05145470364722229
2 0.7484241619824163 0.34029453172257007 0.07011392319868044 0.0484751740119445
2 0.2736742145688411 0.3206450340036808 0.05770485141192587 0.05130923328249999
6 0.6527058673800574 0.72817443179882 0.06368206677218957 0.042079703647222286
6 0.35548988658038727 0.7329833394745142 0.06055706677218975 0.04200696846486114
0 0.6568360555559256 0.3444170276385075 0.06202863855894449 0.03891833605604171
0 0.36639291198241636 0.3314026556789239 0.051091138558944316 0.038663762917777865
1 0.5725974478757937 0.3377656777147574 0.07176735141192588 0.05163654160312507
4 0.46567985814235036 0.3313682477188893 0.06707985141192588 0.05152743882958335
7 0.5541774391668121 0.729008273554445 0.07332985141192587 0.05167290919430556
10 0.4492171545270759 0.7359466449453477 0.0640457796251713 0.05457970364722229