11 0.5183056951336338 0.24476664990822244 0.0326161818249421 0.0727388180258309
11 0.5161025720922096 0.4328887755350431 0.03341467787060921 0.05403428213245363
6 0.3427420320545911 0.6275517208370472 0.04167284684397003 0.06519910266556703
6 0.354593363612703 0.24094663110360398 0.04211851581733086 0.07613660266556703
8 0.4497507188224489 0.5292385897999503 0.04278967787060921 0.05430706677218957
8 0.4658346111412451 0.24941469748008224 0.03443334980971961 0.07903428213245363
10 0.4585447400769872 0.4283209474800822 0.038547846843970036 0.06510817445232173
7 0.5104653843357686 0.5329342396416658 0.03861151384016441 0.0666706744523216
5 0.5055285335374659 0.6157922037482885 0.033669345855386903 0.060284282132453626
5 0.4052605725865012 0.4337729771052534 0.04017401384016441 0.06671613855894432
2 0.34337338483006014 0.5354551490502926 0.046042011862998146 0.057522994985435005
2 0.35076407357508443 0.4306767208370473 0.043553681824942014 0.07305706677218975
0 0.41143361262411976 0.2439746912118761 0.03743101581733086 0.07600021034569897
0 0.39825188581864335 0.5291764053184987 0.0367943458553869 0.06037521034569906
1 0.46344975737719274 0.34624423337345955 0.04393568380210837 0.08243206677218975
4 0.40426575836577594 0.34328436942512147 0.04393568380210837 0.08243206677218975