11 0.7781582076343756 0.7335993990293757 0.04713087955902786 0.08049972749876275
11 0.7806071411456255 0.5363559068312919 0.04832970364722229 0.0649566146538925
8 0.717111604860834 0.7321054980794359 0.03924564437666671 0.07696529172311414
8 0.7126909829012504 0.4413576673467414 0.045059233282499986 0.058542840343632996
6 0.6009599279990979 0.7491435911366026 0.029725174011944588 0.07022396879233561
6 0.5949021112260072 0.35444856682634307 0.0325228656913195 0.056325243102595034
10 0.7175804642838894 0.5506098366140468 0.054725174011944586 0.07153416327441153
7 0.7828398287409379 0.43064149536590257 0.06722517401194442 0.07218926051544958
5 0.7730271112260073 0.34511343114155135 0.04840243882958326 0.06808161465389251
5 0.657333295305938 0.5498562420865423 0.03888196846486114 0.06134029172311415
0 0.6487194018792017 0.44862129070706125 0.035720600873680654 0.05961401741285464
0 0.6586815090211464 0.7422075163968017 0.03619337955902786 0.07992651741285464
2 0.6018463615103478 0.5519819860936485 0.03935474715020835 0.08165279172311415
2 0.5986648504924309 0.4488979296712133 0.042079703647222286 0.06462906603337366
4 0.6556272845723617 0.6445922099743666 0.04727634992375016 0.08674972749876275
1 0.72192443179882 0.6364245058813521 0.058286585106111136 0.09044793758467104