9 0.8391081753292546 0.6538995580415399 0.059865923701106286 0.02916139448011279
9 0.7491144208650276 0.6640615365311844 0.05517842370110611 0.02907957386326192
9 0.6585303311734532 0.6632996517903041 0.053670470779006864 0.03217730032431163
9 0.5576808973260773 0.668965045052601 0.044268197240056394 0.030451159090609536
9 0.46697407670922625 0.6752344103117208 0.047393197240056396 0.030505706168510116
9 0.36687861932290006 0.6824486668045425 0.04739319724005649 0.030505706168510116
9 0.27621270901447453 0.6863742820636622 0.04898297077900686 0.032095479707460586
9 0.16668770455024767 0.696877179790186 0.05520569724005649 0.03064207386326192
3 0.14506171510025923 0.41452832995234185 0.05517842370110611 0.02907957386326192
3 0.2520247812528834 0.4165663425342435 0.0489284237011061 0.028970479707460584
3 0.35676682833078405 0.4116140154245708 0.04574887662320544 0.025790932629559827
3 0.4561083092560606 0.40285089570122423 0.041061376623205345 0.025709112012708778
3 0.5434992151002593 0.40757357752000517 0.04418637662320535 0.025763659090609535
3 0.6256804695644862 0.39754796672511233 0.04731137662320535 0.025818206168510206
3 0.722623653411862 0.3919507573101912 0.050436376623205346 0.025872753246410873
3 0.8218560401813372 0.38943763758684463 0.05981137662320535 0.026036394480112877
11 0.8466109837712409 0.716249553577313 0.07888865909060953 0.04511367694751698
11 0.15539960268380856 0.7618982077933633 0.07899775324641087 0.05136367694751698
5 0.13680493019722317 0.35062947118604393 0.07570911201270883 0.04193412986961631
5 0.8112282317393508 0.3271421891289722 0.0741466120127087 0.04190685633066593
8 0.2522064188364327 0.7641134983784422 0.05723184740221221 0.05723184740221221
8 0.7550274557680636 0.7280013056059079 0.07274775324641088 0.051254582791715464
2 0.24779697727512384 0.3455680499205697 0.060193206168510205 0.047911394480112966
2 0.71976743466145 0.3318626911575671 0.061755706168510116 0.047938668019063255
6 0.6644570028459643 0.7264581708650276 0.06320911201270896 0.041715941558013725
6 0.3663916497617093 0.7550912800350674 0.060165932629559826 0.046348894480112965
0 0.6336799301972231 0.3419564857998358 0.05375229139585791 0.03686480032431163
0 0.34300038311932246 0.35015436404459904 0.0553420649348082 0.03845457386326192
1 0.5477424301972231 0.3434565304421045 0.06644320616851011 0.04802048863591431
4 0.4407520905056487 0.34298101786020274 0.06331820616851011 0.04796594155801363
10 0.4601825600701348 0.751111117698047 0.06348184740221222 0.057340941558013545
7 0.5658967719206879 0.7352076538188991 0.07285684740221221 0.05750458279171564