11 0.51640625 0.26953125 0.03046875 0.07421875
11 0.5203125 0.4546875 0.03046875 0.05703125
8 0.4625 0.2703125 0.02890625 0.07109375
8 0.4578125 0.55 0.04140625 0.06015625
6 0.35234375 0.259375 0.03828125 0.07265625
6 0.35390625 0.64765625 0.04140625 0.0609375
7 0.51953125 0.55234375 0.034375 0.06171875
10 0.46328125 0.4484375 0.0359375 0.06484375
5 0.51796875 0.6375 0.03046875 0.06484375
5 0.4078125 0.44921875 0.0390625 0.0578125
2 0.3515625 0.553125 0.04296875 0.06171875
2 0.35546875 0.4484375 0.03984375 0.0671875
0 0.4046875 0.546875 0.03671875 0.0546875
0 0.40859375 0.26484375 0.03828125 0.07421875
4 0.403125 0.36015625 0.040625 0.075
1 0.4640625 0.3625 0.03515625 0.08046875