11 0.7472699239150353 0.7180774042189751 0.04847517401194459 0.0706600098858317
11 0.6413108646444797 0.7262480484777566 0.04215243882958344 0.06728034190105418
8 0.5818975374221532 0.6215804531166613 0.03597517401194459 0.07015067391627668
8 0.7418537656706603 0.6195125702265865 0.05160017401194459 0.07078734387822046
6 0.7490629343642712 0.4262400726980443 0.05450696846486114 0.06153967787060925
6 0.5229368454584378 0.43575835824985754 0.0325228656913195 0.055960839923887916
10 0.6444520888089242 0.626470882964437 0.04847517401194459 0.0706600098858317
7 0.585206335009202 0.7302060366147585 0.042661585106111136 0.08915534190105419
5 0.5373682470532992 0.7204516932308296 0.03295927678548623 0.07471083992388791
5 0.6399080995425004 0.5318441324701454 0.04193423328249999 0.05790534190105419
0 0.7490285264042364 0.5253633222037528 0.051381968464861136 0.061412343878220456
0 0.5811143277910074 0.5208628701128557 0.03568423328249999 0.05765067391627667
2 0.6377078602760766 0.4373128824701453 0.04662173328249999 0.0580963428896375
2 0.5751896764804865 0.4339849526223697 0.032741071238402954 0.06533583992388792
4 0.6918881736306949 0.5183519768426574 0.05461607123840277 0.06622717787060921
1 0.6928532212177435 0.6268820598464631 0.05494337955902786 0.08028967787060921