9 0.7281703448661888 0.17321625409767732 0.034034163274411534 0.05348862667090888
9 0.6616998971047524 0.2755049127545869 0.030581614653892687 0.047202264003817974
9 0.7317025378779268 0.37469693809672283 0.033706614653892686 0.047238626670908876
9 0.7314136900710618 0.5628600094286774 0.030417840343633172 0.04407726400381797
9 0.640046140884716 0.7562094727482235 0.02778416327441171 0.053415901336727245
9 0.7488656201925011 0.8511685314289956 0.03608798620519007 0.06288180800445424
3 0.4756328380803255 0.8518930480585428 0.026385437584671222 0.05652272000318135
3 0.4635478386461524 0.6510936167249973 0.024249727498762752 0.04556703866963616
3 0.5154168758467106 0.5681543947326333 0.024004066033373662 0.04087953866963616
3 0.6179476543408416 0.46862765674726903 0.027292840343633173 0.044040901336727244
3 0.5530652035271876 0.27346006007317847 0.025730340343633175 0.044022720003181706
3 0.6077759577110591 0.17025379141467806 0.02762038896415202 0.05029090133672711
11 0.7924851503841128 0.148979870106586 0.057219357756487635 0.07874316534054512
11 0.8129690637700661 0.8526952161043588 0.0496525192218769 0.08333975867281787
5 0.40460552860567267 0.5543726107176795 0.04036605042954129 0.05512385200509069
8 0.7017825802784093 0.8615515007558596 0.04817190637700648 0.08488407733927232
8 0.6682575135676674 0.3708355940881323 0.040447937584671044 0.05668635200509069
2 0.6241744001569701 0.5725429974140417 0.03748671189493056 0.05977498933799978
2 0.7278604856393631 0.2715901194302683 0.05162445499752551 0.0911704400063634
6 0.3840252764579661 0.28086238538349767 0.040366050429541375 0.05512385200509069
6 0.7956576537750147 0.6713543094366317 0.04529921189493056 0.05986589600572696
0 0.7369023722286661 0.47391568809672274 0.042010437584671226 0.05670453333863605
7 0.8018866423550541 0.5816378287714498 0.06297803482570918 0.06944089067472703
1 0.45581614653892555 0.4737680480585428 0.04373671189493056 0.0598477146721816
10 0.4259603867008446 0.8575612453850885 0.048990777928304044 0.10050907733927232