9 0.4729426534696251 0.8369694572724573 0.026773100158284536 0.061228401336727245
9 0.3733852711788869 0.745909199952275 0.029579851411925782 0.05032726400381797
9 0.4655176322242312 0.5549291166056847 0.02305706677218975 0.04087953866963616
9 0.46736597406924557 0.3767223006047301 0.02461956677218957 0.0408977200031817
9 0.40188807508545993 0.27510580394654793 0.029397994985435005 0.04407726400381797
9 0.4632454607414104 0.1813916192711847 0.026454851411925873 0.05029090133672716
3 0.20258468936300247 0.8385523279758192 0.03913670783841654 0.05668635200509087
3 0.19524824782192193 0.6401330093093647 0.04212531551854846 0.0520352146721816
3 0.24993809633085387 0.559000640634956 0.03555706677218975 0.041024989337999786
3 0.35807955377355893 0.4616160159532294 0.032522994985435004 0.044113626670909054
3 0.29371186223247847 0.2638603159611836 0.03426735141192587 0.05038180800445433
3 0.3478788735152496 0.16475919728677488 0.03288670783841656 0.05661362667090888
11 0.5182141055685608 0.1635586819303214 0.0380288489046432 0.07229317067154524
11 0.5292608496295591 0.8386586792648213 0.030489133544379498 0.08157726400381797
5 0.13379025910469303 0.5423773093173189 0.05784124373179385 0.05534202800763595
8 0.4239284919494272 0.8445734192791388 0.0367391335443795 0.08164998933799979
8 0.40457045737619807 0.3672933039465479 0.039227636051661866 0.05981135200509069
2 0.4634249686589692 0.26813764127150286 0.03186977711788863 0.07534544533736351
2 0.3564381489172786 0.5663580599538658 0.045386707838416564 0.056759077339272504
6 0.5193904414745735 0.6605882232654576 0.029761707838416383 0.056577264003817976
6 0.11717209428578981 0.26669605665181884 0.060966243731793844 0.05537839067472685
0 0.4692898384132951 0.46970014127150284 0.031324207838416565 0.05659544533736351
7 0.5215546835570146 0.5738149292648214 0.036284492478152686 0.06602498933799979
1 0.18140339350700227 0.45976425664386467 0.07052310015828459 0.06173747867599957
10 0.14716140346962514 0.8407602653166826 0.06991534639736088 0.09453179734245402