11 0.19874978448183964 0.7636306613785072 0.04865701196784729 0.07765352773541671
11 0.19626448337940924 0.5681545072181946 0.051491071238402866 0.0652262629177777
8 0.25979638725538134 0.7603614974345488 0.04400587955902786 0.07910692496187507
8 0.2649982592149649 0.46970012984336834 0.04832970364722229 0.06359102773541672
6 0.3782918141171174 0.7740629343642712 0.03612064437666671 0.0758000870059723
6 0.38511269709461776 0.3802583829775003 0.03412173328249999 0.05701371941479172
7 0.19406816337527738 0.46101415444465293 0.07027743882958344 0.06722517401194458
10 0.2593457116279162 0.5782211446610072 0.05777743882958344 0.06693423328249999
5 0.3211371968102773 0.5765326645126392 0.042079703647222286 0.06344555737069442
5 0.20240929986815942 0.3713158748093751 0.05174564437666671 0.07616376291777786
2 0.3806596268061454 0.47082883159072947 0.04215243882958335 0.06657055737069442
2 0.3789496968102773 0.5778782653863198 0.03612064437666671 0.0758000870059723
0 0.31895318170829795 0.77111846589941 0.036157011967847284 0.07736258700597229
0 0.32893347264583295 0.4766599510817711 0.03895470364722229 0.06337282218833344
4 0.32131707513503416 0.6695559658994099 0.04883884992375007 0.08546602773541671
1 0.254184126521805 0.665648409478646 0.058213849923750074 0.0856842332825