9 0.8439434896476733 0.3620422629259433 0.06319098423243048 0.03223417984777566
9 0.7542633938079859 0.3513501606447659 0.05377961664124999 0.0302896778706093
9 0.6619849748300345 0.3515000578692967 0.05069098423243048 0.03172484387822054
9 0.5604588424212149 0.34579920311666135 0.04127961664125017 0.029780341901054184
9 0.4698702100123956 0.3405440173373866 0.04284211664125017 0.029844008897248565
9 0.37148726139916644 0.33418924657713994 0.041279616641249996 0.029780341901054184
9 0.2800991951947567 0.32968347729976805 0.047602351823611146 0.0331600098858317
9 0.1693071655594789 0.31891312056996624 0.05377961664124999 0.0302896778706093
3 0.15958144776020783 0.6023795365775774 0.05065461664125 0.030162343878220456
3 0.2652138519205203 0.5996458088206988 0.04745688145888884 0.0269100098858317
3 0.3699013519205203 0.6039114975657232 0.04745688145888884 0.0269100098858317
3 0.46743031535138846 0.6133594348278726 0.041206881458888844 0.026655341901054185
3 0.5543672708984717 0.6075179531166613 0.04433188145888885 0.026782675893442943
3 0.6393416829425689 0.6188003044092556 0.047493249050069505 0.0284725098858317
3 0.7377428153513884 0.6243738251695022 0.055342116641250175 0.030353344866803765
3 0.8346541829425689 0.6267586789335546 0.056831881458888844 0.027292011862998143
11 0.847760127090486 0.2988565134202349 0.07758079255305575 0.046869682813525236
11 0.15829823679788174 0.2543412846004111 0.07772626291777782 0.053119682813525235
5 0.8253869792953467 0.6889403439525826 0.0774716897795141 0.04218218281352524
5 0.155746626521805 0.6663465360832859 0.06973192496187504 0.044988847832553344
8 0.757335148841979 0.2865700776409602 0.07460126291777787 0.05299234882113639
8 0.2521391557758331 0.25425505437207463 0.06366376291777787 0.052546679847775654
2 0.7355977806821175 0.6829357416714051 0.06664329255305575 0.04642401384016459
2 0.263559126521805 0.6707395588206989 0.062028527735416714 0.04935801285158128
6 0.6658379798640276 0.2867518083635884 0.06035692496187508 0.0446068458553869
6 0.3684908543890623 0.26134199558855675 0.05723192496187508 0.044479511862998145
0 0.3582722144777078 0.6667789120904596 0.05399782218833336 0.039664677870609386
0 0.6458995010468398 0.6730248893902276 0.05708645459715278 0.038229511862997965
1 0.5622330158644786 0.6727437050938276 0.07140352773541672 0.04974001482874755
4 0.45587391309093694 0.673101849352609 0.062028527735416714 0.04935801285158128
10 0.46302210438906233 0.2651938488583174 0.06380923328249999 0.05879667984777566
7 0.5667101488419789 0.27880270410524444 0.06998649810013902 0.05592634783255317