9 0.8235217141582382 0.74375 0.06273901741285437 0.034375
9 0.7317060283825894 0.7515625 0.057969630257724704 0.0328125
9 0.6404226091152839 0.74921875 0.054926517412854634 0.034375
9 0.5379560283825894 0.7515625 0.0454696302577247 0.0328125
9 0.4440422540723299 0.7546875 0.04555151741285464 0.034375
9 0.34379659260694057 0.759375 0.04711401741285455 0.034375
9 0.25308970545181086 0.7609375 0.04867651741285446 0.034375
9 0.1401802696761621 0.76875 0.05492651741285455 0.034375
3 0.8259694419956851 0.4734375 0.057396420171816585 0.021875
3 0.7275319419956852 0.4734375 0.05427142017181659 0.021875
3 0.6321375548405553 0.475 0.049665807326946164 0.0234375
3 0.5457906190649067 0.4828125 0.041771420171816585 0.021875
3 0.45791880484055536 0.475 0.048021420171816584 0.021875
3 0.35989406264247153 0.48203125 0.043333920171816497 0.021875
3 0.2566462319097769 0.484375 0.04489642017181659 0.021875
3 0.15068283695273105 0.47890625 0.051228307326946255 0.0234375
11 0.8240705907979183 0.8078125 0.08058161465389242 0.046875
11 0.12740695273827737 0.83359375 0.07778416327441158 0.053125
5 0.8213914846233104 0.41171875 0.07680151741285464 0.034375
5 0.15005207315792113 0.41640625 0.07523901741285455 0.034375
8 0.73052863071201 0.81875 0.0747410504295413 0.0546875
8 0.22169254127288812 0.83828125 0.06569359905006031 0.0609375
2 0.729780516735486 0.415625 0.07079717887824373 0.0390625
2 0.2571652103130509 0.41484375 0.058379066033373575 0.040625
6 0.6416708485998344 0.81484375 0.06824538896415219 0.05
6 0.3359597591607125 0.834375 0.06512038896415202 0.05
0 0.352109218114967 0.421875 0.05476274310259503 0.03125
0 0.6395682745374021 0.42265625 0.05945024310259513 0.03125
7 0.5396989128241857 0.82265625 0.07827548620519006 0.0625
10 0.4320535091607125 0.834375 0.06602114767057934 0.0671875
4 0.4491070488476616 0.41953125 0.06446529172311397 0.0375
1 0.5560564116925318 0.42109375 0.07087906603337349 0.040625