9 0.2538499285723701 0.14197286038785575 0.03543866801906326 0.06153751785690744
9 0.24444192654377517 0.23324274269310408 0.03379434740221221 0.056822744317957155
9 0.24519017451518027 0.3246899030015296 0.03530230032431163 0.05372501785690744
9 0.24106000771393302 0.42699274269310405 0.033576159090609535 0.04432274431795715
9 0.23629859537691264 0.5206881956152033 0.035138659090609536 0.04435001785690744
9 0.22986558888409087 0.6206063749983524 0.035165932629559825 0.04591251785690744
9 0.22672122362497116 0.7112041014594019 0.035193206168510204 0.04747501785690744
9 0.2169450288205467 0.8235677337646503 0.035302300324311545 0.05372501785690744
3 0.5239578770302425 0.15840993262626457 0.02285684740221221 0.05663182954530477
3 0.5222396440763711 0.2568474326262645 0.02280230032431163 0.053506829545304765
3 0.5190134582004003 0.3521326590873143 0.024282979707460583 0.04884660308425506
3 0.5097009135581316 0.43793379139256255 0.02258411201270878 0.04100682954530477
3 0.5159724586074376 0.5263514090873143 0.022693206168510116 0.04725682954530477
3 0.5072366124230412 0.6238849281620377 0.02261138555165907 0.04256932954530477
3 0.5030928088523188 0.7269690178536121 0.022638659090609536 0.04413182954530477
3 0.5067069582036956 0.8333144752399384 0.024310253246410875 0.05040910308425524
11 0.18985561241974594 0.1369483952908918 0.048238676947517024 0.07894320616851021
11 0.15193763758684464 0.8318108818982111 0.05443412986961631 0.07592730032431154
5 0.5855402593354908 0.167299737414803 0.0356841298696164 0.07560001785690754
5 0.5691387743563199 0.838311666797952 0.03565685633066593 0.07403751785690744
8 0.1772953368522007 0.22972623051823943 0.05594208279171564 0.07282957386326191
8 0.1489001866933402 0.7371978112813602 0.06202844155801364 0.06356366801906325
2 0.5800385073068959 0.25863780356742716 0.040262535713814884 0.06943183847375849
2 0.5725695117744181 0.7313076903369022 0.04160684740221221 0.05695911201270896
6 0.17964699513203133 0.3188569143656153 0.0511454886359143 0.06649775324641087
6 0.15479740503671505 0.6232034951287361 0.051090941558013636 0.06337275324641087
0 0.5672019476503888 0.6358724594116258 0.03217730032431163 0.053670470779006864
0 0.5714390288172513 0.3483588226421506 0.03225912094116268 0.05835797077900677
7 0.17006171510025925 0.4202830466708636 0.06380912986961632 0.07609094155801355
10 0.15647472768216092 0.5271097451287361 0.06827844155801363 0.06367276217486459
4 0.5712366570653099 0.5390383697200514 0.03859094155801355 0.0631545649348082
1 0.5715423944834083 0.43197984618110097 0.041825035713814886 0.0694591120127089