9 0.8068729318154857 0.40771405194257404 0.05356137662320535 0.02592730032431163
9 0.7056473969124497 0.4699901351413268 0.04415910308425523 0.024201159090609537
9 0.6123416818154857 0.4043184963432568 0.04415910308425523 0.024201159090609537
9 0.32342523213979724 0.4523842548679687 0.04725682954530477 0.022693206168510116
9 0.2348206538123085 0.38757568668674963 0.05353410308425506 0.024364800324311542
9 0.14427747442915947 0.3906813214276299 0.05981137662320544 0.026036394480112877
3 0.12394124958966764 0.6574324448044244 0.05986592370110612 0.02916139448011279
3 0.42290880924947005 0.5587763510523649 0.04415910308425523 0.024201159090609537
3 0.5919918202065186 0.6702883697200513 0.04429547077900686 0.032013659090609534
3 0.6951713672844193 0.6752134232907737 0.04429547077900686 0.032013659090609534
3 0.7984736452875965 0.6871697268614961 0.055232970779006685 0.03220457386326192
11 0.5128677873353726 0.3432252633893853 0.053834112012708955 0.04155230032431163
11 0.14477630641009623 0.32977109496658025 0.0788068384737585 0.040426176947516976
5 0.7980293603845604 0.7512049533225458 0.06329093262956001 0.04640344155801372
5 0.4125731014561067 0.727294525971287 0.055451159090609534 0.044704573863261744
8 0.31917588311273193 0.6116365239426921 0.06935001785690745 0.03557503571381489
2 0.6052770243464339 0.6260025815706044 0.05386138555165907 0.04311480032431163
6 0.703459379866321 0.5683594512939509 0.053643197240056395 0.03061480032431163
6 0.7217439553544359 0.4077901440697806 0.05835797077900686 0.032259120941162636
0 0.3244440357105197 0.5554956180984935 0.059865923701106105 0.02916139448011279
0 0.3243116221556833 0.5031655048679686 0.05992047077900686 0.032286394480112966
7 0.7300961976437982 0.3493600353034826 0.07579093262956 0.04662162986961631
1 0.5823361765371846 0.743534954947399 0.060384120941162675 0.05884889448011297
4 0.12919576541798022 0.6005102889602257 0.09758411201270882 0.04231595941492117
10 0.22807182183137176 0.448376818991998 0.08653751785690747 0.03587504464226861