9 0.684375 0.14296875 0.02890625 0.0609375
9 0.6921875 0.23203125 0.0296875 0.05390625
9 0.6875 0.3234375 0.0296875 0.0515625
9 0.6890625 0.425 0.0296875 0.04375
9 0.69140625 0.5171875 0.0296875 0.04140625
9 0.69453125 0.61640625 0.02890625 0.04296875
9 0.6953125 0.7078125 0.03125 0.04609375
9 0.70234375 0.8171875 0.0296875 0.0515625
3 0.41875 0.14765625 0.02265625 0.05546875
3 0.41875 0.24609375 0.0234375 0.05078125
3 0.4203125 0.34140625 0.025 0.046875
3 0.4265625 0.42734375 0.028125 0.046875
3 0.41875 0.515625 0.025 0.0421875
3 0.42421875 0.61328125 0.025 0.0453125
3 0.425 0.71640625 0.025 0.04453125
3 0.41796875 0.82265625 0.02578125 0.05078125
11 0.74765625 0.1375 0.04296875 0.07890625
11 0.76640625 0.82890625 0.0484375 0.07421875
5 0.353125 0.8234375 0.04296875 0.06875
5 0.35703125 0.15859375 0.03828125 0.075
8 0.75703125 0.23046875 0.05078125 0.07265625
8 0.77109375 0.734375 0.0546875 0.059375
2 0.359375 0.2453125 0.0421875 0.0640625
2 0.35234375 0.7171875 0.04609375 0.059375
6 0.75234375 0.3203125 0.04296875 0.059375
6 0.76796875 0.61953125 0.04375 0.0546875
0 0.36484375 0.334375 0.03671875 0.05625
0 0.36171875 0.62421875 0.03515625 0.05234375
7 0.75703125 0.421875 0.05625 0.07265625
1 0.36328125 0.41875 0.04609375 0.0703125
4 0.35859375 0.52734375 0.04453125 0.05859375
10 0.76796875 0.525 0.05859375 0.0640625