11 0.21970992799909786 0.7726487823993196 0.05657861474138899 0.08315972958158006
11 0.2096588615103477 0.5759647553574776 0.051491071238402866 0.06580853847458741
6 0.40114176595500073 0.7741318929289404 0.03466724715020848 0.08083333774894808
6 0.39197713297750036 0.3803818929289403 0.035756968464861136 0.06057540145127884
8 0.2752819018792018 0.47280998430608534 0.05130923328249999 0.05799603847458741
8 0.281374126612327 0.7681497661572508 0.04872974715020835 0.08132441106992569
10 0.27319468464861163 0.5846924254130779 0.0578501740119445 0.07071429328391084
7 0.20326143151447956 0.4690699146133047 0.07027743882958334 0.06802580290255769
5 0.21065439779513923 0.3835862823993196 0.05301720364722229 0.06430060217691817
5 0.3348952508530213 0.5817559091710092 0.045095600873680655 0.05934028366526398
2 0.392689567057431 0.5789558021847674 0.0391001740119445 0.07005952885594055
2 0.3902347546527435 0.4734870521847675 0.04375130642076393 0.06866071996293321
0 0.34089459697704927 0.7723263454686782 0.039500217514930644 0.08724702885594056
0 0.34027112224392403 0.47679559065935484 0.03895470364722229 0.06380952885594056
4 0.33933013734590334 0.6715178136175128 0.05359908510611113 0.08930060217691818
1 0.27208808595913253 0.6715203028177397 0.06609908510611114 0.08973711179556502