9 0.5671030658949475 0.7731394953030255 0.02518353847458741 0.05136507892507787
9 0.5007092287789717 0.6873454794474227 0.026527783665263982 0.04520608418674961
9 0.5606968423886354 0.5770380400272362 0.026527783665263982 0.04520608418674961
9 0.5521824818590146 0.39665259001311876 0.02329365626060227 0.04189907366340586
9 0.45594986652007047 0.2276134346526249 0.023730165879249122 0.054399073663405864
9 0.5502851982785687 0.11608512947565766 0.02562004809323426 0.06386507892507773
3 0.28195186052962073 0.16445952922154383 0.0348313569862416 0.05972361049510884
3 0.28208080218476744 0.3617062555440205 0.034449411069925696 0.048786110495108836
3 0.34123505817521727 0.4315490477079825 0.02954365626060227 0.04226309471009326
3 0.451569868249351 0.5093261662367734 0.02329365626060227 0.04189907366340577
3 0.39614821435100145 0.7121473293486007 0.026636911069925696 0.048331084186749605
3 0.453866455913481 0.8007856241433988 0.023730165879248942 0.054399073663405864
11 0.6085069260460501 0.10099918479379924 0.035540685116542826 0.08003611049510884
11 0.6269046518297969 0.7797920427286593 0.04000993030721922 0.07405912628012423
5 0.22462791153326184 0.4664084370716993 0.051800602176918197 0.054474668373499215
8 0.5050545438320649 0.11638053206414127 0.03263393992586625 0.08610409997176513
8 0.5001040827699885 0.5930417426016025 0.03315972958157989 0.05650760523343692
2 0.4466318863055184 0.4051391951759686 0.03299603847458741 0.05182010523343692
2 0.5624006969278064 0.6845320216113848 0.033978185116542645 0.07994510523343692
6 0.2204116043695349 0.7434336686558478 0.05218254809323426 0.06541216837349921
6 0.6029860684268362 0.28142243216296337 0.03019842068857237 0.061013094710093266
0 0.5593377282308175 0.4819985558122518 0.03154266587924894 0.05485409997176518
7 0.6109225647986392 0.36672289533126035 0.043080366604888454 0.07267863680346806
1 0.2790128219702154 0.5388679950206768 0.056760920688572546 0.06256018415851479
10 0.22807289238078612 0.16681796074922262 0.06264882213985137 0.09720819994353028