9 0.7817761990649237 0.21002216509339014 0.03468407220870695 0.054525673916276586
9 0.7054313468019873 0.3038093157779621 0.03152271077238851 0.048148339923887916
9 0.7688847927436528 0.41110716262193225 0.03462953005422946 0.045150673916276626
9 0.6913991004162245 0.7009880633065043 0.029969301131468028 0.04964717292769336
9 0.7541122029737485 0.8012228266523771 0.03469316256778647 0.05608817391627667
9 0.7442054169675908 0.8922470746752108 0.034738614363184796 0.06390067391627667
3 0.4904517622966401 0.18408577030313614 0.02374657220870695 0.05408000494291585
3 0.4929540726996863 0.2912443542955249 0.023692030054229284 0.04470500494291585
3 0.48922910900043154 0.39424202030313615 0.023692030054229284 0.04470500494291585
3 0.5842592869881162 0.5809700405690912 0.023673849336070064 0.041580004942915846
3 0.46774291091746656 0.8637905163488035 0.02220225292686635 0.057141337946721646
11 0.8268285820694601 0.5252134249792219 0.05657725292686626 0.05854201186299814
11 0.8113611007108122 0.9004535055115696 0.05201701795398099 0.08022601087441501
5 0.42103712432213386 0.5641605894667773 0.03155907220870695 0.054398339923887915
5 0.42877391891249844 0.17453967395345765 0.03322156615858276 0.0716495069200822
8 0.52666443472518 0.6755211952079959 0.030051114363184795 0.06370967292769336
2 0.5384933107958296 0.38843503068325946 0.03154089149054791 0.05127333992388792
6 0.5992040726996863 0.29557371003674354 0.02999657220870695 0.05433467292769345
6 0.7773472534178456 0.29970674760290417 0.04725679508134384 0.06753500988583169
0 0.5813337540070208 0.6808745400747996 0.028470433645025394 0.06052100593149916
0 0.6375519377502421 0.6886353019377978 0.034720433645025396 0.060775673916276675
7 0.8422091841360049 0.29922392794497144 0.06918633723582168 0.07780134783255326
1 0.42124672346181213 0.3938162559686801 0.040979524004105095 0.06259284190105419
4 0.5263321157379268 0.8669592787060931 0.033357921544777014 0.09508700692008247
10 0.6931883385123678 0.7963960638007958 0.04736587939029935 0.0862850098858317