11 0.397006044645564 0.38356002843803694 0.03848184740221221 0.057341138558944314
11 0.28635491680454256 0.3703817300082473 0.04788412094116259 0.05917642319868044
8 0.3882838352306429 0.48063961691783896 0.04155230032431163 0.05430706677218975
8 0.2297855426169691 0.4797854737400412 0.05117276217486459 0.06864235141192587
6 0.3958257796313256 0.6748526181714802 0.033903441558013545 0.06345474623907635
6 0.17275647240715516 0.6602602354185236 0.05577844155801363 0.06409124373179384
10 0.2845003161559195 0.4766317300082473 0.05421594155801355 0.0640457796251713
7 0.2215248035740177 0.37148724043308856 0.06833298863591428 0.06757995658477522
5 0.2851803802799487 0.5718760338483133 0.04802048863591431 0.06698892319868044
5 0.17928275649611708 0.37583977131190094 0.05243525324641087 0.05150031551854841
0 0.397544012585197 0.5764151181714802 0.035465941558013636 0.06350021034569905
0 0.2296707199715232 0.5758337596334184 0.05418866801906326 0.062483279625171126
2 0.22496385471240346 0.6665496878466638 0.05281708279171564 0.07337531551854841
2 0.28122749148187864 0.6641317300082473 0.04955571509696392 0.06547188730530315
4 0.3357979890462467 0.5797734503830761 0.05273526217486459 0.06868781551854841
1 0.33370542938644426 0.47598086064963285 0.05106366801906326 0.062392351411925874