11 0.35627376590162463 0.30302308254066 0.04262542069139794 0.06969555737069441
11 0.4620607646479834 0.2945403949453476 0.03325042069139794 0.06947735182361114
8 0.3534777233443297 0.39911683254066005 0.04060827962517113 0.05403418977951393
8 0.5105544374509524 0.401209275454306 0.03306856426490725 0.06322735182361114
6 0.3384879061764286 0.5918673769935767 0.04221624373179385 0.05563305737069442
6 0.5589822626029193 0.5907452073500352 0.031278743731793665 0.05537848423243048
10 0.45287832977082043 0.3951761745806254 0.03646634890464338 0.07267508700597229
7 0.5168619249145401 0.2919070106366671 0.03692098997087019 0.08830008700597229
5 0.4515993231069029 0.492868792171806 0.03444920783841656 0.05701371941479181
5 0.5626601582214926 0.30313610457649354 0.0317788489046432 0.07256598423243057
0 0.34369589489365754 0.4934844283803475 0.0456594924781526 0.06664329255305557
0 0.5069544128403461 0.4980660916587157 0.03293217194503928 0.05853985182361114
2 0.4481356908161647 0.5850381083762157 0.04226170783841639 0.057195557370694414
2 0.5065703164429853 0.5918706430454865 0.03619356426490725 0.06330008700597212
4 0.3997867705204781 0.5002624116628476 0.045568564264907255 0.06351829255305556
1 0.40526754387744307 0.3925044630496184 0.049239133544379456 0.08234102773541671