11 0.7675857041333247 0.8829641639820827 0.07600912094116268 0.06130568114108108
11 0.5685305953670268 0.9016179263880794 0.06507162094116267 0.060796258891340216
8 0.7673169228837367 0.8227715266785296 0.07748980032431163 0.056690955748187125
8 0.4680981728837367 0.8367078639393014 0.06032957386326192 0.05745293507002245
6 0.7784299265371846 0.6979341925181298 0.07576365909060953 0.04724318114108108
6 0.37145322361508526 0.7200169776692057 0.06170115909060954 0.04658820967712849
10 0.5776095405784883 0.8394261414418913 0.06687958279171564 0.0749315334984459
7 0.46085446306177846 0.9144518742783836 0.07022277110331832 0.08757708271265763
5 0.5748879151730989 0.7730926660489972 0.06496252678536116 0.05454625889134022
5 0.3700385482891261 0.9077353014905233 0.06981366801906326 0.06413958271265763
0 0.7740384813257231 0.7599076536430004 0.08368525324641088 0.053857054176610394
0 0.4716538210172976 0.7716457901179838 0.06342730032431163 0.056035984284234175
2 0.5738242471540357 0.7121551660489972 0.08206820616851011 0.050659279569504535
2 0.4683691339235108 0.7178487020286426 0.06186480032431163 0.05596320967712849
4 0.6740793916341487 0.7669089784977753 0.08702844155801373 0.06650260339082212
1 0.669070337656389 0.8382938269261986 0.0888091298696164 0.07907537799792799