11 0.41315048155503975 0.24609375 0.03637383723582168 0.075
11 0.42203564392643467 0.43046875 0.03782725292686635 0.05625
8 0.35848116227319904 0.24921875 0.041061337235821685 0.075
8 0.3593225413689108 0.528125 0.050345433645025486 0.059375
6 0.24358741529826117 0.240625 0.048873837235821685 0.075
6 0.25444011952954615 0.62890625 0.05033634328594587 0.0578125
10 0.35872712284919583 0.42578125 0.050381795081344015 0.065625
7 0.4218270865484506 0.52890625 0.040988614363184794 0.0625
5 0.3056203035673551 0.42890625 0.0472386143631847 0.0625
5 0.4199560352205907 0.61015625 0.03938975292686635 0.05625
0 0.30218116529826117 0.240625 0.04418633723582168 0.075
0 0.3030816317279904 0.5296875 0.047211343285945874 0.0578125
2 0.251741324644594 0.43359375 0.05352497579950324 0.06875
2 0.25156003834384866 0.53671875 0.05190793364502548 0.059375
4 0.29807544827935667 0.340625 0.056686337235821685 0.075
1 0.35903112899751594 0.34375 0.052053379390299345 0.084375