11 0.2373141995916533 0.6627162855653607 0.07287521034569897 0.03772263192686935
11 0.22459758775488625 0.7771233879227255 0.07631845909205773 0.04880568114108108
8 0.33878577137840793 0.6705716350272414 0.05908549498543501 0.046442660462916764
8 0.33380745170322434 0.8416653850272414 0.07351170783841657 0.05959763192686936
6 0.5360926803913234 0.6648974855225793 0.060329746239076346 0.03557793507002245
6 0.5326792092250717 0.9166419220403441 0.05802310015828453 0.06355738585581108
10 0.3277680518615089 0.7803640119917121 0.0798526360516619 0.06301373035529281
7 0.21793239911679962 0.8448738141014079 0.09579588479802066 0.07467897642635143
5 0.43252374802144294 0.7828961606678044 0.062346887305303154 0.05127570967712849
5 0.22677019002474186 0.8906593490475959 0.0766821719450392 0.06130568114108108
0 0.43600175217807813 0.6633649106678046 0.06193771034569906 0.03721320967712849
0 0.4416199517032243 0.8466868329175454 0.061011707838416564 0.05901543507002245
2 0.533168605701575 0.7922776228261323 0.06395485141192588 0.05291098428423417
2 0.533648327330045 0.856449284736791 0.07360263605166181 0.06272263192686936
4 0.44034225969992546 0.7292810090962278 0.07029577962517113 0.05632708271265763
1 0.32699281353999143 0.7263486000810533 0.09529577962517113 0.05749147642635144