9 0.8195877036152744 0.3576377797156541 0.05068196159934004 0.026349668373499214
9 0.7317671063599838 0.4324018322617853 0.044477425705962935 0.0275481473268119
9 0.6230991485215671 0.382385692686307 0.04447742570596276 0.027548147326811722
9 0.4422810575344826 0.40778605304024146 0.04126149749271768 0.024241136803468066
9 0.27025895651826826 0.5203223923474887 0.053761497492717504 0.02496917889684287
9 0.16137203833415276 0.43588575014117426 0.06318196159934023 0.02707771046687384
3 0.20195890056663127 0.7011621396460656 0.05876724623907632 0.03617969468185844
3 0.3994105620868292 0.6826187240445766 0.04782974623907625 0.03554265785015538
3 0.4710522298752332 0.6166227267459996 0.04144335391920819 0.030491136803468065
3 0.5521310821450889 0.4984271926157199 0.0412614974927175 0.024241136803468066
3 0.753540469450392 0.5352160191217232 0.04760242570596294 0.02773015785015538
3 0.8439548692921075 0.46890920868308406 0.053761497492717324 0.02496917889684287
11 0.1479711163891136 0.3787557896037132 0.07903428213245363 0.03580026308359248
11 0.8279935855103012 0.296889995514787 0.0729661385589444 0.041686242036905075
5 0.5025415737653116 0.7306096320359063 0.05301735141192587 0.05300317363517095
8 0.16034674742621052 0.4813347580336821 0.08523881802583091 0.034601784130279964
8 0.6373495166265404 0.4418139005929323 0.05559678213245363 0.034435184158514785
2 0.4476936347315137 0.5131182951477337 0.050909282132453625 0.03416216837349921
2 0.7307525241483879 0.37063757963094945 0.07903428213245363 0.03580026308359248
6 0.7797261993921323 0.7089874480891531 0.06395485141192588 0.05364021046687402
6 0.3284171343358023 0.36746343188061464 0.060193353919208194 0.031583199943530274
0 0.5279230408414353 0.3926245136482899 0.05398881802583091 0.03278167889684287
7 0.4140363855894435 0.3515206424886629 0.07149456677218961 0.04472023677523325
1 0.5766633838735838 0.6691646268448217 0.06096624373179367 0.05814569994353036
10 0.20274616224511374 0.7551138922769014 0.0954776360516619 0.06483531570031094