11 0.29502327579774046 0.5441666291339422 0.07287521034569897 0.0368849303072194
11 0.48316813347787235 0.5329042030030742 0.06193771034569906 0.03650298439090349
8 0.5802991977427796 0.592075817160892 0.06390938730530316 0.05062004809323426
8 0.29898100158284563 0.599553533580446 0.07301160266556703 0.04157243030721922
6 0.29133964931299 0.713216729496762 0.07323892319868044 0.049384930307219396
6 0.6825867749398107 0.6940797720628826 0.06230142319868044 0.04900298439090349
10 0.477128733636157 0.5941145215147283 0.06698892319868044 0.049166675497895974
7 0.5800658655311837 0.5303025034585611 0.0667161385589445 0.03979167549789597
5 0.4825580312080168 0.6463218622589013 0.06377299498543501 0.04593254809323426
5 0.662119847584495 0.5282191590861911 0.06350021034569905 0.03655754809323426
0 0.2920466914745735 0.6568848839432657 0.06993206677218974 0.04302580290255768
0 0.5795921555811961 0.6484076627143882 0.06368206677218975 0.04280754809323426
2 0.4841265428864993 0.7002281122589012 0.07015938730530316 0.05083830290255768
2 0.5858254352063673 0.7013689716073956 0.05926735141192587 0.052018856986241604
4 0.3921603517411302 0.657299056994091 0.07801735141192578 0.05267362141421188
1 0.395029287476223 0.5946353658870983 0.07939799498543501 0.04647818511654265