11 0.865625 0.2375 0.0546875 0.07890625
11 0.8765625 0.4359375 0.05625 0.0625
8 0.80546875 0.24140625 0.05078125 0.078125
8 0.8078125 0.53515625 0.053125 0.06171875
6 0.68203125 0.23046875 0.040625 0.0765625
6 0.6875 0.63359375 0.0390625 0.06171875
7 0.88359375 0.54296875 0.0796875 0.0671875
10 0.81328125 0.42734375 0.0640625 0.06640625
5 0.74765625 0.43125 0.04609375 0.0625
5 0.87421875 0.634375 0.05703125 0.06875
2 0.6875 0.43046875 0.0390625 0.0765625
2 0.690625 0.5375 0.0484375 0.0640625
0 0.74375 0.23359375 0.04375 0.08359375
0 0.74296875 0.5359375 0.04609375 0.06328125
4 0.74609375 0.33515625 0.05703125 0.07734375
1 0.81640625 0.33828125 0.0703125 0.08359375