5 0.8581026104448028 0.5419353513669565 0.082286710344286 0.03299818380210837
2 0.769121955998299 0.5359625825838761 0.07463790145127866 0.037367348821136306
0 0.679414615254126 0.5283954803026986 0.06515377404661712 0.03386034684397003
1 0.5950668971052916 0.5241762125082016 0.07452877404661713 0.034242348821136304
4 0.4862821741471336 0.5252201062726913 0.06370040145127867 0.036921679847775654
0 0.388653205998299 0.5204596690105419 0.054161710344286185 0.03185217787060921
2 0.296274733040141 0.5221720662350726 0.05901290145127884 0.036730678859192525
5 0.18927076489130643 0.5170296269957568 0.06822421034428627 0.03242518083635879
3 0.8664260311333752 0.482815019351734 0.06326389183263217 0.024421679847775657
3 0.7655902174310445 0.4802709980971958 0.05550595553496294 0.025665844866803768
3 0.6710589674310443 0.47641914482743514 0.047638891832631994 0.0237850098858317
3 0.5838045040915333 0.46582254304054915 0.044623019237293705 0.026782675893442943
3 0.49441462187754814 0.4715685242574688 0.04144345553496294 0.025092841901054187
3 0.39851184483570606 0.46218425399151375 0.044568455534962935 0.025220175893442942
3 0.2962226585380369 0.4564515657407811 0.04769345553496285 0.025347509885831697
3 0.1905356537287135 0.4584040434976597 0.05399801923729371 0.02716467787060921
9 0.8738219019994331 0.20381326885744241 0.06380952885594056 0.04004667984777566
9 0.7834424386599219 0.19308933307816772 0.057614092558271324 0.0413545118629981
9 0.6903645612552601 0.1924261468046014 0.05443452885594056 0.039664677870609344
9 0.587294124957591 0.18666162505577158 0.045059528855940556 0.03928267589344299
9 0.49362597051108725 0.18049785528410808 0.04516865626060227 0.042407675893442985
9 0.39139134791574903 0.17320266703337545 0.043551592558271415 0.04078150889724856
9 0.298422597915749 0.16941448075980917 0.04991071996293304 0.044161176882026164
9 0.1869221027250724 0.15861229053191014 0.057614092558271414 0.0413545118629981
11 0.8760862956461637 0.1389695188574424 0.08310516587924895 0.05643568380210837
11 0.17665921452063751 0.09404045456235502 0.07405754809323425 0.06542868182494202
8 0.782690959711314 0.12499324908577891 0.07405754809323425 0.06542868182494202
8 0.2707093148834572 0.08926672433401851 0.061775802902557686 0.07116934585538688
6 0.6927653641578179 0.12367614680460141 0.06457342068857237 0.061921679847775656
6 0.3870610011811263 0.09557241555050068 0.06144842068857255 0.06179434585538688
7 0.5906398689671413 0.11325595855386876 0.07761905771188111 0.07805601581733082
10 0.48399056488345715 0.09795726931455295 0.06517362141421187 0.07910917984777566