9 0.1729465494211852 0.611794098023889 0.06395608418674961 0.02645470364722229
9 0.26099258099121625 0.6232056831300001 0.05449007892507769 0.024673998100139018
9 0.35440938104768605 0.5660854737831947 0.046586573663405864 0.02292966014423623
9 0.6405358678229193 0.6429623239912852 0.046768584186749604 0.026054660144236054
9 0.7394669205102249 0.5867506512136117 0.04520608418674961 0.026018292553055565
9 0.8364854046546221 0.6584457728888549 0.05476309471009344 0.029361498100139015
3 0.1745266470444631 0.34422539152687515 0.059541599971765134 0.031033100873680653
3 0.46430104956235957 0.47033917553055593 0.04502407366340577 0.022893292553055566
3 0.6452409654461971 0.3754663526766325 0.045388094710093266 0.029143292553055568
3 0.7477212233387049 0.3801921798989589 0.04869510523343692 0.032341027735416715
3 0.8553062101845252 0.37879529369041737 0.05182010523343692 0.032413762917777866
11 0.16638500725722324 0.6732764586812154 0.08343412628012437 0.03939111474138901
11 0.5343005493505981 0.6943228426086463 0.052184126280124234 0.038663762917777865
5 0.8601687444559794 0.31493281544191043 0.07286064732681155 0.04538654160312507
5 0.47009748130179985 0.3019528514423615 0.0587981473268119 0.045059233282499986
8 0.3647490996188293 0.4087275686729517 0.07066111049510884 0.03441267401194441
2 0.6558291259271886 0.42330444063253525 0.06339464206513998 0.043605836056041805
6 0.7461880863940624 0.48782284194305614 0.05485409997176518 0.030923998100139016
6 0.7470133809770989 0.649341570191563 0.058252115756780756 0.03568423328249999
0 0.36563603640817993 0.46414176728618084 0.061013094710093266 0.029506968464861137
0 0.3624802153050228 0.5171212969214587 0.06413809471009327 0.02957970364722229
7 0.7536875861823009 0.7103518053739242 0.0746961631118273 0.05011040919430556
1 0.6409182155167843 0.3012476026766325 0.06265118942018652 0.05763196846486114
4 0.17633134172632153 0.40200152393569455 0.09611613680346806 0.04280705547083343
10 0.2598326284168501 0.563103984516771 0.08950211575678066 0.03641158510611113