9 0.14340730641339153 0.1462498009953682 0.05539661201270887 0.04349105042954129
9 0.2538987471606262 0.21070736940359094 0.0506545649348082 0.04012038896415202
9 0.3488896931828667 0.13470039009580584 0.047611385551659245 0.04464411465389255
9 0.5433391225660157 0.12919293928215173 0.047584112012708776 0.043081614653892555
9 0.7532850925342436 0.21965972976207038 0.053670470779006864 0.034034163274411534
9 0.8372391270302426 0.10520440411775837 0.06323638555165942 0.04546298620519007
3 0.8650469326328551 0.39020352386003354 0.061319329545304765 0.025068599050060314
3 0.662539541399153 0.41018291044933647 0.05038182954530477 0.024495388964152022
3 0.5736640020318902 0.35942267186929716 0.041061376623205345 0.027129066033373485
3 0.4592350836057898 0.2522420149264637 0.045830697240056395 0.03206222749876284
3 0.2682731185088259 0.3262538042747286 0.04736592370110611 0.03058161465389251
3 0.15449303652788915 0.2713350101767653 0.053670470779006774 0.034034163274411534
11 0.8321346156661568 0.03990695273827738 0.07910684740221222 0.06034435775648759
11 0.11487893181878095 0.08139940694283349 0.08541139448011292 0.06379690637700659
5 0.5725361043053664 0.4687567282917323 0.05361592370110611 0.03090916327441153
8 0.35163681777747724 0.20090192220798145 0.06181025324641087 0.05319359905006031
8 0.8512510340922571 0.1520827261440257 0.08845457386326175 0.05927318068726608
2 0.5686782674531656 0.24260366406738107 0.053834112012708955 0.043409163274411536
2 0.2387334431828667 0.14047343453245334 0.07905230032431161 0.057219357756487586
6 0.6460198376629795 0.059807774198717856 0.06504434740221221 0.05960737336031983
6 0.2996753027632388 0.49476478686187403 0.05992047077900686 0.034361711894930556
0 0.4505203770302425 0.12547147501237194 0.06030230032431163 0.05623671189493057
1 0.4844145413991531 0.41951804613412813 0.06310001785690744 0.03765048620519007
10 0.87517986323382 0.43572406377412526 0.10369774431795734 0.03821705223856355
7 0.552460752435632 0.05378350350650296 0.0700591298696164 0.0786030348257091