9 0.21158489617861925 0.5599419637152085 0.053943455534962846 0.024673998100139018
9 0.30387903438305414 0.4980797029816322 0.04300595553496285 0.02441942496187508
9 0.40676098692279206 0.5605816626127782 0.04451389183263199 0.022893292553055743
9 0.5854217002623032 0.5577145018029519 0.04451389183263199 0.022893292553055743
9 0.7727728781224519 0.46840134792697974 0.05388889183263199 0.023111498100139016
9 0.8682614821134689 0.5650782858066327 0.06013889183263217 0.02325696846486114
3 0.8620288071637269 0.29718227098899375 0.057395837748947895 0.03412173328249999
3 0.6642907116102307 0.2902380207046533 0.04796627404661713 0.032341027735416715
3 0.5834970685964722 0.3461230383720838 0.04171627404661713 0.03219555737069442
3 0.49044152775963223 0.4532432477188893 0.0399355192372937 0.02590918977951393
3 0.29391870262455594 0.39168423261691 0.046294646641955414 0.029179660144236053
3 0.19671880961079763 0.44718739057694457 0.04769345553496285 0.024528527735416715
11 0.8749678390997104 0.6229998885801743 0.07609127404661713 0.03299564437666671
11 0.1917287531648609 0.6172453174386807 0.0793799651536097 0.03775587955902786
5 0.566178104623989 0.23018891384704912 0.05799603847458741 0.05130923328249999
8 0.39843756623421955 0.5010611922480559 0.057395837748947985 0.03412173328249999
8 0.877562071043543 0.5184578589448965 0.07916171034428601 0.03150587955902786
2 0.29897576877395754 0.5588535488213197 0.07609127404661713 0.03299564437666689
2 0.5942386503549705 0.4525366925323963 0.05755952885594055 0.03880923328249999
6 0.2893700679635001 0.21672060020809053 0.059613102176918266 0.05290810087368063
6 0.6926637705880561 0.6109505642076394 0.060411710344286364 0.03106946846486114
0 0.4997024550716267 0.5619642842880213 0.055887901451278844 0.0356478656913195
7 0.6069718072485448 0.6159815966927088 0.0700049651536098 0.03753767401194459
1 0.48368555235440347 0.28213131392329904 0.0660813569862416 0.059303571238402776
10 0.8671503275821468 0.2426584251493063 0.09894842068857272 0.061629790653194585