11 0.36484375 0.29453125 0.040625 0.06953125
11 0.4703125 0.28359375 0.03203125 0.06875
8 0.36484375 0.390625 0.0390625 0.05234375
8 0.521875 0.3890625 0.03203125 0.0625
6 0.35546875 0.58359375 0.04140625 0.0546875
6 0.57578125 0.57734375 0.0296875 0.0546875
10 0.4640625 0.384375 0.034375 0.071875
7 0.525 0.2796875 0.03359375 0.0875
5 0.465625 0.48203125 0.0328125 0.05546875
5 0.57109375 0.28984375 0.0296875 0.07265625
0 0.3578125 0.48515625 0.04375 0.06484375
0 0.52109375 0.4859375 0.03125 0.0578125
2 0.46484375 0.57421875 0.03984375 0.05625
2 0.5234375 0.5796875 0.034375 0.0625
4 0.4140625 0.490625 0.04375 0.06328125
1 0.41640625 0.3828125 0.046875 0.08203125