9 0.49296875 0.11484375 0.0234375 0.0625
9 0.50546875 0.20078125 0.02265625 0.05390625
9 0.45234375 0.30390625 0.021875 0.04609375
9 0.52890625 0.57265625 0.0234375 0.0453125
9 0.4765625 0.68125 0.02265625 0.0421875
9 0.5453125 0.759375 0.02421875 0.04765625
3 0.26875 0.840625 0.03984375 0.05703125
3 0.26875 0.734375 0.0359375 0.046875
3 0.26171875 0.6296875 0.034375 0.04609375
3 0.35625 0.43046875 0.02734375 0.04453125
3 0.225 0.1671875 0.034375 0.05390625
11 0.5484375 0.09921875 0.02734375 0.07890625
11 0.5734375 0.45625 0.02890625 0.05234375
5 0.203125 0.8578125 0.05078125 0.0703125
5 0.184375 0.46875 0.05078125 0.05
8 0.28984375 0.34375 0.0421875 0.065625
6 0.375 0.709375 0.03515625 0.0546875
6 0.53671875 0.67421875 0.0296875 0.05234375
0 0.346875 0.33359375 0.0359375 0.06171875
0 0.4015625 0.3203125 0.0328125 0.06171875
7 0.58828125 0.66484375 0.0359375 0.065625
1 0.184375 0.6390625 0.06796875 0.0609375
4 0.27890625 0.1546875 0.053125 0.090625
10 0.44609375 0.2109375 0.03359375 0.08984375
2 0.309375 0.6296875 0.0453125 0.0515625