9 0.15705698283649222 0.12502788688926816 0.05828768899896399 0.0463698858558109
9 0.2660189139775734 0.20494017286891353 0.051819365177646404 0.041391287427387444
9 0.36359808126491566 0.14088413502724134 0.04883991439185813 0.04437073821317572
9 0.5587479154253154 0.16322582361192056 0.045569365177646405 0.04110018899896399
9 0.7678211625298313 0.28366040983923496 0.05785104135632899 0.0369948858558109
9 0.8542059646395271 0.18010522435492765 0.06439213978475244 0.04353598428423431
3 0.8691953796505579 0.4684592489620335 0.06039384449948173 0.024640435070022625
3 0.6661431542576637 0.4605610500382721 0.04796661910658777 0.02562073821317572
3 0.579820356491194 0.3980738585581086 0.04178939371369381 0.026892139784752266
3 0.46960198635114897 0.2744479598820162 0.04847604135632899 0.03655823821317572
3 0.2730395095105127 0.3222004474760194 0.051382717535011314 0.03201628742738745
3 0.15979033870851375 0.2506635876750565 0.05785104135632886 0.0369948858558109
11 0.13201628742738744 0.05604029238978616 0.08259848428423427 0.06621150496239872
11 0.8495505438375283 0.11362619974782177 0.08386988585581072 0.06003427956950458
5 0.5747219416850511 0.5061945736119207 0.060684942927905536 0.030890435070022447
8 0.3604773893704675 0.2077805365988179 0.07107878742738745 0.053202082712657715
8 0.8658005901562558 0.2281981219975628 0.08543238585581107 0.06010705417661042
2 0.5797582363511489 0.27957856968297917 0.05508991439185813 0.04466183664159917
2 0.25247864474715104 0.13181088792272547 0.08401543507002263 0.06315927956950462
6 0.30139360359571 0.4958027673683955 0.05458049214211709 0.03372433664159917
6 0.66375859305174 0.10809102150222474 0.06839043507002245 0.062431533498446004
0 0.4667230812649157 0.14568725909622793 0.0604323858558109 0.05894266046291672
7 0.5716609842842344 0.08898995698653209 0.07387845574818712 0.07983735731976357
1 0.4877634431327932 0.44679599482820437 0.06253854135632882 0.03721320967712849
10 0.8776650051672865 0.5164065973904569 0.10152826674922295 0.037470074854774896