9 0.1917352193539216 0.14416256957642837 0.04017401384016441 0.06584316861791084
9 0.18016636657845247 0.23639552137182643 0.0412271778706093 0.05335225897699036
9 0.242752596806789 0.3297591811109427 0.0331600098858317 0.0470568071815924
9 0.15793595053366022 0.628619382808145 0.03928267589344294 0.04396816861791066
9 0.22023567927912197 0.7290142925472611 0.036348676882026164 0.04863748789975162
9 0.14178307403219495 0.8333523346035431 0.0413545118629981 0.056477258976990186
3 0.4745158858558244 0.14329846458301754 0.027292011862998143 0.056395445745273866
3 0.3500464905712788 0.43770297043675 0.026782675893442943 0.04389544574527378
3 0.4435697030051181 0.6152416422761148 0.02365767589344294 0.04387726502711473
3 0.4377733477581911 0.7191569826351942 0.026846342889637498 0.04545794574527377
3 0.43959849152268093 0.8277143711988758 0.027228344866803766 0.054832945745273774
11 0.12536080285201878 0.1437676598373121 0.05630834980971957 0.07843407220870705
11 0.10145514026726762 0.5195989068122501 0.0568521778706093 0.05344316256778647
5 0.5147947400769872 0.43908768755385036 0.03197951186299797 0.056422716822512695
5 0.49897349152268095 0.8273689375538502 0.03405134783255317 0.06893180718159249
8 0.41271492832771983 0.3373620819712643 0.03392401384016441 0.0658068071815924
2 0.3923746175298546 0.6256933289462022 0.036730678859192525 0.05801248789975162
6 0.32882942927912195 0.7283825125912278 0.03354201186299806 0.056431807181592394
6 0.14853709281527525 0.7442716538853837 0.05736151384016441 0.06594316256778665
0 0.2971535953239143 0.3364722685431561 0.04004667984777566 0.06271816861791084
0 0.3540893448296226 0.3384842204367501 0.0352318458553869 0.05956589754067192
7 0.0803136748304977 0.7509170845053472 0.07518568380210837 0.08166815651766228
1 0.5094493709898957 0.6086098471947707 0.04011034684397004 0.06428066861791085
4 0.41426413536153284 0.14599219340758282 0.0383223537640522 0.09707498789975161
10 0.24119936707274406 0.23369724736772132 0.059815351786885886 0.08782725292686619