11 0.6977149672104558 0.40409482173844163 0.07367651741285464 0.03856124203690499
11 0.5091880557450666 0.4197484557698995 0.06273901741285463 0.0379242052052021
8 0.41715104195025665 0.36279977673188224 0.06503850180902226 0.05207771046687402
8 0.6982782112175621 0.3487625796309494 0.07392217887824373 0.043248742036905076
6 0.7151525299644691 0.2348442927992465 0.07433161465389268 0.051061242036905076
6 0.32345967492151495 0.26310986084804466 0.06339411465389251 0.0504242052052021
10 0.5201941547951269 0.35835592946154027 0.06808161465389251 0.05069722099021767
7 0.41235399932263145 0.42460953199355417 0.06759029172311397 0.04132222099021767
5 0.5190311244919735 0.30623969261571987 0.06479284034363317 0.047390210466874014
5 0.33036369290019635 0.42860605823132614 0.06430151741285454 0.03801521046687384
0 0.7098608423797981 0.2912308006917542 0.07087906603337366 0.04462923151356133
0 0.4224427295349278 0.3064132688393745 0.06462906603337362 0.04426521046687402
2 0.5218562313439501 0.2523334426157199 0.07128850180902227 0.05244173151356133
2 0.42053939280933933 0.25356128462439004 0.06043288896415202 0.053367194681858444
4 0.6100655602676224 0.29314888743875256 0.07918288896415202 0.054459257821920556
1 0.6021025740624323 0.35592190322376815 0.08041784034363317 0.048300263083592476