9 0.36744877965749523 0.140625 0.0399193458553869 0.059375
9 0.36242038144438116 0.228125 0.03510451186299805 0.05625
9 0.37167731771794743 0.32109375 0.03535917984777566 0.0625
9 0.3756883384781941 0.41953125 0.034595175893442943 0.04375
9 0.3754429407593716 0.509375 0.027037343878220543 0.05
9 0.3788000455120071 0.6109375 0.036667011862998145 0.05625
9 0.3832421477931846 0.70078125 0.034595175893442943 0.04375
9 0.37735158653820877 0.80546875 0.04004667984777566 0.0625
3 0.6589517550172779 0.8140625 0.03341467787060921 0.053125
3 0.647718483268448 0.7109375 0.029907675893442943 0.04375
3 0.6442658780215211 0.60703125 0.030098676882026255 0.0484375
3 0.6450060242574688 0.51015625 0.02652800790866543 0.0375
3 0.6328150889724856 0.421875 0.030035009885831698 0.046875
3 0.6363764876798914 0.33671875 0.029907675893442943 0.04375
3 0.6348683844101307 0.2421875 0.030162343878220456 0.05
3 0.6285454471479812 0.14453125 0.027292011862998143 0.05625
11 0.30384919467652327 0.1328125 0.04068334980971962 0.078125
11 0.3153290890096668 0.8171875 0.04674234882113639 0.0734375
5 0.6928944486308559 0.1515625 0.04368101581733086 0.075
5 0.7232370895039584 0.81953125 0.0467423488211363 0.0734375
8 0.30760281923800326 0.7234375 0.05066584486680377 0.0546875
8 0.29913913144438115 0.228125 0.05605368182494201 0.071875
2 0.6948654669196447 0.23828125 0.052674013840164416 0.065625
2 0.7211559832684481 0.7109375 0.05554434585538672 0.059375
6 0.3081413997331699 0.31484375 0.043235346843970034 0.0640625
6 0.30539437901010424 0.61171875 0.04141817885919252 0.0578125
0 0.6923081526989193 0.32890625 0.03979201186299797 0.05625
0 0.7087422134967847 0.6171875 0.044415844866803764 0.0546875
7 0.30824617049341657 0.41328125 0.051429848821136395 0.0734375
10 0.3023237757403436 0.5171875 0.0539818458553869 0.059375
4 0.7063573597327324 0.5203125 0.052546679847775654 0.0625
1 0.6996524204934165 0.41328125 0.052928681824942106 0.071875