11 0.24454229534115868 0.12192815242027773 0.08099105042954129 0.05878185775648759
11 0.4424065852552504 0.10059098371879922 0.06544793758467105 0.05952548620519007
8 0.2516012008136541 0.18187968453245335 0.08074538896415202 0.05409435775648763
8 0.5452283700809595 0.16414114936805996 0.06528416327441153 0.05640048620519007
6 0.2471327860689045 0.3058903946183616 0.07869156603337357 0.04463747060135788
6 0.6499711810259503 0.2792947585948856 0.06454717887824372 0.04233798620519007
7 0.5490693430571666 0.08795046359241124 0.07136374491161739 0.08320864767057934
10 0.4371292650380053 0.16432261307201285 0.06898237336031983 0.06750176051544958
5 0.44447477555345494 0.2297428951841885 0.0649566146538925 0.05015048620519007
5 0.640966915987945 0.09253506501732074 0.07169793758467105 0.0598530348257091
2 0.44684618102595036 0.2899400887617533 0.07860967887824373 0.04307497060135788
2 0.5537136567156908 0.28120581863536537 0.06660100180902226 0.05179487336031983
0 0.2470232434412793 0.24400787030810206 0.08666784034363309 0.048171906377006656
0 0.5494079370188442 0.22894395579049515 0.0649566146538925 0.05015048620519007
4 0.34846291270858465 0.23634145522466818 0.08107293758467105 0.06034435775648763
1 0.34790299072774583 0.16586518091440872 0.08805992198083885 0.07473440637700657