9 0.31711319863085596 0.1407043232361597 0.03379667984777566 0.06359127404661713
9 0.3161502179082279 0.23227426434315226 0.0302896778706093 0.054107146641955414
9 0.3869030696951138 0.31742802514292545 0.0269100098858317 0.0477480192372937
9 0.3410917984777566 0.6139781321291672 0.029780341901054184 0.04160714664195524
9 0.41209931824942014 0.7053818929289404 0.026846342889637453 0.04618551923729371
9 0.3492730074887359 0.8147593821291672 0.0318521778706093 0.054161710344286094
3 0.6310350020515285 0.7791021020072822 0.02872717787060921 0.05405258293962447
3 0.6174261468046014 0.6755232342212674 0.02834517589344294 0.04467758293962447
3 0.6100991250557716 0.5725073616259291 0.026782675893442943 0.044623019237293705
3 0.4971640904553604 0.41215519338442724 0.023530341901054186 0.04138889183263199
3 0.5871246096955514 0.1046750208817562 0.0274193458553869 0.060248019237293705
11 0.25320986612134194 0.14684768503172477 0.04680601581733077 0.07652778366526398
11 0.2745489442194128 0.5169419302224013 0.045787343878220456 0.05152778366526398
5 0.6934395015572369 0.774575803914048 0.044861513840164416 0.06709821996293322
5 0.6613711704934165 0.39077372278852196 0.04135451186299814 0.057614092558271414
8 0.5451784847141419 0.3040773093563436 0.030735346843970036 0.06504464664195542
2 0.5646738785158126 0.5905232408446893 0.03647601087441501 0.05276290145127884
6 0.5132798162722537 0.6924602522774347 0.030353344866803765 0.055669646641955416
6 0.3456439887056556 0.7256968821291672 0.04310801285158128 0.06235615626060209
0 0.4923081526989194 0.3121824752355927 0.0321068458553869 0.06041171034428618
0 0.4393104866913082 0.31716264111484177 0.033669345855386903 0.06046627404661713
7 0.2844982416714051 0.741914648371236 0.059433349809719614 0.08008929328391083
1 0.6799341225843136 0.5583332450210405 0.0524193458553869 0.06112103847458741
4 0.5288810281746205 0.11531490971916329 0.03675985376405233 0.09802083774894799
10 0.37680121642535314 0.2231150299522489 0.04431768577927464 0.09204365626060225