9 0.8622793553417791 0.6746071261139038 0.06046627404661713 0.03194089067472703
9 0.7642287465414389 0.5727259054344044 0.050818455534962934 0.024019302673454136
9 0.5762600097882828 0.6689361920750875 0.04473214664195542 0.0286340773392725
9 0.3906771738534334 0.6769288633831796 0.04473214664195542 0.028634077339272323
9 0.28768609390903377 0.6124749173694983 0.044623019237293705 0.0255090773392725
9 0.18777042866275684 0.6808152900222717 0.055724210344286276 0.030323846674090403
3 0.8567188029873757 0.4035588294477675 0.0571230192372937 0.025654528007635947
3 0.6551290211362103 0.40043218742040504 0.0477480192372937 0.025545440006363364
3 0.5743080962712865 0.4564998267424965 0.043005955534962934 0.023928396005726958
3 0.4796082098809501 0.5623856527291335 0.043060519237293704 0.02549089600572696
3 0.2831945121505356 0.5062158267027256 0.04451389183263199 0.022384077339272324
3 0.17893608728561178 0.5620107460216353 0.053943455534962846 0.024055665340545217
11 0.8652704352861788 0.7378974667806766 0.07965278366526399 0.044659066677272284
11 0.16737857230948738 0.7453954106858627 0.07658234736759484 0.04618520401018138
5 0.5586607597034648 0.3438634667409057 0.05605159255827132 0.039698846674090585
8 0.866865162420688 0.6270236014480857 0.07937996515360979 0.036846566677272284
8 0.38068212576019916 0.6143379567154523 0.06057540145127884 0.03506589067472685
2 0.2814113012580951 0.6787811700349984 0.07943452885594056 0.038409066677272286
2 0.5842684280297846 0.5628225520766783 0.05734127404661713 0.03190452800763595
6 0.6829390849233591 0.7271855914226323 0.059122028855940555 0.038172709341181485
6 0.28268853674530686 0.3351857113701347 0.06073909255827141 0.03975339067472685
0 0.48671636015110253 0.6764845153962243 0.05443452885594056 0.03811816534054522
7 0.5942312489885098 0.7363055054105418 0.07055060217691818 0.052362478675999566
1 0.47622277113621025 0.3983504247294517 0.060902783665263985 0.04444089067472694
10 0.8588517326616227 0.3528230327816311 0.09851191106992588 0.04800224267981754