11 0.7984375 0.2203125 0.05390625 0.08046875
11 0.80390625 0.4171875 0.05 0.0640625
6 0.6171875 0.2125 0.0328125 0.0796875
6 0.6171875 0.60625 0.034375 0.05859375
8 0.7359375 0.51796875 0.05078125 0.05703125
8 0.73671875 0.22265625 0.04609375 0.0796875
10 0.740625 0.40625 0.05625 0.06953125
7 0.8078125 0.52421875 0.06875 0.06484375
5 0.7984375 0.609375 0.0515625 0.06171875
5 0.67890625 0.40703125 0.04375 0.0578125
2 0.62109375 0.4078125 0.03671875 0.06953125
2 0.62109375 0.51328125 0.0421875 0.0671875
0 0.67734375 0.21640625 0.0375 0.0859375
0 0.67109375 0.51171875 0.0375 0.06328125
4 0.6765625 0.3171875 0.05078125 0.08828125
1 0.74375 0.31953125 0.06328125 0.08828125