9 0.7965631806174568 0.3625 0.05029090133672707 0.025
9 0.7027762706079118 0.4328125 0.044022720003181706 0.0234375
9 0.5987796612826386 0.3734375 0.044040901336727244 0.025
9 0.41735693861395695 0.38828125 0.047165901336727066 0.025
9 0.23415299260027575 0.4890625 0.053415901336727065 0.025
9 0.1344717132797752 0.39453125 0.06279090133672711 0.025
3 0.1500945239099587 0.66328125 0.05503294533736343 0.0296875
3 0.34937690857736775 0.6578125 0.047202264003817974 0.028125
3 0.42742063991886736 0.59765625 0.039353401336727066 0.025
3 0.5185461739338212 0.4875 0.04244203866963616 0.021875
3 0.7148484619271397 0.53671875 0.0471477200031817 0.0234375
3 0.8116331026018665 0.47734375 0.050272720003181705 0.0234375
11 0.1242341946212748 0.334375 0.07856135200509069 0.0375
11 0.8129154339592747 0.3 0.07863407733927233 0.04375
5 0.44952181190327717 0.7125 0.0536340773392725 0.04375
8 0.609017179941139 0.43359375 0.059756808004454244 0.0328125
8 0.12690411394018458 0.440625 0.08479317067154524 0.0359375
2 0.41535753926641217 0.49296875 0.05661362667090888 0.03125
2 0.708990455283275 0.36875 0.07696248933799979 0.034375
6 0.7268928339035954 0.71015625 0.06300907733927233 0.04375
6 0.30623817262095665 0.33671875 0.06289998933799978 0.034375
0 0.5041938672820023 0.378125 0.05659544533736351 0.0296875
7 0.3930932826225475 0.325 0.07240225867281787 0.0453125
1 0.5275382712444585 0.6546875 0.06151930267345414 0.05
10 0.1471416992361863 0.715625 0.09751134667409057 0.0546875