9 0.11934590834426566 0.47521996266133193 0.06221157366340587 0.022938668019063257
9 0.2148319845679203 0.3799131911509765 0.05301858418674961 0.02590002678536125
9 0.3991244136059375 0.4785394261334428 0.04189907366340586 0.02258411201270878
9 0.5792291425592502 0.4879395198822071 0.04364358418674961 0.02573638555165907
9 0.6828238503952881 0.4279662763750288 0.04529708944842135 0.027326159090609536
9 0.7728426346667423 0.49366518871204923 0.054581084186749604 0.02592730032431163
3 0.13035681598265964 0.20560689204448096 0.056780621018452535 0.03689207386326192
3 0.32893082387516737 0.2067268814911741 0.050530621018452494 0.036782979707460584
3 0.40768588445498083 0.264408742286067 0.042627115756780576 0.03508411201270878
3 0.4981450135071155 0.3762559517009881 0.04547909997176518 0.030451159090609536
3 0.6976514608198098 0.3210850308392557 0.04244510523343692 0.03195911201270887
3 0.7928127713996233 0.3790532637931271 0.04869510523343692 0.03206820616851021
11 0.11225447418575094 0.5298392788139561 0.07525760523343697 0.03253185633066593
11 0.7891887005082276 0.5486936079489284 0.07387711575678076 0.035629582791715644
5 0.4261390238186976 0.1489882938281945 0.057872684158514785 0.05564207386326192
8 0.5890283477644522 0.4271111140380084 0.05687162628012441 0.038454573863261746
8 0.11279207145609298 0.42661882142762997 0.08316111049510884 0.03423072402541756
2 0.39216802929213107 0.3697138510523649 0.055491136803468066 0.04155230032431163
2 0.684743395190086 0.48899923376135507 0.07507559471009326 0.02940685633066593
6 0.7040743080195646 0.14367309699187986 0.05961719468185844 0.05879434740221221
6 0.2938684952324383 0.5267530093321955 0.06092208944842144 0.02759889448011297
0 0.484743395190086 0.4855082207757115 0.05007559471009326 0.028970479707460584
7 0.3786607241857509 0.5344894172049891 0.06918961575678076 0.03554776217486459
1 0.5067751028143626 0.20122867816203768 0.06337923151356133 0.06978639448011295
10 0.13046250277201027 0.15008359496658025 0.10069722099021768 0.06731595941492108