11 0.28029849483363856 0.5598055322007289 0.06894089754067201 0.03441267401194459
11 0.4678303110904173 0.5499726712590621 0.0548783975406721 0.0340853656913195
8 0.28232408226585193 0.614438480813958 0.07209316861791085 0.039172909194305564
8 0.5635513563681529 0.611798564401458 0.05339771077238851 0.04811149810013902
6 0.6613616215916593 0.7173199061570827 0.05653180113146803 0.04974673328249999
6 0.2715133264121195 0.7271748701566316 0.06432612041330898 0.04680357123840295
10 0.45965419672723257 0.6126545092149649 0.06277271077238851 0.04832970364722229
7 0.5646916755517978 0.5500616306058677 0.061164758976990544 0.04048083605604162
5 0.6482808803722581 0.5488972144777078 0.05801248789975162 0.035720600873680654
5 0.4624746696980654 0.6649255240326037 0.06275453005422929 0.04520470364722229
0 0.27418432933898573 0.6708703187698608 0.07369203005422928 0.045459276785486225
0 0.5585366034412866 0.6681576671749996 0.05962953005422929 0.04513196846486132
2 0.4645002571302787 0.719558472645833 0.07529089149054773 0.05174564437666671
2 0.5676116215916593 0.7195019616279162 0.06277271077238851 0.04832970364722229
4 0.37259455826174687 0.6732666605254858 0.07530907220870704 0.05487064437666671
1 0.37763658226585195 0.6122200577519441 0.07840680113146821 0.05025587955902786