11 0.41171875 0.24609375 0.0359375 0.07421875
11 0.41953125 0.43046875 0.0375 0.05703125
8 0.35703125 0.24921875 0.04140625 0.075
8 0.35625 0.528125 0.05 0.06015625
6 0.2421875 0.240625 0.0484375 0.075
6 0.25078125 0.62890625 0.04921875 0.0578125
10 0.35625 0.42578125 0.04921875 0.06484375
7 0.41875 0.52890625 0.04140625 0.06328125
5 0.303125 0.42890625 0.04609375 0.06328125
5 0.41640625 0.61015625 0.0390625 0.05703125
0 0.30078125 0.240625 0.04375 0.075
0 0.3 0.5296875 0.04609375 0.0578125
2 0.24921875 0.43359375 0.05234375 0.06875
2 0.2484375 0.53671875 0.0515625 0.05859375
4 0.29609375 0.340625 0.05546875 0.07421875
1 0.35703125 0.34375 0.05078125 0.084375