11 0.43359375 0.28984375 0.03671875 0.07109375
11 0.53828125 0.2796875 0.03203125 0.07109375
8 0.590625 0.38125 0.03046875 0.06875
8 0.434375 0.38671875 0.03515625 0.0578125
6 0.42578125 0.578125 0.03671875 0.05390625
6 0.6484375 0.571875 0.03515625 0.0578125
10 0.53359375 0.37890625 0.034375 0.0734375
7 0.5953125 0.27109375 0.03828125 0.0890625
5 0.64296875 0.28125 0.03828125 0.078125
5 0.53359375 0.475 0.03359375 0.053125
2 0.59296875 0.56953125 0.0359375 0.06328125
2 0.53359375 0.56796875 0.03359375 0.05703125
0 0.4296875 0.48046875 0.0359375 0.0578125
0 0.590625 0.4859375 0.03203125 0.06015625
4 0.48515625 0.48515625 0.0359375 0.0625
1 0.48828125 0.3765625 0.03515625 0.07890625