9 0.429889469883869 0.878519984169025 0.02416475334181776 0.06372830732694652
9 0.4199701245624139 0.7904467740831169 0.022474984006999675 0.05270892017181659
9 0.4766206612428678 0.6917912680902231 0.022420440006363406 0.048021420171816584
9 0.40478421327977526 0.415985684643995 0.02240225867281791 0.04645892017181659
9 0.4615074752944109 0.31108017865110116 0.023946577339272503 0.04497830732694626
9 0.3922040393061831 0.22067650667026237 0.025581802673454224 0.05131019448207608
3 0.6718375426480009 0.17279336386092306 0.03194089067472685 0.06101274310259504
3 0.6682301899665924 0.28126428312822843 0.031795440006363404 0.048512743102595034
3 0.6724807906190476 0.38623838817118256 0.0317590773392725 0.04538774310259495
3 0.573333123925867 0.576473884553138 0.0255090773392725 0.0450601944820761
3 0.6975224125557323 0.8542414376962129 0.031886346674090585 0.056325243102595124
11 0.37193151921550544 0.8879901594292242 0.0353567920114541 0.08617651741285429
11 0.3542745885980486 0.5243437392574078 0.03501134667409058 0.056489017412854635
5 0.7455808412635486 0.5534502216174106 0.04749316534054522 0.055581614653892684
5 0.7368358339831371 0.16291043079880776 0.04771134134309048 0.07433161465389251
8 0.636350197247004 0.6696750079134578 0.038263616008908666 0.06759029172311415
2 0.6256421532861385 0.38065677351729 0.04280566534054522 0.05533595318850333
6 0.5602176952975926 0.29280156942427554 0.030342028007635947 0.057805855947465276
6 0.39898929396086547 0.3093671924459111 0.03190452800763603 0.057887743102595035
0 0.5792371312460494 0.6737173767512218 0.03190452800763595 0.057887743102595125
0 0.5259848619112313 0.6818707134768103 0.03030566534054522 0.05468085594746519
7 0.34193986262731996 0.3079408112836751 0.044586341343090474 0.074167840343633
1 0.7475626066200022 0.38313772161741066 0.0632454346753633 0.06733798620519008
4 0.641190596554778 0.8583247501115416 0.04792951734563573 0.09308161465389234
10 0.47943603123014106 0.7857459859780475 0.035374973344999464 0.08773901741285464