11 0.6972669176153214 0.21341795140947 0.04511367694751698 0.08016268899896399
11 0.6993810223244296 0.40535074028459955 0.043278441558013726 0.06446491439185813
6 0.5255555588490235 0.2120481581911143 0.030969356330665932 0.07482021753501125
6 0.5203269476503889 0.6010378835840084 0.03223184740221221 0.057705492142117266
8 0.6370970308458462 0.21700102378304553 0.0356841298696164 0.0766010413563289
8 0.6320650629095086 0.5052822737830456 0.041715941558013725 0.06439213978475226
10 0.6362634135581317 0.3989231118723867 0.04492276217486459 0.06922518899896399
7 0.6983622187537072 0.5084393529810466 0.05750458279171564 0.0744948858558109
5 0.6913934241114384 0.5946315641059171 0.044868215096963836 0.066100188998964
5 0.579177616480231 0.40470438503175055 0.0339579886359143 0.06715326674922295
2 0.5260662532497061 0.4063974716733497 0.03250458279171564 0.07333049214211722
2 0.5227446099874091 0.5072514962804556 0.03853639448011279 0.061121590570540715
0 0.5712093835263595 0.5034329834601741 0.03223184740221221 0.057705492142117266
0 0.5817237382321725 0.2141157723353035 0.03272277110331832 0.0858304921421171
4 0.576880505278301 0.3126988215495152 0.03886367694751698 0.07987159057054054
1 0.6408884582004004 0.312840062658175 0.04845686525911965 0.09280823821317571