9 0.1222321284083407 0.735558253134132 0.0626999878997516 0.03582970364722229
9 0.2113446253832786 0.7462249558314238 0.05332498789975162 0.035611498100139014
9 0.3086327158405541 0.6852166802802087 0.048601126463433085 0.02925239532659738
9 0.5973503030763757 0.7669265008530213 0.043949987899751616 0.035393292553055566
9 0.702455438713191 0.706881313257709 0.05018180718159222 0.032413762917777866
9 0.7982088211285525 0.7848809863197228 0.05332498789975162 0.035611498100139014
3 0.13703393003078818 0.46015886284152785 0.05637726502711464 0.023184233282499987
3 0.42208161660267984 0.5824027644363893 0.040761355386194256 0.024383057370694416
3 0.6051208546988232 0.4913634564001047 0.04387726502711473 0.022893292553055566
3 0.7082685805965222 0.4976699674180214 0.04388635538619425 0.024455792553055744
3 0.8152771046988232 0.49625489741388956 0.05169885538619425 0.024637630508958352
11 0.4867491463623216 0.8221569018792018 0.05339771077238851 0.04811149810013902
11 0.11478778795106523 0.7986576651782292 0.0815136204133089 0.04720361474138901
5 0.4328504240788599 0.4193942713702434 0.05488748789975162 0.0356478656913195
5 0.8203867855151783 0.43466343398302154 0.06893180718159223 0.03285017401194459
8 0.32487481849627386 0.5231167237831947 0.06422612646343318 0.029616071238402774
2 0.6132106106507516 0.5392015443560074 0.056440897540672094 0.03412173328249999
6 0.7065338846548567 0.6023029160312505 0.05016362646343318 0.02928876291777769
6 0.7075520048717738 0.7773029160312506 0.05964771077238851 0.04825696846486131
0 0.32362593588452065 0.5769866061920141 0.06266362646343318 0.02957970364722229
0 0.3184753484523073 0.6315468196228822 0.0626818071815924 0.03270470364722229
7 0.7126167547735779 0.8422557688047922 0.07225679508134383 0.06729790919430556
1 0.60237712889932 0.4225589050133339 0.06117384933607006 0.04204333605604162
4 0.13503106849627383 0.518698061454757 0.09705680718159235 0.03350479065319441
10 0.21177135137917352 0.6853056396270141 0.09089771077238851 0.048984320288472286