9 0.6337331520930847 0.8477019253292545 0.04173651384016441 0.06630683847375848
9 0.6427354203818734 0.7608877179429283 0.030353344866803765 0.05517842370110611
9 0.6425218561611482 0.6703309017903042 0.03028967787060921 0.05361592370110611
9 0.6482545444118808 0.5679598782513537 0.029844008897248565 0.042678423701106104
9 0.6534778966930583 0.4780888547124034 0.03147017589344294 0.044268197240056394
9 0.6599281679475965 0.377266694403978 0.029907675893442943 0.044240923701106105
9 0.6635571867306769 0.288204194403978 0.031661176882026076 0.0489556972400564
9 0.6742638764642843 0.17872010024817658 0.03022601087441501 0.052053423701106105
3 0.3672632350968903 0.8539145637202875 0.028854511862998145 0.056713650162155814
3 0.37133792285333134 0.7539145637202875 0.0287271778706093 0.05358865016215582
3 0.37600285962118923 0.6585884269508122 0.0269100098858317 0.04731137662320535
3 0.3865039609137836 0.5733094460255358 0.02834517589344294 0.04421365016215582
3 0.3814755627006695 0.4859594504897625 0.026655341901054185 0.041061376623205345
3 0.3900467494685274 0.3905651298729116 0.026782675893442943 0.04418637662320553
3 0.394376105209746 0.2843151298729116 0.029907675893442943 0.044240923701106105
3 0.393922460456673 0.18049070048976262 0.03178851087441483 0.052080697240056484
11 0.695197234108307 0.8528746205407159 0.04706068380210837 0.08201365909060954
11 0.7380226289357422 0.1658967719206878 0.049867348821136304 0.07425570616851021
5 0.3292697114452562 0.17693505235620172 0.04342634783255317 0.06945911201270882
5 0.30511340357595945 0.846411755278301 0.04361734882113648 0.07414661201270896
8 0.7075473368837762 0.7605371160764891 0.05630834980971962 0.07905230032431163
8 0.7397031926621759 0.2587700645343617 0.05541701186299797 0.05717730032431163
2 0.324063605209746 0.2855424391256769 0.04916701186299814 0.0570682061685102
2 0.31183558886094254 0.7580759582004004 0.04967634783255317 0.06956820616851012
6 0.705771272663051 0.6700075734628154 0.04317167984777566 0.06320911201270878
6 0.7327117519399853 0.37287347484278716 0.04291701186299797 0.05695911201270887
0 0.3280560854380825 0.3791560714309252 0.0412271778706093 0.053806838473758486
0 0.32018394114212007 0.6681503875835493 0.04154551285158128 0.061619338473758486
7 0.7144379599252003 0.5722695028459643 0.0561173488211363 0.07436480032431163
10 0.7288598986702246 0.46740472484278717 0.0586693458553869 0.06035684740221221
4 0.32095189817593306 0.4768668685088258 0.04935801285158128 0.061755706168510116
1 0.3213100424347144 0.5830350478919749 0.04974001482874755 0.07113070616851011