11 0.72503427791293 0.4973370330886704 0.0720568071815924 0.034597631926869356
11 0.5359945038106291 0.5022365105484792 0.06269089754067192 0.03572348428423418
6 0.7342178594914108 0.6640514981424823 0.07525453005422929 0.04724318114108108
6 0.34516899503003035 0.6798286253118409 0.05964771077238851 0.04964043507002245
8 0.7223723653451433 0.5521336949993293 0.07521816861791067 0.04099318114108108
8 0.4426621394474443 0.5690665996712777 0.05495112041330898 0.04785961124870504
10 0.5465865701656035 0.5611020882987383 0.06587043969514958 0.0452440334984459
7 0.4398962086310892 0.5074933988854895 0.061146578258831144 0.03877570967712849
5 0.5439292027773568 0.6151175002093969 0.056486349336070066 0.0432448858558109
5 0.35551211827200957 0.5129857276692057 0.059574987899751616 0.037140435070022626
2 0.54127183538911 0.6691329121200558 0.06901362041330898 0.04851458271265781
2 0.4396911546709507 0.6769882615819365 0.06277271077238851 0.049785984284234176
0 0.7306388624182771 0.6079834346602471 0.07679884933607006 0.04419095574818695
0 0.44234397687965765 0.6237540996712777 0.061164758976990544 0.041900709677128486
4 0.6306115913410382 0.6173285095150218 0.07527271077238851 0.05036818114108108
1 0.6286223653451433 0.5565001714256808 0.08462953005422946 0.04767982878371626