11 0.315212528631731 0.24230152815544673 0.043808349809719614 0.08025406603337348
11 0.30269398809982084 0.434734689620836 0.043235346843970034 0.06619156603337348
6 0.48597069760509176 0.22243832824630377 0.03417868182494192 0.07351274310259504
6 0.46699261555268823 0.6116646025565633 0.03341467787060921 0.05476274310259512
8 0.36374955182625457 0.5243051226829513 0.04160917984777566 0.06454717887824372
8 0.3744920281374394 0.24153356626051617 0.037558349809719616 0.07992651741285454
10 0.36492207406937605 0.4190001469932108 0.04336268083635879 0.06931656603337348
7 0.2962755503433798 0.5348575203535306 0.05586268083635879 0.06997166327441154
5 0.42110840707318165 0.41761470940853973 0.035231845855386724 0.06109463025772475
5 0.2982744490507855 0.6197271653105765 0.04317167984777566 0.06462906603337348
2 0.47156205182625455 0.5186549089789985 0.03711268083635879 0.06898901741285464
2 0.472734574069376 0.41334993328925795 0.0341786818249421 0.07351274310259508
0 0.42172121931674056 0.5173690479431505 0.03360567885919252 0.05945024310259513
0 0.4294660296203142 0.23163626583097482 0.03430601581733086 0.07663774310259504
4 0.42861184235816474 0.32912874152071536 0.03918451680591399 0.08157090456798421
1 0.3667975918638732 0.3347070341483406 0.04575285178688589 0.08971095318850324