11 0.6083458329294436 0.7623499110865984 0.04061968281352506 0.07830909057054054
11 0.6214864559708677 0.573813949961728 0.04017401384016441 0.06737159057054054
8 0.5521276664275406 0.7641885469424092 0.037558349809719616 0.07972604135632899
8 0.5614031432330171 0.47914145885306814 0.04004667984777566 0.06424659057054072
6 0.44224333045798564 0.7817827694398194 0.034560683802108375 0.08270549214211727
6 0.46047199600848626 0.39182985752916055 0.030417011862998146 0.05755994292790554
10 0.5586044539937014 0.5860999342459623 0.0404286818249421 0.07362159057054071
7 0.626533394715892 0.469090062658175 0.04954901384016441 0.06780823821317572
5 0.6244389955141947 0.38653227378304555 0.04004667984777566 0.06424659057054054
5 0.5048573714841873 0.5847044081911144 0.037049013840164416 0.067226041356329
0 0.49777574745418 0.7776367708875613 0.034560683802108375 0.08270549214211709
0 0.5042127257425312 0.4857039820124319 0.03354201186299797 0.057705492142117266
2 0.454634536997507 0.5925019456185018 0.03430601581733086 0.07645549214211726
2 0.45427639273872555 0.48647026943981936 0.0430443458553869 0.06126713978475227
4 0.4979123517125238 0.6785999574053261 0.03768568380210837 0.082851041356329
1 0.5567926031953986 0.6688396596388564 0.0413200197716634 0.09549659057054072