9 0.8444332762599588 0.2285360552196416 0.05720474623907634 0.033467028007636034
9 0.7418598572179136 0.3024104545671864 0.04773881802583091 0.03023294000636332
9 0.6407316147397608 0.23793996924732214 0.04475021034569906 0.0348840773392725
9 0.45191916732618564 0.24873366060632093 0.044704746239076346 0.033321577339272504
9 0.25730901246990534 0.3557210992998197 0.053943353919208195 0.02874316534054504
9 0.1604219891129403 0.24899947931254643 0.06350021034569897 0.035102253341817755
3 0.8480476727364621 0.3527548052196416 0.053943353919208195 0.028743165340545128
3 0.7412042908414352 0.41417465790104996 0.0443864974927175 0.022384077339272324
3 0.5474028150563301 0.36094221192713977 0.04447742570596276 0.0255090773392725
3 0.4474375704666064 0.470735929941139 0.03969899749271768 0.022329533338636055
3 0.3638952962517116 0.5271955626193658 0.047511497492717505 0.022420440006363406
3 0.16384983214508891 0.5279602733131827 0.05844899749271755 0.02254770934118149
11 0.15623694279472172 0.18574550131286457 0.07948892319868044 0.04778406667727224
11 0.8691090158351177 0.16338322254936904 0.08279577962517096 0.054070429344363145
5 0.4592365399835054 0.5807921826066391 0.05407974623907634 0.033430665340545215
8 0.6449621251646022 0.302756447247004 0.06368206677218975 0.04135225334181776
8 0.15560410847155476 0.29829095464672817 0.09033549498543506 0.044786336012090366
2 0.4403715650563301 0.3621876332750027 0.06363660266556703 0.03978975334181776
2 0.7523367044732042 0.23273375389882284 0.09207985141192587 0.05105451734563582
6 0.34235629922121247 0.18983192262095666 0.06386392319868044 0.04760225334181776
6 0.7335916823033735 0.5822888585694136 0.05881271034569906 0.03504770934118149
0 0.5422713826864496 0.23830414326068516 0.06381845909205772 0.04603975334181776
7 0.4311005504748537 0.1778580866088663 0.06748902837152997 0.06482611600890867
1 0.5396083500917775 0.5228064125955033 0.06037521034569906 0.03506589067472685
10 0.1574239873970807 0.57570742998091 0.10109113855894432 0.03866360534690845