11 0.640625 0.2078125 0.03828125 0.0765625
11 0.64609375 0.39609375 0.03671875 0.065625
8 0.584375 0.20859375 0.03359375 0.078125
8 0.58203125 0.49375 0.0375 0.06328125
6 0.475 0.19609375 0.03125 0.08046875
6 0.47734375 0.5859375 0.02890625 0.05703125
10 0.58359375 0.38671875 0.03671875 0.07109375
7 0.646875 0.50078125 0.046875 0.06484375
5 0.64140625 0.58359375 0.03828125 0.0625
5 0.5296875 0.390625 0.03359375 0.065625
0 0.53046875 0.19765625 0.03046875 0.08203125
0 0.525 0.48984375 0.03046875 0.05546875
2 0.4796875 0.38515625 0.03125 0.07421875
2 0.475 0.49140625 0.040625 0.06015625
4 0.5265625 0.296875 0.034375 0.08046875
1 0.58515625 0.30390625 0.0375 0.09296875