9 0.15976037824476325 0.2825181716421546 0.06304547077900682 0.03452548620519007
9 0.2568729318154857 0.3806480551792397 0.05356137662320544 0.027784163274411532
9 0.44804162824476323 0.2674099915207154 0.044268197240056394 0.03198034034363299
9 0.636145600241586 0.24738633932758028 0.04429547077900686 0.033542840343632994
9 0.73804506533855 0.30616711782171124 0.04736592370110628 0.03058161465389251
9 0.8375717325468344 0.22901039631584225 0.05528751785690744 0.03724105042954129
3 0.16377927110002308 0.5575591152197195 0.06293637662320543 0.02827548620519007
3 0.3661093843305479 0.5461734786304165 0.047311376623205434 0.027456614653892507
3 0.4471451501588605 0.48484315298610453 0.04103410308425524 0.02556656603337366
3 0.542919525971287 0.3719127057904951 0.041061376623205345 0.027129066033373485
3 0.7383780762955986 0.41484275497684103 0.047284103084255236 0.025894114653892686
3 0.8435916818154856 0.34989942842801786 0.05356137662320535 0.027784163274411532
11 0.15472227637832411 0.21787913952997898 0.07899775324641087 0.05409435775648761
11 0.8598773806803951 0.16293833898889598 0.08527502678536152 0.055984406377006614
5 0.45923782142433467 0.5952483864777612 0.05534206493480802 0.04036605042954129
8 0.15435585795222379 0.3312832202626736 0.08508411201270882 0.04504690637700666
8 0.6434865417995996 0.30955879070706127 0.06633411201270878 0.04406426051544958
2 0.43821838920181194 0.3766178951841885 0.055232970779006865 0.034116050429541286
2 0.7462336663942102 0.23770704489093272 0.08042388555165925 0.04636374491161739
6 0.7358685052717104 0.5846606100197951 0.0584670649348082 0.0405298247398008
6 0.3423450073036006 0.21508393091440872 0.06644320616851021 0.050314260515449585
0 0.5385029870110613 0.25328553652318975 0.05695911201270896 0.04357293758467105
7 0.42964045576147314 0.19877950022714258 0.0697591209411625 0.06141553482570909
1 0.5426309740221223 0.5345764801007546 0.0600295649348082 0.040611711894930555
10 0.15915600080748363 0.6062832202626736 0.09763865909060954 0.048827003618044526