11 0.3678427104938541 0.19526284846390313 0.04061968281352515 0.07787202885594055
11 0.3700458335352782 0.38373507142206115 0.04017401384016441 0.06693452885594056
8 0.42412454399195126 0.19407980517999235 0.037558349809719616 0.07932540145127884
8 0.43808752079742774 0.479154209626496 0.04004667984777566 0.06380952885594056
6 0.5329902080223962 0.17776034601683244 0.034560683802108375 0.08234127404661713
6 0.5465313735728967 0.5676859415703287 0.030417011862997965 0.05723214664195542
10 0.4321638315581119 0.37217752332882686 0.0404286818249421 0.07318452885594055
7 0.37353027228030244 0.4884498532732266 0.04954901384016441 0.0672619110699257
5 0.3823733730786052 0.5710713803150685 0.04004667984777566 0.06380952885594056
5 0.4862292490485979 0.37420132559841235 0.037049013840164416 0.06682540145127884
0 0.4775851250185905 0.1812598574495778 0.034560683802108375 0.08234127404661713
0 0.4949596033069417 0.4732563844914198 0.03354201186299797 0.05734127404661713
2 0.5360064145619174 0.36698653712382495 0.03430601581733086 0.07609127404661713
2 0.5450232703031361 0.4730728460168324 0.043044345855386724 0.06079365626060209
4 0.4855342292769344 0.28034219819375067 0.03768568380210837 0.08245040145127884
1 0.42722698075980914 0.2894195870311578 0.0413200197716634 0.09505952885594056