11 0.7714284626432283 0.19065820763437563 0.07874316534054522 0.05494337955902786
11 0.5754165286441829 0.17906282494121578 0.06627952800763595 0.057777438829583395
8 0.47385348130172866 0.24390461531006985 0.059956802673454136 0.051381968464861136
8 0.7676034813017287 0.25074172245201454 0.07712612133990895 0.05021951196784728
6 0.7810109059516386 0.37452471456822983 0.07854317067154533 0.03775587955902786
6 0.3826279499522749 0.3605634788171878 0.06133748933799978 0.035793336056041715
7 0.46925743531191005 0.1687773287409379 0.06806020401018138 0.07656380642076392
10 0.586408025302365 0.24183558187506993 0.06947725334181776 0.0641001740119445
5 0.380848915977092 0.17766005983923644 0.06940452800763594 0.0578501740119445
5 0.5848995219605473 0.30431739807947966 0.0661340773392725 0.04527743882958344
2 0.5842086312858203 0.3636923980794797 0.07539998933799978 0.03612064437666671
2 0.4803114719525931 0.36049270326597266 0.059884077339272326 0.04513196846486114
0 0.7754790686266837 0.3126604942035076 0.0879363520050905 0.03953658510611113
0 0.47932168395927466 0.3112375856747921 0.056722714672181596 0.04193423328250008
4 0.6778409999602291 0.30882501975472276 0.08186816534054522 0.05501611474138901
1 0.6731631379694559 0.24072898318559086 0.0851204346753633 0.06602634992375007