9 0.5953125 0.8078125 0.0234375 0.05
9 0.52578125 0.71796875 0.02421875 0.04375
9 0.58203125 0.6109375 0.02421875 0.04375
9 0.5671875 0.4296875 0.021875 0.040625
9 0.46484375 0.2546875 0.02265625 0.05390625
9 0.55546875 0.1484375 0.0234375 0.06171875
3 0.28828125 0.18125 0.0328125 0.0578125
3 0.2953125 0.37890625 0.0328125 0.04609375
3 0.35703125 0.45234375 0.02734375 0.040625
3 0.4703125 0.53671875 0.02265625 0.040625
3 0.421875 0.73671875 0.025 0.046875
3 0.4828125 0.82890625 0.02265625 0.053125
11 0.61328125 0.13671875 0.03203125 0.078125
11 0.65546875 0.81796875 0.0375 0.071875
5 0.24140625 0.48046875 0.04921875 0.0515625
8 0.51015625 0.14609375 0.0296875 0.08359375
8 0.521875 0.6234375 0.03203125 0.0546875
2 0.46171875 0.43203125 0.03203125 0.05
2 0.5875 0.71875 0.03125 0.07734375
6 0.246875 0.7578125 0.04921875 0.06328125
6 0.6140625 0.3171875 0.02734375 0.059375
0 0.57734375 0.515625 0.0296875 0.053125
7 0.625 0.403125 0.03984375 0.0703125
1 0.2984375 0.55625 0.0546875 0.05859375
10 0.234375 0.18046875 0.05859375 0.09453125