9 0.37902494554888216 0.1414830840359329 0.025345433645025485 0.060248019237293705
9 0.3693823008368805 0.23011899810108344 0.02530907220870695 0.05399801923729371
9 0.4277856741770557 0.3296626411148418 0.023710210772388506 0.04769345553496285
9 0.35127875809322767 0.6105158262313847 0.026817030054229286 0.04467758293962447
9 0.40972303804926113 0.7170907192451429 0.025272710772388508 0.0477480192372937
9 0.3368127788758789 0.810280213254693 0.028443162567786652 0.055669646641955325
3 0.6191349203664267 0.8504314649839737 0.02844316256778647 0.05566964664195524
3 0.6161593904103932 0.74191956053747 0.028397710772388507 0.04785714664195524
3 0.6202378363520589 0.6370683694304773 0.025272710772388508 0.0477480192372937
3 0.5245793818261862 0.4466194734214941 0.023673849336070064 0.04144345553496294
3 0.6479794786281735 0.16725437723502568 0.028434072208706952 0.054107146641955414
11 0.31723801785578504 0.1319196002780017 0.0379545179539809 0.07943452885594056
11 0.2990481167008758 0.49747267840830284 0.040952252926866176 0.05766865626060227
5 0.6934839179305398 0.46728909356976167 0.044049981849627426 0.053090283665263985
5 0.6840604835981432 0.8622295713372431 0.042632927594901206 0.07803571996293286
8 0.5849805506404888 0.3523039890305908 0.03161361436318479 0.06359127404661713
2 0.5733901074292976 0.643392780500403 0.03938975292686635 0.057614092558271324
6 0.5098184868195971 0.7300048922959681 0.03000566256778665 0.055724210344286186
6 0.3448929235878805 0.7216988628918735 0.03785452400410509 0.06224702885594056
0 0.52948452956325 0.34955350046333616 0.028470433645025394 0.06035714664195542
0 0.4778720325883121 0.3427603526402544 0.028470433645025394 0.06035714664195542
7 0.2839463332288009 0.7222643472827768 0.0535795179539809 0.07998016587924912
1 0.6937026074292977 0.6391913754209272 0.05350679508134384 0.06748016587924913
4 0.5893539123713949 0.16383176607243277 0.03801815046753827 0.0903720288559405
10 0.42957945745273884 0.2350495455613455 0.03486587939029935 0.08557540145127884