9 0.16883441763595217 0.6926543680985083 0.05486930718159235 0.03347834486680377
9 0.2723316014773694 0.6265757233454353 0.04390453610435348 0.02834517589344294
9 0.36958385137917354 0.6953668271094876 0.0439318071815924 0.03303267589344294
9 0.5562526044042355 0.6943812831547174 0.040788626463433175 0.029780341901054184
9 0.7494253666026799 0.603057240682822 0.05327044574527377 0.02716467787060939
9 0.8445520351223947 0.7092528439525826 0.06268180718159258 0.03379667984777566
3 0.8507828126425412 0.4376961789335546 0.056404536104353295 0.028854511862998145
3 0.6507737222834618 0.4279843034206724 0.04545794574527377 0.026846342889637498
3 0.5667305203898678 0.4815775356261753 0.04075226502711473 0.023530341901054186
3 0.4665674148072817 0.5837210143716371 0.04387726502711473 0.02365767589344294
3 0.2740572070599554 0.5204212238397269 0.047020445745273955 0.0269100098858317
3 0.16736230034590122 0.5738725346004111 0.054832945745273864 0.027228344866803766
11 0.1449838271786767 0.7549487796574953 0.08154089149054777 0.05331068380210837
11 0.8480451946651193 0.7726614279449715 0.07837953005422946 0.04693334980971962
5 0.5590402193565955 0.3680097841433006 0.053343168617910844 0.039664677870609386
8 0.366871941836449 0.631990076615196 0.06269998789975162 0.036921679847775654
8 0.8513151195295461 0.6634455954354574 0.07835225897699019 0.04224584980971961
2 0.5704782099868216 0.5887361196185641 0.056422716822512695 0.03197951186299797
2 0.26021339655871334 0.6916913873758801 0.07835225897699045 0.04224584980971961
6 0.6612764476901815 0.7564594718997416 0.06273634933607006 0.04317167984777566
6 0.2824459030998169 0.3512719758168933 0.05959316861791084 0.0399193458553869
0 0.46801226102009397 0.6978153478697342 0.05334316861791066 0.03966467787060921
7 0.5746122398446591 0.7623009536109528 0.07218407220870696 0.05605368182494193
1 0.47186292710392197 0.4199131823564146 0.05962953005422929 0.0461693458553869
10 0.8575277163315335 0.3887639304164293 0.09714771077238851 0.05082235376405224