9 0.8277330972827768 0.2796875 0.05577877404661713 0.03125
9 0.7105703899337155 0.34609375 0.047857146641955416 0.028125
9 0.6263615702409349 0.27421875 0.04327877404661713 0.03125
9 0.3207911273198437 0.321875 0.047911710344286276 0.0296875
9 0.24205105762706305 0.25 0.0542708377489479 0.0328125
9 0.1498089939247322 0.2515625 0.0606299651536097 0.0359375
3 0.08791659601683244 0.525 0.05857639183263199 0.021875
3 0.4058704770496912 0.4359375 0.04607639183263199 0.021875
3 0.5559572678865313 0.5453125 0.044568455534962935 0.0234375
3 0.657301513077208 0.5515625 0.044568455534962935 0.0234375
3 0.7560564716073956 0.56484375 0.0493105192372937 0.025
11 0.5349850912923271 0.20625 0.056324411069925695 0.046875
11 0.16220235572029731 0.1875 0.07663691106992569 0.046875
5 0.3658208520072822 0.5984375 0.06380952885594056 0.0375
5 0.7452801735141614 0.62734375 0.06698909255827132 0.0390625
8 0.2900892204262693 0.48515625 0.06978671034428627 0.0296875
2 0.5770708652541261 0.5 0.06057540145127867 0.034375
6 0.6859027174310444 0.4484375 0.05734127404661713 0.03125
6 0.7379711928362731 0.27734375 0.06715278366526398 0.04375
0 0.3052802000078492 0.43046875 0.061919646641955414 0.028125
0 0.31575639773826375 0.3765625 0.06359127404661713 0.03125
7 0.7604935227806727 0.2140625 0.08337798439090349 0.0609375
1 0.5339979331328083 0.61484375 0.06101191106992552 0.046875
4 0.10238088930074325 0.46875 0.09958333774894798 0.0328125
10 0.22583329138499425 0.31171875 0.0906994110699257 0.046875