11 0.2436823844055897 0.6772368513685438 0.0790705573706945 0.04153406667727229
11 0.435760781632048 0.6841606553946336 0.06500805737069441 0.0413704346753633
6 0.23670895184427038 0.5067970820337258 0.07260235182361115 0.03208634134309048
6 0.6256987166619093 0.5144492340865415 0.053852351823611144 0.03186816534054522
8 0.5302387866660412 0.6203986947405875 0.06340918977951393 0.03978975334181776
8 0.2474081028704509 0.617889123368862 0.0789250870059723 0.03528406667727211
10 0.42469730148368007 0.62229645472627 0.06813305737069446 0.041406797342454026
7 0.5357062302452771 0.687668010741542 0.06842399810013902 0.05390679734245403
5 0.4275690347661801 0.5660646360598154 0.060138719414791764 0.03350339067472703
5 0.6209897668144091 0.6831901434197688 0.06344555737069442 0.04135225334181776
2 0.5327481504574996 0.5125861947405875 0.0679875870059723 0.03515679734245421
2 0.4272066652751384 0.5144839547262701 0.07260235182361115 0.03208634134309048
0 0.5276781375397218 0.5625407414067239 0.05853985182361114 0.031922709341181486
0 0.24164971856177037 0.5631198073679075 0.07572735182361115 0.03212270401018138
4 0.3393787037441315 0.5611311407144978 0.08052395459715278 0.03686474801081765
1 0.3402859338924995 0.622877162714816 0.08848192496187508 0.043205654678545