11 0.5765278167823737 0.2634629549241267 0.0400099303072194 0.07362159057054055
11 0.4714856527172232 0.25818260360021916 0.03375993030721922 0.07333049214211718
8 0.4226885433687288 0.36218305293826536 0.03365080290255769 0.07020549214211709
8 0.5791295163268868 0.3603743422276796 0.036393856986241604 0.059413541356328814
6 0.5944073198624167 0.5513803318885974 0.03935516587924912 0.05487159057054054
6 0.3715328150530932 0.5555007134011821 0.036393856986241604 0.059413541356328814
10 0.4796379478152325 0.3571830297789016 0.03693949400955034 0.07503854135632881
7 0.4141543023544035 0.25224512675958294 0.04061013103285873 0.09080909057054054
5 0.3668527164195541 0.2646210022763116 0.040228185116542824 0.07987159057054054
5 0.4829936155085802 0.4532767797789015 0.03623016587924912 0.05472604135632899
2 0.42691971949959695 0.5505734648489241 0.03812004809323426 0.06417381596343467
2 0.4862401557972661 0.5462455297789015 0.036339293283910834 0.05785104135632899
0 0.5870908384667383 0.453906018406362 0.0379563569862416 0.05948631596343468
0 0.4263443114248962 0.4668705529382654 0.033323420688572546 0.06083049214211726
4 0.5317857795737307 0.4611770169586199 0.03812004809323426 0.06417381596343467
1 0.5248686022617363 0.35272881617283175 0.03710318511654283 0.07972604135632881