11 0.4298339875069681 0.2862770503276068 0.033230656517662285 0.07244774431795716
11 0.31885103571157003 0.28040097159308097 0.04262383723582168 0.07573638555165915
6 0.44403842983439645 0.5790276120160042 0.033157933645025395 0.05994774431795715
6 0.20270035752749357 0.5949601237838317 0.056586343285945875 0.05879434740221221
8 0.26247883674484235 0.3946777057647684 0.0473295179539809 0.07894320616851011
8 0.4288487253085238 0.3855230738665572 0.03784543364502539 0.0600295649348082
10 0.32571008976990445 0.3849793774372796 0.04885565651766246 0.07272047970746058
5 0.20563341822512737 0.2933158031669806 0.0535795179539809 0.07905230032431163
7 0.25320330981387096 0.27764021022899527 0.05990224082661779 0.09166139448011297
5 0.32784528239192035 0.48338960389832925 0.041006795081344014 0.06633411201270896
2 0.32527933947531684 0.57953790097623 0.04095225292686626 0.05695911201270896
2 0.26440547198887415 0.5915390689952933 0.04726588544042354 0.06800570616851012
0 0.43955494203284073 0.47987704586338 0.034747704722264315 0.06466251785690744
0 0.26620834562363693 0.49852940868686774 0.04409543364502548 0.06013865909060954
4 0.38101573418731843 0.4902748035740177 0.03942611436318479 0.0631818384737585
1 0.3756873638722054 0.3802003741908687 0.04110678903121974 0.08352161201270877