11 0.9309888076656307 0.20032879636127077 0.061743083446228295 0.0780298247398008
11 0.950804419944674 0.3990562234304923 0.06116987336031983 0.0670923247398008
8 0.8707916140880657 0.20270020183376625 0.057137470601357876 0.07934666327441156
8 0.8864730042954132 0.5019189518337662 0.05788109905006067 0.06380355042954129
6 0.7458768232694628 0.1959289806665815 0.04768058344622812 0.07729284034363304
6 0.7703334271807631 0.602796456356322 0.04694359905006031 0.06323034034363299
10 0.8885534034363305 0.39213451605811744 0.07539614767057934 0.0709543091359686
7 0.9601390581178861 0.5064592876548435 0.07972188376422765 0.07317190637700648
5 0.8222290405914603 0.39717722015113194 0.054919873360319824 0.06676477611928178
5 0.9580790886461525 0.5976574977407518 0.06454053482570928 0.07194359905006031
0 0.8078821783124169 0.1981631880389563 0.0543400192218769 0.08543288896415206
0 0.8213835928300238 0.500629768771651 0.056400486205190156 0.06528416327441153
2 0.7612915405914602 0.4003708192011922 0.05113313206674697 0.08370661465389251
2 0.7676001735627185 0.5057986256236273 0.056318599050060314 0.06372166327441153
4 0.815466706240721 0.29804035730626166 0.06700379353213641 0.08921298620519007
1 0.88688800486124 0.30056449174785793 0.07958568068726599 0.09143058344622812