11 0.2299032477220999 0.36015828825595697 0.07727513154179624 0.04255568114108117
11 0.4146954766754125 0.3577844973139128 0.05861613680346807 0.0432448858558109
8 0.5176909450347942 0.2883195597626909 0.06715667889684288 0.05610875889134013
8 0.2378669371422865 0.3036899644346394 0.07607665258848365 0.04873290653397531
6 0.23504431598265962 0.19162661207727455 0.07800317363517104 0.05505568114108117
6 0.6237882975668082 0.17897448490791604 0.06568518415851479 0.05759848428423431
10 0.4121766924039584 0.29401309574233625 0.06881018415851474 0.057744033498446076
7 0.5140052319370844 0.3516008097626909 0.06835515785015538 0.04993153349844599
5 0.5984712371987563 0.3461084809789746 0.06486613680346806 0.04353598428423435
5 0.4191316186699653 0.24148740922457163 0.06697466837349922 0.052983758891340216
0 0.23089587130080122 0.24947549938082747 0.07616765785015547 0.05029540653397531
0 0.5209216318241449 0.23285080976269096 0.05916216837349921 0.0526198858558109
2 0.42544180282848 0.18665436001035993 0.07515118942018657 0.05959763192686944
4 0.32983390023999637 0.23629694913315843 0.0832367052052021 0.06464900496239875
1 0.3300999397731224 0.2986150126153938 0.09059417889684288 0.05720037799792799
2 0.5295300633518236 0.17868984863782042 0.06568518415851479 0.057598484284234266