9 0.18045004840099363 0.13328135942305538 0.03784543364502548 0.060247822188333355
9 0.17053871721529618 0.22568706497013874 0.040934072208707 0.05407055737069451
9 0.2371807956705191 0.31787325854937476 0.034656801131468205 0.04923758700597229
9 0.1619843111886131 0.621926285334861 0.03935339149054777 0.05090918977951393
9 0.22780423302797778 0.7211619127096873 0.034647710772388506 0.0476750870059723
9 0.1529946096878026 0.8244518732907637 0.037809072208706995 0.05399782218833345
3 0.46402561768283446 0.12980564162378433 0.023782933645025393 0.05992051386770836
3 0.3490308349963264 0.4269735419843747 0.025272710772388508 0.04745688145888884
3 0.44955248888171023 0.6035158985576385 0.023710210772388506 0.04742051386770836
3 0.44582752518245544 0.7067136337399995 0.022129530054229286 0.04425914627652787
3 0.45145029040596185 0.8143806633752775 0.025327252926866172 0.056831881458888844
11 0.11483413876007327 0.13324629825263878 0.053579517953980894 0.07936149810013893
11 0.10170586222188538 0.5100633713909026 0.056559072208707 0.05443423328249999
5 0.513860949457707 0.425480511114826 0.028434072208706952 0.05377961664124999
5 0.5116156307650415 0.8114180111148259 0.03010565651766246 0.07256598423243048
8 0.4082245486955812 0.32248475731510384 0.03164088544042354 0.06791485182361115
2 0.3979354467272326 0.614091029066597 0.03785452400410509 0.06181032218833345
6 0.15587014569396024 0.7329910719039929 0.05663179508134393 0.06693423328249999
6 0.33796502820751756 0.7178167475314581 0.03469316256778665 0.05548758700597212
0 0.29260863905466084 0.323613459062465 0.0394261143631847 0.06340918977951393
0 0.3504029583365016 0.3253928581887844 0.034720433645025396 0.060175087005972294
7 0.08863264871902235 0.7431486283247569 0.0754545179539809 0.07987064437666672
1 0.5152183954975685 0.5949572097280551 0.0363011143631848 0.06333645459715279
4 0.4038693676828345 0.13120579388423578 0.03806360226293637 0.09774782218833336
10 0.23228019311299525 0.22034429511850676 0.056777240826617795 0.09193423328250008