11 0.6066486095737815 0.6081554719888741 0.03848184740221221 0.056468168617910666
11 0.7178724817327602 0.6252071374835271 0.04788412094116268 0.058085210772388506
8 0.6119889001588605 0.5113213786047324 0.04155230032431163 0.05336134933607006
8 0.7706781075451866 0.5177128000513136 0.05117276217486477 0.0674783914905479
6 0.5976558445595431 0.31672649609117515 0.033903441558013545 0.06269089754067192
6 0.8214615373353726 0.33912016743956047 0.05421594155801364 0.06280907220870695
10 0.716017881084137 0.518957137483527 0.05421594155801355 0.06280907220870695
7 0.7827298685022352 0.6263656373853312 0.0683329886359143 0.06601588544042372
5 0.7120104452081663 0.42363100194490755 0.04802048863591431 0.06589771077238851
5 0.8248628214243346 0.6234860770804808 0.0524352532464107 0.05029998184962743
0 0.5993740775134146 0.41516399609117516 0.035465941558013726 0.06269998789975162
0 0.7674382848997408 0.4216099596922341 0.05418866801906326 0.061246572208706995
2 0.7689814196406211 0.3310031404103933 0.05281708279171564 0.07217498184962742
2 0.7127450564100963 0.331457137483527 0.04799321509696384 0.0643352107723885
4 0.6610655539744642 0.41396056527482 0.05273526217486459 0.06748748184962743
1 0.6667854943146618 0.5178895411725191 0.05106366801906326 0.06122839149054773