9 0.5096090048712639 0.18949507113072123 0.02907957386326192 0.05599744292790545
9 0.4476527013005415 0.28981824875714574 0.02414661201270878 0.04171661910658786
9 0.5108736757329962 0.38580714495203877 0.02261138555165907 0.04320634449948209
9 0.5084911952147568 0.5670935322555918 0.022584112012708955 0.04164384449948209
9 0.415910408690163 0.7645078796505579 0.029025026785361164 0.05287244292790536
9 0.5145194582036956 0.8488529545053328 0.024501168019063258 0.06202911910658813
3 0.24586886972993716 0.8754346093866783 0.03541139448011297 0.060976041356328635
3 0.24076613271558064 0.675034349047596 0.03522047970746058 0.05003854135632899
3 0.2954320876662749 0.5892274356891951 0.032013659090609534 0.04520549214211709
3 0.40363214570122424 0.48245735897239345 0.02584547970746054 0.04960189371369381
3 0.3405123571447402 0.29108318817039447 0.030587526785361162 0.052945217535011316
3 0.3954783210238881 0.18808877481199363 0.029052300324311543 0.05443494292790545
11 0.5663635653418453 0.1632087069865321 0.03253185633066593 0.07489299214211717
11 0.5708376420510716 0.8475665903611436 0.030996629869616397 0.07638271753501122
5 0.17824458766627488 0.5837693401562558 0.05416139448011292 0.061849336641599174
8 0.4665904728141923 0.8622583289886041 0.03266822402541756 0.08270549214211727
8 0.45070378896352115 0.3837865725784633 0.038536394480112965 0.06112159057054054
2 0.40184572889997694 0.5848011089723935 0.039989800324311583 0.054944365177646406
2 0.5080544131510946 0.2785575711307212 0.02940685633066593 0.07474744292790544
6 0.5606655754914103 0.6688230062007439 0.02910684740221221 0.05755994292790554
6 0.1642947305215347 0.30789604487098554 0.05561480032431154 0.05567211124870504
0 0.5123349898570255 0.4812651941662505 0.03066934740221221 0.05763271753501122
7 0.5637553936726294 0.5813957808078497 0.03557503571381489 0.07035104135632882
1 0.23059406615591943 0.4962907648871962 0.06356366801906325 0.06384848428423436
10 0.19179897849623512 0.8822988854415261 0.06109323295387141 0.10120293507002245