11 0.33828125 0.61875 0.040625 0.06171875
11 0.228125 0.63984375 0.05 0.0640625
6 0.12109375 0.3484375 0.06328125 0.0609375
6 0.34296875 0.32421875 0.0390625 0.06328125
8 0.171875 0.52890625 0.053125 0.06875
8 0.33203125 0.52109375 0.05 0.05703125
10 0.2265625 0.5296875 0.06484375 0.06484375
7 0.16171875 0.63515625 0.0734375 0.06328125
5 0.12109375 0.6375 0.053125 0.04296875
5 0.23046875 0.43515625 0.04921875 0.0578125
2 0.1734375 0.34375 0.05625 0.0671875
2 0.228125 0.34140625 0.05078125 0.06171875
0 0.17421875 0.4328125 0.05859375 0.0546875
0 0.3421875 0.4265625 0.040625 0.0625
4 0.278125 0.42265625 0.05859375 0.065625
1 0.27578125 0.53203125 0.0578125 0.06484375