9 0.8121622403132633 0.5275574517032243 0.05054551386770845 0.024892351411925872
9 0.7175959291428468 0.4647284942605193 0.041206881458888844 0.026182066772189573
9 0.6138520268823953 0.5278626432443049 0.03800914627652787 0.022966138558944315
9 0.43365603381624956 0.5213949975592246 0.03800914627652787 0.022966138558944315
9 0.25079094206062463 0.42834499419401223 0.04742051386770836 0.02480142319868044
9 0.15093445279420095 0.5257177508579298 0.06304551386770836 0.02525606426490725
3 0.16812717847725672 0.25664950211157106 0.05705008700597225 0.03601170783841656
3 0.3681089946816664 0.25161134646386785 0.053925087005972296 0.03592077962517113
3 0.44559690862562473 0.3102529090794225 0.04135235182361115 0.03243206677218975
3 0.5344210596518051 0.41853075884199564 0.04433188145888885 0.026272994985435005
3 0.7333319915475344 0.35887329935422646 0.04440461664124999 0.029397994985435095
3 0.8303875230826734 0.4153840606369975 0.0552693814588892 0.026591243731793845
11 0.1449195357161106 0.5828853931777979 0.08034211664124999 0.030443669437756782
11 0.8256240218484022 0.5865005426903089 0.07427395459715277 0.03807431301126592
5 0.4694000441685763 0.19323289364001628 0.055851262917777686 0.05159124373179384
8 0.6238459291428468 0.46745634065788016 0.05861258700597212 0.0360571719450391
8 0.14581184812079823 0.4774621072844205 0.07885235182361114 0.033523205331134065
2 0.7208832768823953 0.5247483519406513 0.07881598423243048 0.031960705331134064
2 0.4314233462209371 0.41606263987909264 0.04927395459715278 0.03734688730530311
6 0.3246797708984717 0.5745320209161895 0.05850348423243066 0.03136967194503928
6 0.7452540293509373 0.18208347882111306 0.06366376291777787 0.05181856426490725
0 0.5186122620647564 0.5275109537482884 0.05225348423243048 0.03118781551854859
7 0.4112530505337495 0.5782587629986307 0.0711125870059723 0.03642088479802066
1 0.547832862272847 0.24482047420225955 0.06075696846486114 0.061102636051661906
10 0.16861879416857622 0.20198473416488238 0.09513196846486113 0.06210284639736088