9 0.2538129724038599 0.19634642286891352 0.03217730032431154 0.054580492142117173
9 0.2534526879078609 0.3065754474760194 0.035193206168510204 0.04847604135632881
9 0.24795093587926603 0.39779976095825476 0.03195911201270887 0.042080492142117176
9 0.24384804261696907 0.49847184904759595 0.035165932629559825 0.04691354135632899
9 0.23993606412732457 0.5882064371369372 0.03511138555165925 0.043788541356328994
9 0.23420248701765178 0.6927120006191725 0.03524775324641087 0.051601041356328994
9 0.22482175852800723 0.7821918775836433 0.035302300324311545 0.05472604135632882
9 0.225542732960462 0.875269789494302 0.03543866801906326 0.062538541356329
3 0.5389595397743 0.2549766759692854 0.025954573863261922 0.05585189371369372
3 0.5262219862035776 0.35759225371954445 0.025818206168510115 0.04803939371369372
3 0.5205429561718055 0.45897281720177985 0.025790932629559827 0.04647689371369381
3 0.5196332467568844 0.5558842045053327 0.025736385551659247 0.043351893713693815
3 0.5064144521146157 0.6412758949520387 0.025763659090609535 0.04491439371369381
3 0.5072172471639215 0.7296663068626976 0.022693206168510116 0.047893844499482086
3 0.5024285612879508 0.8248332576484859 0.02439207386326192 0.05577911910658777
3 0.49524157833407934 0.9230160465236154 0.026036394480112968 0.06053939371369381
11 0.1616166006552137 0.8644735306029618 0.04980117694751698 0.08038101282028158
11 0.19010502841021432 0.1730501639775734 0.05289890340856664 0.07896406203449331
5 0.5561790783340793 0.9258542562007438 0.034230724025417734 0.08277826674922295
5 0.6005282853100732 0.26644502294996675 0.03856366801906326 0.06268409057054054
8 0.17833963961214425 0.2647646290313853 0.06041139448011288 0.06214043507002263
8 0.15698937622275894 0.7712136821745385 0.06068412986961631 0.07776543507002262
2 0.5947947082004004 0.3709505864322022 0.04160684740221221 0.058142139784752266
2 0.559241622976348 0.8399895308078495 0.03872730925276535 0.07205909057054072
6 0.1663564679429283 0.6825150552100677 0.051090941558013636 0.06482878742738726
6 0.1724560580382446 0.37786394251362065 0.05103639448011292 0.06170378742738745
0 0.5822617061718055 0.46184741418246117 0.032122753246410875 0.05145549214211709
0 0.559288261774418 0.7477292562007438 0.03228639448011279 0.06083049214211709
7 0.16889686120522523 0.5817701925136207 0.06531708279171564 0.07485875889134022
1 0.5661888725693109 0.6659527173256142 0.040426176947516976 0.0799443651776464
4 0.5758968835263596 0.5577228403611436 0.038509120941162676 0.05955909057054072
10 0.1652963486233235 0.4744842313887501 0.0667159415580136 0.0655565334984459