9 0.7747917483506473 0.1595354942035076 0.03931856426490725 0.06337282218833336
9 0.7791178840065978 0.2526678983638201 0.03596624373179384 0.0554875870059723
9 0.7725747158224824 0.3432019793858687 0.037483279625171305 0.05396145459715278
9 0.7703098706787627 0.4479076631814589 0.038772994985435 0.044622822188333446
9 0.7691672563347132 0.5409127807726396 0.038772994985435 0.044622822188333446
9 0.7677973214575502 0.6417303983638201 0.038772994985435 0.044622822188333446
9 0.7658734571135006 0.7347173321594104 0.038954851411925874 0.050872822188333444
9 0.7688955055432903 0.8458003025241325 0.03596624373179384 0.05548758700597247
3 0.50139971245727 0.15160866574691015 0.023602636051661817 0.059884146276527786
3 0.49616899168672984 0.25077286436013935 0.023329851411925874 0.050509146276527785
3 0.49417693118274625 0.34610354815572963 0.026363923198680438 0.04745688145888884
3 0.4971451553184988 0.4321683347248616 0.024665030878812288 0.04273301386770818
3 0.4867866653476286 0.5194864967689587 0.02305706677218957 0.04113414627652787
3 0.48624344457708835 0.6187597981557296 0.024710494985435004 0.04429551386770836
3 0.48480531353999134 0.7219211657469102 0.024710494985435004 0.04429551386770836
3 0.4754864863429605 0.827244445382188 0.026591243731793845 0.05526938145888884
11 0.8403712842440246 0.162625433033091 0.05227320533113407 0.07928876291777782
11 0.8325260965303748 0.8621351237625354 0.05847774122451135 0.0778717332825
5 0.4145944504495832 0.8242636093261462 0.03320495658477536 0.06791485182361115
5 0.44034855219071334 0.15409657969086843 0.03655727711788863 0.07580008700597225
8 0.841458478821113 0.7700930941272576 0.06450042069139812 0.07020470364722228
8 0.8454559378466637 0.2565572709889938 0.06307431301126627 0.07485583605604171
2 0.43929686605990914 0.24397669728204896 0.03954588479802066 0.07118532218833344
2 0.4177314738065482 0.7164511093261462 0.04065374373179385 0.05559668977951393
6 0.8397622158224823 0.34476578580663264 0.05485263605166182 0.060611498100138925
6 0.8448455547645028 0.6536868441272576 0.05659699247815268 0.0668978656913195
0 0.44210596582248235 0.33551023385118095 0.031324207838416385 0.05694098423243057
0 0.42903033815059766 0.6236823810776393 0.029716243731793844 0.055342116641249994
7 0.8421621386254514 0.45036182237576466 0.06780727711788899 0.07652743882958327
10 0.8484683114284204 0.5560487779228479 0.07222199247815268 0.06726154160312507
4 0.4310451307078925 0.5275704472820489 0.03610263605166182 0.060175087005972114
1 0.4381111361181689 0.41906761626000033 0.03968227711788863 0.07587282218833344