11 0.7472523790145293 0.21640625 0.07901911465389269 0.046875
11 0.5523083712126132 0.209375 0.0666828889641522 0.05
8 0.739371279964469 0.27734375 0.08033595318850324 0.0421875
8 0.44882816711959883 0.27578125 0.06495661465389269 0.046875
6 0.7440853561746079 0.39609375 0.07680151741285464 0.034375
6 0.35045818690730257 0.39375 0.057969630257724794 0.0328125
7 0.4455227826780025 0.2046875 0.06922803482570909 0.06875
10 0.5575856914298584 0.27265625 0.06857293758467123 0.05625
5 0.5512261488022331 0.334375 0.06462906603337366 0.040625
5 0.3553514840574835 0.2109375 0.07762038896415202 0.05
2 0.44120601763999723 0.39140625 0.06775406603337367 0.040625
2 0.5481963240624322 0.3921875 0.07680151741285464 0.034375
0 0.7456345680695385 0.33671875 0.07836401741285463 0.034375
0 0.450939543759279 0.33984375 0.06446529172311415 0.0375
4 0.6440720680695385 0.33671875 0.08683161465389269 0.046875
1 0.6452494657401179 0.26953125 0.08732293758467122 0.05625