9 0.15026011699546335 0.3072328853615328 0.05954771682251274 0.0321068458553869
9 0.2392908007386847 0.2981351165784525 0.054851126463433084 0.03035334486680368
9 0.33072432181592354 0.29909809730108056 0.0532977168225127 0.031852177870609386
9 0.4322913669954634 0.29574099254844516 0.04235112646343318 0.029844008897248565
9 0.5229118218159235 0.2912670567691705 0.0439227168225127 0.03147017589344294
9 0.6236839814568439 0.2855980355146322 0.0454943071815924 0.03309634288963732
9 0.7127510266363837 0.28275026673155185 0.04705680718159222 0.0331600098858317
9 0.8236567103796052 0.27276116000175005 0.0532977168225127 0.0318521778706093
3 0.14477422803899836 0.5731443868444076 0.056395445745273866 0.027292011862997966
3 0.24244411357761778 0.5715089495822581 0.05328862646343317 0.030289677870609388
3 0.336970818398078 0.5668758463124973 0.05013635538619425 0.025474843878220455
3 0.4220997973208391 0.5587184950199031 0.04389544574527378 0.026782675893442943
3 0.511212294295777 0.5636832262368228 0.040770445745273776 0.026655341901054185
3 0.608064568398078 0.5558296224727706 0.04391362646343318 0.029907675893442943
3 0.7127611587571575 0.5531264337277463 0.047038626463433174 0.030035009885831698
3 0.8190566105525556 0.5566095779865277 0.05328862646343317 0.03028967787060921
11 0.14911525263227865 0.24476471885963003 0.07525453005422929 0.04680601581733086
11 0.8389090056573408 0.20806199003980613 0.07684430113146803 0.05155718281352521
5 0.1506111375817229 0.6362028023577272 0.07522725897699045 0.04211851581733086
5 0.81709011045436 0.6215488284808192 0.06744203005422937 0.04648768083635879
8 0.24280616529826116 0.23078844908796653 0.07063066256778665 0.05755251482874755
8 0.7443504845801019 0.20722634330956682 0.061246572208706954 0.055608012851581255
2 0.7108264749157404 0.6235344342220379 0.056522710772388504 0.04916701186299814
2 0.23888329722264326 0.6310431170727441 0.06587953005422928 0.04642401384016441
6 0.3311328670936592 0.23500376380298338 0.06275453005422929 0.046296679847775656
6 0.6310737797596417 0.21262345053366022 0.06119203005422928 0.04623301285158128
0 0.3286997761454044 0.6226947647915666 0.059574987899751616 0.0367943458553869
0 0.6170310231203423 0.6195419539937014 0.05490566861791084 0.039728344866803766
7 0.4311146863755 0.22780407604654235 0.07063975292686617 0.05911501482874763
1 0.41231170686356367 0.6224135804951667 0.07058521077238851 0.04974001482874755
4 0.5201560231203424 0.6234893077577536 0.05963862041330899 0.0477318458553869
10 0.5349709394005621 0.2149764707996153 0.06282725292686617 0.05879667984777566