9 0.68359375 0.146875 0.0296875 0.06171875
9 0.68984375 0.2375 0.02890625 0.0546875
9 0.6859375 0.32890625 0.02890625 0.05078125
9 0.68515625 0.43125 0.0296875 0.04140625
9 0.6875 0.521875 0.02890625 0.0421875
9 0.68984375 0.621875 0.02890625 0.04375
9 0.68984375 0.71171875 0.0296875 0.04609375
9 0.6953125 0.82265625 0.02890625 0.053125
3 0.41796875 0.14609375 0.0234375 0.059375
3 0.4171875 0.2453125 0.02578125 0.0546875
3 0.41796875 0.33984375 0.0265625 0.046875
3 0.42421875 0.425 0.025 0.04296875
3 0.415625 0.5140625 0.02578125 0.04375
3 0.41875 0.61015625 0.0265625 0.04375
3 0.41953125 0.71484375 0.02890625 0.046875
3 0.41171875 0.82109375 0.02734375 0.05859375
11 0.746875 0.1453125 0.04296875 0.078125
11 0.759375 0.83671875 0.04765625 0.07578125
5 0.35625 0.15390625 0.03671875 0.0734375
5 0.3484375 0.82109375 0.0390625 0.0703125
8 0.75546875 0.2375 0.05234375 0.07421875
8 0.7640625 0.74375 0.053125 0.0640625
2 0.3578125 0.24140625 0.0421875 0.06640625
2 0.34765625 0.7140625 0.0453125 0.059375
6 0.75 0.328125 0.04140625 0.0609375
6 0.7625 0.6296875 0.04375 0.06171875
0 0.36328125 0.33203125 0.03515625 0.06015625
0 0.35625 0.61953125 0.03671875 0.05234375
1 0.36015625 0.415625 0.0453125 0.06875
4 0.3546875 0.52265625 0.04453125 0.06015625
10 0.76328125 0.5328125 0.05703125 0.06328125
7 0.75390625 0.428125 0.05390625 0.0703125