9 0.3557921390583332 0.19588272976711835 0.026200130508958353 0.05214438145888893
9 0.35951459147128445 0.3046219501318406 0.027617160144236142 0.04593074905006951
9 0.3582047049784024 0.39448388392743083 0.026018292553055565 0.04433188145888885
9 0.35823911293843713 0.49375718531420165 0.029216027735416716 0.047529616641249994
9 0.35849172644555505 0.5836554867009726 0.026018292553055565 0.04433188145888885
9 0.3577448844055897 0.6829106042921531 0.02623649810013893 0.05370688145888884
9 0.35092988032152717 0.7742077515186114 0.02623649810013893 0.05370688145888884
9 0.3559063614198257 0.8626526556789239 0.02645470364722229 0.06308188145888885
3 0.6176978466021869 0.8656192272016672 0.029543336056041626 0.06159211664124982
3 0.6223145710509715 0.7680175285884381 0.030923998100139016 0.053815984232430655
3 0.6222256117041661 0.6710879772016672 0.029216027735416716 0.047529616641249994
3 0.6163769616279161 0.5865311392457644 0.030633057370694418 0.04131598423243048
3 0.6277885467340274 0.49924934479284777 0.029143292553055568 0.04440461664125017
3 0.6253558373872219 0.4022652420193061 0.03074216014423605 0.046003484232430655
3 0.6278106497919096 0.2967964920193061 0.03081489532659738 0.04912848423243066
3 0.6372967121965971 0.1914913961796186 0.03248649810013902 0.053852351823611144
11 0.2940603248506937 0.866684885827292 0.03924564437666671 0.07587282218833344
11 0.2951273959921873 0.18274564371107666 0.045459276785486225 0.07445579255305557
5 0.6811427507624993 0.8600608646444797 0.04386040919430556 0.07285692496187508
5 0.7006870649701387 0.18827678362243114 0.04535017401194459 0.06976829255305557
8 0.2875129581125345 0.2748058571419447 0.0512728656913195 0.055851262917777866
8 0.2868491965259369 0.7734979302802086 0.0484751740119445 0.06984102773541671
2 0.6997038335874998 0.2976881512136117 0.05145470364722229 0.06366376291777787
2 0.6816532034597911 0.7709619970532992 0.05152743882958326 0.06678876291777787
6 0.2943908992232286 0.6845627168493406 0.03895470364722229 0.06337282218833344
6 0.2887643739563538 0.38895927611989606 0.03880923328249999 0.05712282218833335
0 0.6790386561570828 0.6817903942797574 0.04193423328249999 0.057195557370694414
0 0.6896910943210761 0.39203756325770894 0.04502286569131932 0.055705792553055564
7 0.2943383074676037 0.5860706654625697 0.04854790919430565 0.07296602773541672
1 0.6833644398764231 0.5966886956665285 0.054725174011944586 0.06998649810013902
4 0.6905613036678815 0.4889852984400701 0.05450696846486114 0.060611498100139015
10 0.2858192522811107 0.4819098423243059 0.051381968464861136 0.06053876291777769