5 0.5192326317620127 0.8527844741545489 0.032051633544379496 0.08263271753501159
2 0.51898492768452 0.7636128122438903 0.036511813011265916 0.075038541356329
0 0.5202769915537158 0.6735871257261257 0.03311402837152997 0.06551799214211709
1 0.5186031797960909 0.5891757384225726 0.03338681301126591 0.07489299214211709
4 0.5099746743858147 0.48083669954744324 0.03619356426490725 0.06410104135632881
0 0.5079144177218972 0.3831440622438903 0.031233279625171306 0.05450771753501123
2 0.499763285431159 0.2912112733687608 0.0360571719450391 0.059413541356328814
5 0.4974302441275052 0.18414363606520784 0.0316424565847754 0.06857021753501132
3 0.5787894881885035 0.8562690390845266 0.023693564264907253 0.06351884449948172
3 0.5742945533113406 0.7555605636916324 0.025028743731793847 0.05577911910658777
3 0.5715439748606683 0.6610293136916324 0.02323892319868044 0.047893844499482086
3 0.5760292348897982 0.5732018279596559 0.026272994985435005 0.04491439371369381
3 0.5640627808123054 0.4845759756022911 0.02461956677218975 0.04171661910658777
3 0.5667354882550105 0.38822751447742065 0.024710494985435004 0.04484161910658786
3 0.5653200892712249 0.2858109898703148 0.02480142319868044 0.04796661910658786
3 0.5560012620741939 0.18063333829873818 0.02654577962517113 0.05428939371369372
9 0.8576275420285695 0.8409350217161309 0.03931856426490725 0.06424659057054072
9 0.8620218738444538 0.7499825359841547 0.040699207838416386 0.0580693651776464
9 0.8561917595004044 0.6571593351983662 0.03904577962517095 0.05487159057054054
9 0.8547536284633075 0.5539615605912604 0.038772994985435 0.045496590570540715
9 0.8543695320659467 0.4601023986806016 0.041897994985435005 0.04564213978475244
9 0.854516633082161 0.35761309946638997 0.04029003087881229 0.044006865177646404
9 0.8518115187381115 0.2646443494663899 0.04359688730530316 0.05040241439185813
9 0.8548108351145899 0.1526345010379665 0.040699207838416386 0.05806936517764645
11 0.9224712920285695 0.8379148755212379 0.055489133544379496 0.08372433664159899
11 0.9185096222616084 0.13715074214662634 0.0645913489046432 0.0747859842842343
8 0.9298996956312087 0.7436918405750499 0.06463681301126592 0.07634848428423417
8 0.9298312186589692 0.23050048180754415 0.07047763605166182 0.06257708271265772
6 0.9249417595004044 0.6539572524857086 0.061193564264907255 0.06526543507002262
6 0.9316557946023589 0.34697950641465003 0.061102636051661816 0.06214043507002263
7 0.9282138605166189 0.551322404057285 0.07718227711788898 0.07849318114108109
10 0.9360370692129651 0.44378173180754416 0.07838106426490725 0.06606595574818694