11 0.2966840170987496 0.48887404935917866 0.044986498100138925 0.05465278366526398
11 0.2930829723614925 0.677182581210344 0.04825696846486114 0.06101191106992569
6 0.47054301044923585 0.30885671106207646 0.031214938829583438 0.06666171034428618
6 0.4646852154276383 0.6949033384667381 0.03270470364722229 0.06359127404661713
8 0.3500960385659022 0.6799554063454203 0.04229790919430556 0.07329365626060227
8 0.3605120873872219 0.40040431560124745 0.042079703647222286 0.06391865626060227
10 0.3526612601648954 0.5025570926430893 0.05152743882958344 0.0673710384745874
7 0.2982484767298955 0.38806551750801316 0.06119337955902786 0.08019842068857255
5 0.30864242249333307 0.31102186787083286 0.046985409194305564 0.07345734736759484
5 0.4105283115516663 0.5022321996293311 0.04048083605604167 0.06230159255827132
2 0.466053572569583 0.4009623655085802 0.042188806420763926 0.06860615626060226
2 0.4629811643252079 0.4993725836574147 0.03274107123840277 0.06515377404661712
0 0.4190331022048608 0.4055754544386545 0.034230836056041804 0.0620833377489479
0 0.4061642006099994 0.6897321996293311 0.03582970364722229 0.06370040145127884
4 0.41087184403673566 0.5882515451828274 0.04680357123840277 0.06564484736759475
1 0.3468638954235065 0.5836706833872622 0.0547251740119445 0.07060516587924912