9 0.83352160985821 0.6716756701626725 0.060193353919208194 0.02985263605166182
9 0.744254521378408 0.6761154660851798 0.053943353919208195 0.029670779625171305
9 0.6529619316449647 0.6695495658477528 0.053943353919208195 0.029670779625171128
9 0.5513994316449646 0.6665943989172787 0.044477425705962935 0.026272994985435005
9 0.463853967538342 0.6656109089464085 0.044522889812585474 0.027835494985435007
9 0.3614420213784079 0.6649767599626228 0.044568353919208194 0.029397994985435005
9 0.2723567893250966 0.6631665558851301 0.04925585391920828 0.029534387305303157
9 0.16360391495191723 0.6654755504748537 0.05394335391920828 0.029670779625171128
3 0.8395970797708205 0.4091302060560499 0.05541492570596276 0.026591243731793845
3 0.7412050438774431 0.404703467338821 0.053943353919208195 0.029670779625171128
3 0.6458698118241317 0.4027114068348374 0.046085389812585476 0.027880959092057723
3 0.5612902233443297 0.4072875950772127 0.04447742570596276 0.026272994985435005
3 0.4740630079840658 0.3953666051063425 0.04139788981258565 0.027744566772189748
3 0.37627036566419775 0.3972125984424249 0.04300585391920819 0.029352530878812465
3 0.2723641156641977 0.3941892353520166 0.04769335391920819 0.02948892319868044
3 0.16788120414399982 0.384111890208297 0.05394335391920828 0.029670779625171128
11 0.8356092955933029 0.7342893304292293 0.07774456677218984 0.04285274122451135
11 0.14772285068701 0.7275663735152496 0.07631845909205773 0.04749477711788863
5 0.8351883760890392 0.34566709962955916 0.07618206677218983 0.042807277117888634
5 0.16666569662215241 0.31839596199505166 0.0668979949854351 0.04565949247815269
8 0.7392882250601893 0.7393057878719344 0.07323892319868044 0.0489663489046432
8 0.23899270836714193 0.7349135237526764 0.06395485141192578 0.05181856426490725
2 0.7484241619824163 0.3447063417120003 0.07011392319868044 0.04887542069139794
2 0.2736742145688411 0.32229150329870526 0.05770485141192587 0.05163670783841656
6 0.6527058673800574 0.7320950299543756 0.06368206677218957 0.04244356426490725
6 0.35548988658038727 0.7351755996960662 0.06055706677218975 0.04235263605166182
0 0.6568360555559256 0.3482966914745735 0.06202863855894449 0.03927310015828454
0 0.36639291198241636 0.33359036764275485 0.051091138558944316 0.038954851411925784
1 0.5725974478757937 0.3411541297169487 0.07176735141192588 0.05204588479802066
4 0.46567985814235036 0.3341335884132951 0.06707985141192588 0.051909492478152686
7 0.5541774391668121 0.7323557912371467 0.07332985141192587 0.05209134890464338
10 0.4492171545270759 0.738684696093427 0.0640457796251713 0.05494356426490725