9 0.490625 0.8442910612667305 0.025 0.059665901336727244
9 0.584375 0.7463251812540037 0.025 0.05029090133672707
9 0.4875 0.5622961739338213 0.0234375 0.044022720003181706
9 0.47890625 0.38192742126832113 0.0234375 0.0408977200031817
9 0.53828125 0.2804552805935943 0.025 0.04404090133672707
9 0.47265625 0.18746889660250293 0.025 0.05029090133672711
3 0.58515625 0.1697535905872309 0.0265625 0.05343408267027257
3 0.64453125 0.26671894991250406 0.0296875 0.042532945337363515
3 0.58828125 0.46424847792014 0.025 0.04091590133672725
3 0.7 0.5551360125716407 0.03125 0.044113626670909054
3 0.75859375 0.6341417125636866 0.034375 0.05039998933799979
3 0.76015625 0.8349047812301411 0.034375 0.056649989337999786
11 0.4171875 0.17327058394336622 0.03125 0.08005112667090888
11 0.43359375 0.848860929941139 0.03125 0.0784886266709087
5 0.81640625 0.5365940032225052 0.053125 0.05374316534054522
8 0.5390625 0.8499774399268215 0.03125 0.0800511266709087
8 0.53984375 0.37184334926004886 0.0328125 0.05350680800445442
2 0.59375 0.568872343252731 0.040625 0.056722714672181596
2 0.47734375 0.2749143526018666 0.03125 0.07692612667090888
6 0.4375 0.6691279766072755 0.028125 0.05970226400381797
6 0.821875 0.259967868555096 0.05625 0.056904528007636034
0 0.4796875 0.4741058306015485 0.028125 0.05345226400381797
7 0.43046875 0.5832722926082299 0.034375 0.07071248933799978
1 0.7625 0.45597125922982296 0.0625 0.06166475334181776
10 0.81328125 0.8350678658895958 0.065625 0.09763861600890858