9 0.1606502177240972 0.7259416027437753 0.06450211575678066 0.03801521046687384
9 0.25021324666329237 0.7293480528284799 0.05512711575678066 0.03746917889684287
9 0.3441837835655825 0.6603789739739894 0.05007559471009326 0.030946163111827296
9 0.6368332861258313 0.7185885031955334 0.04575211575678075 0.0369231473268119
9 0.7386618256589573 0.6499456480326835 0.05182010523343692 0.03416216837349921
9 0.838388080850042 0.7201755770707007 0.055127115756780753 0.03746917889684287
3 0.16099403903901582 0.449204797496221 0.05752407366340586 0.025151189420186525
3 0.45210342840273265 0.5482668398719445 0.04199007892507787 0.025803636803468068
3 0.6301458574407499 0.4422612216255022 0.04502407366340577 0.024423147326811723
3 0.7334983705949295 0.4401611243551601 0.045115078925077864 0.0259856473268119
3 0.8403021074407497 0.4300210139306385 0.05292757892507751 0.026440673635170952
11 0.5292629808076896 0.7828623767742345 0.05585515785015538 0.04996917889684287
11 0.15652343082180709 0.7896778790521347 0.08388915258848365 0.050044773606936134
5 0.4543121285580245 0.38430305040940554 0.056689615756780755 0.0375601841585147
5 0.8421761496047118 0.367983745514787 0.07057010523343692 0.03525423151356133
8 0.3519067363517102 0.4968779160955991 0.06570059471009326 0.03185621572854593
2 0.6407340179217413 0.48946244531714295 0.05816111049510884 0.036088689420186525
6 0.7372519731269433 0.5449851322476679 0.051638094710093264 0.031037168373499215
6 0.7474445624341906 0.7199851322476679 0.06210515785015538 0.05033319994353036
0 0.353483917879389 0.5508751713572709 0.06413809471009327 0.031765210466874014
0 0.3512003520379037 0.6058811897731224 0.06432010523343692 0.034890210466874017
7 0.7559087807935722 0.7845558664626523 0.07578822625188941 0.07137374203690498
1 0.6237978759271885 0.37364772951800995 0.06330363680346807 0.0441742052052021
4 0.16206298635171018 0.5079350553887287 0.09869510523343701 0.03689232622365459
10 0.2474452914580903 0.6683650501976441 0.09335515785015547 0.05215330517696728