11 0.3643582975053528 0.5121843433711455 0.04079013605166182 0.06028418977951393
11 0.3563997303374517 0.3192701447579164 0.042534492478152684 0.06657055737069442
8 0.29688833801758363 0.3159646132227775 0.04887542069139794 0.06984102773541671
8 0.297509429796091 0.6059902011786804 0.0550344924781526 0.06686149810013901
6 0.18626570440669724 0.705520035334861 0.055261813011266 0.07467399810013901
6 0.16787678793844138 0.2884780056995832 0.05843227711788872 0.07630923328249999
10 0.29763379875899404 0.5027924659963192 0.05811402837152997 0.06537173328249998
7 0.36517430291562913 0.6208326447579163 0.0461141335443795 0.08226829255305557
5 0.3642770441401405 0.6974678799402775 0.04124477711788872 0.07590918977951393
0 0.23802076952953427 0.6034659196435415 0.051864028371529966 0.0652262629177777
0 0.23382003668480014 0.2978880668699998 0.05218227711788872 0.07616376291777786
2 0.17944975158284565 0.6056109543128124 0.05677884890464333 0.07314786569131951
2 0.1795741205457487 0.5024132191304512 0.058386813011266005 0.07474673328249999
4 0.2292354882550105 0.40900740482590264 0.06302884890464329 0.07329333605604167
1 0.30062475494805796 0.41750892942718726 0.05521634890464337 0.07311149810013902
5 0.239684906439126 0.4994505668699999 0.051909492478152595 0.06678876291777769