9 0.44488798579654054 0.18205441994467392 0.024501168019063258 0.06216580732694625
9 0.44255214407637117 0.271075976367109 0.02280230032431163 0.0542714201718165
9 0.5052373303593789 0.35333959972742884 0.022693206168510116 0.048021420171816584
9 0.45873092857566533 0.6433570901164904 0.022584112012708955 0.041771420171816585
9 0.5236098603944463 0.734337294209505 0.022638659090609536 0.04489642017181659
9 0.46314787297634813 0.8382977758921392 0.024364800324311632 0.05435330732694617
3 0.7434899379111561 0.8154555766603646 0.03530230032431163 0.05492651741285437
3 0.7319814679429284 0.7131970358417619 0.03988070616851012 0.048922178878243724
3 0.7259417479747003 0.6112251000661131 0.03519320616851011 0.04867651741285446
3 0.6131122857171103 0.44500920058651144 0.028915932629559826 0.04678646879233561
3 0.7114948331987527 0.13972523631673173 0.03384889448011297 0.06109463025772479
11 0.38773400487126397 0.186096788782438 0.03094208279171564 0.07343085594746528
11 0.40096506737373544 0.5480578782215598 0.032177300324311583 0.05476274310259512
5 0.8069348291448583 0.8093970064431197 0.05728639448011279 0.06232293758467122
5 0.7839566197266419 0.4234661504956545 0.05103639448011297 0.06199538896415215
8 0.6666384805215347 0.3352114767057933 0.041825035713814886 0.07087906603337357
2 0.6818917390462467 0.62611975972248 0.05087275324641087 0.0526203889641522
6 0.6254041854755241 0.7263787092929388 0.038454573863261746 0.056652791723114146
6 0.4630854176186167 0.7522783887370095 0.032313668019063255 0.06257524310259513
0 0.6101430186709816 0.34632603912112225 0.03228639448011279 0.06101274310259504
0 0.55610040097623 0.3513134322691458 0.03228639448011279 0.06101274310259504
7 0.41125018222911336 0.7652011126177276 0.03573867694751698 0.07992651741285464
1 0.8005014172115796 0.5955834899347764 0.06668866801906326 0.06437676051544958
4 0.65658914488715 0.1493591858871904 0.048565959414921166 0.09933161465389255
10 0.5021589691574491 0.2609064382620396 0.03272277110331849 0.08601274310259513