11 0.390625 0.5142874017764644 0.0609375 0.034088209677128486
11 0.40078125 0.6225729367226525 0.0609375 0.03721320967712849
6 0.6796875 0.41837570409104796 0.0625 0.040410984284234355
6 0.7015625 0.63580079859053 0.0640625 0.03423375889134021
8 0.50078125 0.4662930115774273 0.071875 0.034597631926869356
8 0.49921875 0.6240327369703215 0.0546875 0.03848461124870504
10 0.496875 0.5247048250596626 0.0625 0.038848484284234354
7 0.3953125 0.454349475597782 0.0640625 0.04673375889134022
5 0.39453125 0.409781838294229 0.065625 0.043681533498445946
5 0.58984375 0.5259099141824611 0.0625 0.03416098428423435
2 0.68828125 0.4711197144301302 0.071875 0.040847631926869354
2 0.684375 0.5248440279123655 0.0625 0.038848484284234354
0 0.59609375 0.47073226261088463 0.05625 0.0338698858558109
0 0.5953125 0.6316333753073317 0.065625 0.03743153349844608
4 0.6015625 0.574893223735755 0.071875 0.03772263192686935
1 0.49609375 0.5676371877561097 0.065625 0.03743153349844608