9 0.7955351235152495 0.15955024522600494 0.03931856426490725 0.06293635200509069
9 0.6887743096460538 0.25066668857418606 0.031233279625171306 0.05347044533736343
9 0.7970283935070024 0.45260081122695944 0.03881845909205772 0.04574885200509069
9 0.8105239068348373 0.6478224045592322 0.03886392319868044 0.04731135200509069
9 0.7437205032321982 0.7423814739020045 0.03564799498543501 0.04414998933799978
9 0.8187552586424747 0.850138882558914 0.03918217194503919 0.058248852005090515
3 0.5137395542357774 0.144072885264185 0.023511707838416385 0.05650453866963625
3 0.5133544239901033 0.34570811059836676 0.023147994985435006 0.04400453866963625
3 0.5713918960142848 0.4333439232575035 0.02461956677218975 0.0408977200031817
3 0.6831226693712498 0.5398928205760951 0.029397994985435005 0.04407726400381797
3 0.6301210044858395 0.7327621205840493 0.024710494985435004 0.044022720003181706
3 0.6927466881093612 0.8437899799093224 0.029716243731793844 0.055014764003817974
11 0.8859571305083715 0.8767099258832328 0.05709709765100222 0.08344884667409076
11 0.8605152658351176 0.163483219883869 0.05548913354437914 0.08186816534054513
5 0.4621078242275301 0.43774161660568467 0.03279577962517113 0.053488626670909055
8 0.7475378927155795 0.14838602589914102 0.05075616943775678 0.08025112133990878
8 0.745589228621592 0.6454519299013681 0.04713106426490725 0.06302725867281786
2 0.6838918960142848 0.43203486724223145 0.039045779625171126 0.05356135200509069
2 0.8152916263517364 0.7579604732256868 0.0492391335443795 0.0817954400063634
6 0.46144756083318794 0.7104978639401847 0.03288670783841656 0.05661362667090906
6 0.8572635483632827 0.34717696721836894 0.0516821719450391 0.058394302673454225
0 0.8090857757977405 0.5446792232256868 0.048466243731793666 0.055232940006363404
1 0.5192958500917776 0.523042769931594 0.03306856426490725 0.06286362667090888
10 0.46656903754272994 0.13446207527054835 0.037284702823851566 0.10039998933799979
7 0.8709516268139549 0.44158094788355085 0.07075042069139811 0.06954997867599957