9 0.1471018242356023 0.14609375 0.043172111248705035 0.0546875
9 0.21221093982753353 0.2578125 0.03982878742738745 0.05
9 0.13675071340118208 0.3515625 0.04444351282028158 0.0484375
9 0.13237777481650284 0.54609375 0.04288101282028158 0.0484375
9 0.22407931555365918 0.7578125 0.03372433664159917 0.053125
9 0.11010239868060165 0.83984375 0.045098484284234276 0.0625
3 0.3952928819313787 0.87265625 0.02471320967712849 0.0609375
3 0.41409219355158716 0.6703125 0.024203787427387446 0.05
3 0.36280798346017396 0.58046875 0.026892139784752266 0.040625
3 0.2549484416895603 0.4640625 0.03179796360606986 0.0453125
3 0.327853056452922 0.27421875 0.03030823821317572 0.046875
3 0.2722644900752026 0.159375 0.03372433664159917 0.053125
11 0.04476849710902507 0.83359375 0.05981595574818701 0.0765625
11 0.08207829177061363 0.11640625 0.06330482878371631 0.084375
5 0.472146596156621 0.58125 0.030599336641598994 0.053125
8 0.20297502688341745 0.35546875 0.0528382096771284 0.0609375
8 0.157067289913096 0.8546875 0.05876287799792799 0.0875
2 0.2459479691921503 0.5734375 0.04309933664159917 0.053125
2 0.14188132320214503 0.24140625 0.0583262303552929 0.078125
6 0.06358492535462211 0.64765625 0.05923375889134015 0.0640625
6 0.49656451509659316 0.30859375 0.03401543507002262 0.059375
0 0.12811411393930133 0.453125 0.05589043507002258 0.059375
1 0.42238849876165485 0.4921875 0.03728598428423417 0.0625
10 0.4408772096816376 0.88359375 0.03761562406898662 0.103125
7 0.057013901780973555 0.55390625 0.07820208271265772 0.06875