9 0.8317650539810547 0.542553101885778 0.061346603084255234 0.024146572008272395
9 0.7426889172115796 0.5443706878978684 0.053506829545304765 0.02249316534054504
9 0.6649008823085436 0.4812263452419133 0.04725682954530477 0.022420440006363406
9 0.3719906335263596 0.5260325046149115 0.04100682954530477 0.022347714672181596
9 0.28564975893174904 0.4606444092934564 0.04413182954530477 0.0223840773392725
9 0.1775957512211113 0.5204835806413193 0.0535341030842551 0.024055665340545217
3 0.2199777146932221 0.24035972863622868 0.05372501785690746 0.034993165340545127
3 0.32130838961214425 0.2524591919557747 0.04755683847375849 0.039607940006363404
3 0.4227345219173926 0.25908990527532083 0.04747501785690744 0.03492044000636341
3 0.5808725300350674 0.3728513185869128 0.04580342370110611 0.028652258672817864
3 0.8926515556026124 0.27627357387814194 0.05994774431795733 0.03350339067472685
11 0.8237383198093674 0.5996661678867324 0.07236592370110592 0.028961341343090474
11 0.46314173904624667 0.5843348059357302 0.053670470779006864 0.03186816534054522
5 0.23045729302071088 0.176969390634956 0.06035684740221221 0.05694089067472694
5 0.6143140957806544 0.20218428258277657 0.06024775324641087 0.050690890674726874
8 0.6942725568204287 0.31997976257164074 0.06945911201270896 0.04142497867599957
2 0.40478336282678307 0.30303989994432073 0.05087275324641087 0.050581802673454315
6 0.3007037889635211 0.3589273679583201 0.0553420649348082 0.038136346674090583
6 0.26350597768216094 0.5210461072963198 0.061482970779006774 0.031959072008272214
0 0.6792282094182164 0.37639339457354976 0.05992047077900686 0.03194089067472685
0 0.6704747723244295 0.430390551241277 0.05992047077900686 0.03194089067472703
7 0.24698095089679972 0.5727904206317744 0.07872501785690744 0.03528406667727211
1 0.4435612650175337 0.18464388860600278 0.062082988635914306 0.06633407200827235
4 0.8791969817393508 0.3311065245465056 0.09769320616851011 0.04800224267981754
10 0.7570065616916926 0.48484114656273203 0.08492047077900686 0.032231792011453916