11 0.7276552838648583 0.521875995023159 0.0751818071815924 0.03518058344622812
11 0.5425217597625573 0.5082661171402834 0.05643180718159222 0.034197937584671045
8 0.7265604164766115 0.5757413014455941 0.07203862646343318 0.031891809135968605
8 0.44684564539937266 0.5657710006773685 0.05961134933607006 0.04373671189493056
6 0.7368570461614985 0.6864707615315024 0.07209316861791085 0.041266809135968606
6 0.34858488652057806 0.6645593034817591 0.06117384933607006 0.04381859905006032
7 0.44486096458301755 0.5039294199446739 0.06269998789975162 0.03765048620519007
10 0.5484399616561513 0.5656249157608024 0.06583407825883114 0.03937676051544958
5 0.3596956242239379 0.5010290699901024 0.0658068071815924 0.034689260515449585
5 0.5473360039088249 0.6210527221832376 0.05803975897699054 0.042092324739800804
2 0.4431025009819587 0.671857226367109 0.06275453005422946 0.04702548620519007
2 0.5478127268796577 0.6734374157608024 0.06742384933607007 0.04414614767057934
0 0.44966157319066563 0.6190597749876281 0.05490566861791084 0.04036605042954129
0 0.7317155490883647 0.6299341564885482 0.07521816861791084 0.04143058344622812
4 0.636371232831586 0.6304077900256334 0.07523634933607007 0.04455558344622812
1 0.6343820068356911 0.5693474592929387 0.08144998789975162 0.03863313206674714