11 0.3680601702984634 0.7948413639704013 0.06853716837349913 0.05038179508134384
11 0.34863606513561357 0.6892953459182245 0.06982665258848364 0.04570338544042372
8 0.46649767029846334 0.7954140565924172 0.05943518415851479 0.055014752926866174
8 0.44609562308459105 0.6328504240788598 0.07415013154179632 0.03948065651766246
6 0.6231971784027326 0.5760878605525557 0.06119510523343692 0.03159543364502539
6 0.6624017044993303 0.8067066014773694 0.05970819994353036 0.05970225292686635
10 0.44909109144397286 0.6976896288993201 0.07202618942018653 0.05664997579950324
7 0.33846513360793484 0.6353481893023663 0.08398015785015556 0.04734769867214013
5 0.5449118256589573 0.6935611859827165 0.05732665258848364 0.04563066256778647
5 0.34175746260359974 0.5846033007386847 0.07093412628012441 0.03789997579950324
0 0.5461411257154271 0.6342134570599554 0.05687162628012441 0.03781816256778665
0 0.5600124518684945 0.8053299329576544 0.06090667889684287 0.05346134328594587
2 0.635673333551465 0.6964321768093343 0.05934417889684287 0.05345225292686617
2 0.6334591151920833 0.631597517168414 0.06790013154179633 0.03944429508134402
4 0.559034509817472 0.7483123184962739 0.06614021046687402 0.0628636143631848
1 0.45347475455580016 0.7461362192583996 0.0785492052052021 0.06137383723582168