9 0.709375 0.1546875 0.03125 0.06328125
9 0.60625 0.25 0.02421875 0.05234375
9 0.709375 0.44296875 0.0296875 0.04375
9 0.71953125 0.63125 0.03125 0.04375
9 0.65546875 0.73203125 0.02734375 0.04765625
9 0.72734375 0.8328125 0.034375 0.0546875
3 0.434375 0.15390625 0.025 0.06171875
3 0.43515625 0.35625 0.025 0.04609375
3 0.4921875 0.43828125 0.0234375 0.04140625
3 0.6 0.5359375 0.02421875 0.03984375
3 0.546875 0.73046875 0.0234375 0.04609375
3 0.60625 0.83671875 0.02578125 0.05234375
11 0.77421875 0.15078125 0.05 0.07734375
11 0.7921875 0.85625 0.0515625 0.08359375
5 0.38125 0.4484375 0.03828125 0.0546875
8 0.6609375 0.1484375 0.04140625 0.084375
8 0.65703125 0.6375 0.03984375 0.065625
2 0.60078125 0.43125 0.03125 0.0546875
2 0.7234375 0.74140625 0.0421875 0.0796875
6 0.37734375 0.725 0.0375 0.0578125
6 0.7671875 0.33828125 0.04609375 0.06484375
0 0.71875 0.53359375 0.04140625 0.05625
7 0.77890625 0.42578125 0.0578125 0.06875
1 0.4375 0.5328125 0.0375 0.06015625
10 0.3859375 0.1484375 0.04296875 0.09765625