9 0.1823637099657681 0.8890903868892682 0.05777778366526398 0.046369885855811074
9 0.285213402253887 0.8190026728689135 0.051364092558271415 0.041391287427387624
9 0.3883954551564447 0.8924466350272414 0.04834821996293313 0.04437073821317554
9 0.5824629136866324 0.8882258236119206 0.045114092558271326 0.04110018899896417
9 0.7824951408211416 0.786785409839235 0.057450401451278846 0.03699488585581072
9 0.8776662862819705 0.8988552243549275 0.06391865626060209 0.04353598428423453
3 0.8691617832019279 0.6106467489620335 0.06013889183263217 0.024640435070022625
3 0.665982219499597 0.5996235500382721 0.04769345553496294 0.02562073821317572
3 0.584434608337004 0.6543238585581086 0.0414980192372937 0.026892139784752266
3 0.48389394971414906 0.7681979598820162 0.048075401451278844 0.03655823821317572
3 0.2826836245790728 0.7018879474760193 0.05103671034428627 0.03201628742738745
3 0.1748463319281342 0.7631635876750564 0.05750496515360966 0.0385573858558109
11 0.16286223101716032 0.9560402923897862 0.08187004809323421 0.0662115049623985
11 0.8784227436310321 0.9651886997478218 0.08321429328391083 0.06003427956950489
5 0.5704861810250096 0.5452570736119207 0.06035714664195542 0.030890435070022447
8 0.37979921595621785 0.824968036598818 0.07049603847458741 0.053202082712657625
8 0.8853770933608797 0.8516356219975627 0.08477679328391083 0.06010705417661057
2 0.5940501997141491 0.7733285696829791 0.054598219962933216 0.04466183664159917
2 0.27759436441227187 0.8911858879227255 0.08332342068857254 0.06315927956950454
6 0.29696683547151326 0.5301777673683955 0.05421627404661713 0.03372433664159917
6 0.6923761162263704 0.9534035215022246 0.06769842068857254 0.0624315334984459
0 0.49152045515644466 0.8972497590962278 0.059776793283910834 0.05894266046291676
7 0.6014882213985135 0.9620356391633251 0.07298612141421187 0.07592872167334974
1 0.48804819245775494 0.5967959948282043 0.06213790145127884 0.03721320967712849
10 0.8737475902808367 0.5632815973904569 0.10114583774894789 0.037470074854774896