9 0.8564844085607659 0.6918802290110062 0.06268180718159222 0.03270470364722229
9 0.766686110356164 0.7017838655038883 0.05330680718159222 0.03248649810013902
9 0.6760474748175446 0.7015494357923606 0.0533068071815924 0.03248649810013902
9 0.572154860356164 0.7063116306058677 0.04393180718159222 0.032268292553055744
9 0.481552586253863 0.7123272008943399 0.04394089754067192 0.033830792553055565
9 0.38157985733110183 0.7193422267298955 0.042369307181592396 0.03223192496187508
9 0.29096394769018147 0.7230140470183678 0.04707498789975162 0.03546602773541672
9 0.17851394466511938 0.7342262635833678 0.05486930718159231 0.0325228656913195
3 0.8393004119786115 0.42427515492281176 0.05793976502711473 0.023220600873680653
3 0.7400816619786115 0.4265844969627771 0.056386355386194256 0.02474673328249999
3 0.645564047517231 0.4311284862292008 0.047020445745273774 0.026091027735416716
3 0.5604577944921687 0.44170426994854123 0.040761355386194256 0.024383057370694416
3 0.47213109269677067 0.4359465388502427 0.04389544574527378 0.026018292553055565
3 0.37529699931262894 0.4452325795034372 0.04389544574527386 0.026018292553055565
3 0.27062313485124834 0.45001295811253444 0.047011355386194255 0.024528527735416715
3 0.16356461377400952 0.44781663810840266 0.05327044574527386 0.026236498100139016
11 0.8623213181034904 0.7550341924418743 0.07838862041330899 0.04713087955902786
11 0.1687303993873837 0.7985251529260415 0.07529998184962743 0.05330814437666689
5 0.15771406869266558 0.3823189246775346 0.07211134933607007 0.04229790919430556
5 0.8295617976154268 0.36199336046989516 0.07209316861791075 0.03917290919430565
8 0.7701929054375078 0.7673361303215271 0.07217498184962742 0.05323540919430556
8 0.2648468752850827 0.8001947960684372 0.0597204336450254 0.06075696846486132
2 0.7420845235131257 0.3679361955760063 0.06586134933607006 0.04215243882958344
2 0.2702140686926656 0.3797004581125345 0.06119203005422928 0.045168336056041716
6 0.6811122247193486 0.7662840830188189 0.06277271077238851 0.04832970364722229
6 0.37810539938738374 0.7936518957078469 0.056522710772388504 0.04818423328249999
0 0.6507146349494443 0.37631369966006895 0.05644998789975162 0.03568423328249999
0 0.36165668012898405 0.38382295402847194 0.05487839754067192 0.0340853656913195
7 0.579590631335207 0.7756792264455551 0.0706579336450254 0.06101154160312507
1 0.5663396349494443 0.378277549583819 0.06900453005422946 0.0453501740119445
4 0.46007599941082483 0.37840679578409686 0.056486349336070066 0.04193423328249999
10 0.47419005902830413 0.7898527888502427 0.0628636143631848 0.06395470364722229