9 0.3367663522668856 0.8437593940357276 0.03234094155801355 0.06340928213245363
9 0.3281532370077659 0.7533389825155298 0.03066934740221221 0.05711381802583091
9 0.3921690982096958 0.6592419900373772 0.025872753246410873 0.050727425705962934
9 0.32229338027335813 0.3728475004622184 0.028915932629559826 0.046130853919208195
9 0.38461037378053636 0.2709834720906885 0.025790932629559827 0.046039925705962936
9 0.3125114569792891 0.17068560688870912 0.030560253246410873 0.05086381802583091
3 0.5968728202098139 0.16162988948338117 0.02905230032431163 0.05394335391920824
3 0.5909012840889618 0.2673259600164946 0.028943206168510115 0.04769335391920819
3 0.5919337244291595 0.37125494206980597 0.025763659090609535 0.044477425705962935
3 0.49422074756107276 0.5499686269469688 0.025709112012708958 0.04135242570596276
3 0.6079555596532119 0.8413401215366925 0.027571620941162677 0.05858538981258547
11 0.2727447625753111 0.8479671724072577 0.042015950486467356 0.08086956677218993
11 0.2639235470746054 0.47694161856719164 0.04462275324641087 0.05127299498543501
5 0.659873021100023 0.5467119316449647 0.04001707386326192 0.05582410266556703
5 0.6601267966708636 0.1582260931651626 0.041825035713814886 0.0699320667721897
8 0.54991341436232 0.6507438652684863 0.030832988635914306 0.06648881802583091
2 0.5456217861175567 0.36009613321517503 0.04160684740221221 0.05743206677218975
6 0.4853779870110612 0.26726978721352557 0.03064207386326192 0.05555131802583091
6 0.3179859354689336 0.26041569662215247 0.04166139448011297 0.06055706677218975
0 0.49673386728441926 0.6491646448936574 0.02916139448011279 0.060193353919208194
0 0.4428685275928448 0.65307690657214 0.02913412094116268 0.05863085391920819
7 0.2553086574657565 0.2520780108870597 0.057668224025417734 0.08288670783841656
1 0.663931455354436 0.3761948431651626 0.051118215096963834 0.06551735141192587
4 0.5492936258058359 0.8391387755350431 0.03450345941492117 0.09782974623907634
10 0.3899538076246169 0.7562306503039339 0.042152318181219076 0.08868206677218975