9 0.5410673023098186 0.7233422145926397 0.022129530054229463 0.04400453866963616
9 0.6029173416356258 0.834333711250822 0.02530907220870695 0.053415901336727245
9 0.6079871575978169 0.6342882579169584 0.022120439695149586 0.04244203866963616
9 0.5628256902843248 0.3403024479233217 0.022129530054229286 0.04400453866963616
9 0.6297091841360049 0.2574984912476403 0.025290891490547907 0.05029090133672716
9 0.6286739249626226 0.16689167258118576 0.026898843285945873 0.058121582670272565
3 0.3617818616327102 0.11921943061745681 0.025327252926866262 0.05654090133672711
3 0.45685242535540604 0.42824843793763917 0.022129530054229286 0.04400453866963616
3 0.34263941354974525 0.589722834619684 0.029942030054229286 0.044095445337363516
3 0.3365706998504905 0.692911469287093 0.033067030054229285 0.044131808004454244
3 0.3234616457921561 0.7977444199554566 0.031586343285945874 0.05817612667090888
11 0.6903563135263042 0.1724235099061407 0.03793633723582168 0.07543635200509069
11 0.6718092839630542 0.5405831639083678 0.03781816256778647 0.05512385200509069
5 0.28748480181883923 0.40209611262732 0.0440954336450254 0.0598840773392725
5 0.2594536879466338 0.7891148546308198 0.04725679508134393 0.0661704400063634
8 0.4051495456705191 0.31870126261141163 0.033194295081344014 0.06600680800445433
2 0.38707066959986947 0.6063921666136387 0.04405907220870704 0.05363407733927232
6 0.4434746848233758 0.71354104793923 0.028479524004105094 0.06126476400381797
6 0.6034400372827038 0.744489961250822 0.033157933645025395 0.059756808004454244
0 0.4605455727978821 0.3305558252705484 0.028470433645025394 0.05970226400381797
0 0.5128438710024842 0.3377592505967759 0.028470433645025394 0.05970226400381797
7 0.6626968626146688 0.7641115705760951 0.04580337939029953 0.08490225867281787
1 0.27007406714054144 0.5749432666295471 0.056595433645025485 0.060029528007635946
4 0.4187449339396131 0.13027456194304807 0.03804542154477701 0.09418635200509069
10 0.568839861829102 0.24648881325591265 0.03485678903121965 0.08321248933799978