9 0.11779357152133596 0.5023517257797122 0.06263635538619425 0.02598417984777566
9 0.203658348648699 0.48635004098902074 0.053252265027114644 0.024039677870609212
9 0.307092420857406 0.5352730192401909 0.047002265027114645 0.0237850098858317
9 0.5753969932625047 0.44775979589475556 0.045448855386194253 0.02528384288963732
9 0.6842952702916719 0.4956786896592453 0.04231476502711473 0.023594008897248563
9 0.7620202944921688 0.42374533984952567 0.047020445745273774 0.0269100098858317
3 0.8448792880492612 0.6969971560474174 0.056486349336070066 0.04291701186299814
3 0.7386292880492611 0.701326511788636 0.04708407825883114 0.0378475098858317
3 0.6339826946651194 0.7126234505336603 0.04707498789975162 0.0362850098858317
3 0.4342139779408026 0.6262097425484452 0.04391362646343318 0.029907675893442943
3 0.17169631810349037 0.7681876314072001 0.05332498789975162 0.03653967787060921
11 0.10184586377400953 0.4475196457416562 0.07828862646343313 0.03130834980971962
11 0.45873166802873566 0.4079717371112377 0.05328862646343317 0.030289677870609388
5 0.862448583130605 0.7619218190892791 0.07061248184962743 0.054427514828747546
5 0.4734951674395605 0.7965249011416826 0.050290891490547905 0.052037343878220635
8 0.34788156820168625 0.6961495108372339 0.06587043969514968 0.044861513840164416
6 0.713011143631847 0.5960951837277463 0.05488748789975162 0.036603344866803764
6 0.6769140414671067 0.4358089411421201 0.0532977168225127 0.03185217787060921
0 0.33739352009528023 0.6395320963124974 0.06270907825883114 0.038484179847775656
0 0.3237941075274936 0.5853857657801498 0.06269089754067192 0.03535917984777566
7 0.6672390596174793 0.38462844311928646 0.06583407825883114 0.03861151384016441
1 0.6438076674395605 0.7895851985564939 0.06133747579950324 0.07123301285158128
4 0.15888270071524357 0.7147907173767553 0.09093407220870704 0.05681768577927464
10 0.2141600322937245 0.5453112055137572 0.09082498789975162 0.03806768577927464
2 0.6337054387131911 0.6649672005336603 0.05182612041330899 0.04741351087441501