9 0.46803619312392614 0.8078125 0.024983279625171127 0.053125
9 0.5293481146732539 0.71328125 0.024665030878812288 0.0421875
9 0.466259429796091 0.6125 0.023147994985435006 0.04375
9 0.46808503958779396 0.43359375 0.023147994985435006 0.04375
9 0.5562884185798269 0.24296875 0.023420779625171306 0.053125
9 0.4590747862890888 0.15078125 0.023602636051661817 0.059375
3 0.7269526080758434 0.14765625 0.03444920783841656 0.05625
3 0.7350475675636126 0.3453125 0.032613923198680436 0.046875
3 0.6796446652146146 0.428125 0.03243206677218975 0.040625
3 0.5730884398252208 0.525 0.026136602665567034 0.0390625
3 0.6357799710997447 0.71953125 0.02944345909205772 0.0453125
3 0.5808544418702849 0.81875 0.02480142319868044 0.046875
11 0.40112589396922066 0.14609375 0.033432277117888674 0.075
11 0.4108601906166437 0.8296875 0.03664820533113407 0.078125
5 0.7956561101209074 0.44140625 0.05163670783841656 0.05625
8 0.5258162862225817 0.61875 0.03444920783841656 0.05625
8 0.5056315375427299 0.13984375 0.031960705331134064 0.078125
2 0.46861520315305594 0.7203125 0.03343227711788863 0.075
2 0.5731900767348126 0.42109375 0.039136707838416385 0.05625
6 0.810734506993122 0.71796875 0.0532446719450391 0.0578125
6 0.4142349623907631 0.328125 0.031415136051661866 0.059375
0 0.46433556545204147 0.51953125 0.03596624373179384 0.0546875
7 0.40970423825501057 0.4140625 0.03793792069139794 0.06875
1 0.7442049218785322 0.52578125 0.059676528371529966 0.0640625
10 0.7814355195960413 0.140625 0.06219377461060631 0.096875