9 0.7367919937534841 0.18544385006611314 0.034738614363184796 0.06430151741285454
9 0.7443550297596417 0.27721859226419704 0.03156816256778665 0.056325243102595034
9 0.6800657916634985 0.36913277532631233 0.028397710772388507 0.04834896879233552
9 0.7536406888113869 0.6650870844622808 0.034629530054229286 0.04555151741285464
9 0.6886111073311019 0.7639915739468313 0.028388620413308984 0.04678646879233561
9 0.7634161854917372 0.8686624638154946 0.03312157220870695 0.0548446302577247
3 0.47360425174851584 0.8589411465389254 0.02530907220870695 0.0544351944820761
3 0.47844576697202224 0.7514152515818797 0.023692030054229284 0.04497830732694617
3 0.4762878484523073 0.64898961442675 0.025272710772388508 0.0481851944820761
3 0.5736799571581512 0.4744610051999244 0.023692030054229284 0.04497830732694617
3 0.46026585518980256 0.17719982360814707 0.023782933645025393 0.0606033073269463
11 0.8008408582148647 0.18645747342643296 0.04732951795398073 0.0805816146538926
11 0.8123929992144332 0.5611675463572114 0.04874657220870695 0.05566350180902226
5 0.411908227646215 0.8596128539113004 0.03480224687674212 0.07523901741285463
5 0.40885438787631045 0.46894691033373553 0.03469316256778665 0.056489017412854635
8 0.5168527193565955 0.3722943176152532 0.030087475799503237 0.07030585594746537
2 0.5255520502477053 0.6593815598133371 0.034729524004105096 0.06273901741285463
6 0.5839281525106417 0.7592863845531379 0.028434072208706952 0.05459896879233561
6 0.7589781494855796 0.7770514959276701 0.04722043364502539 0.06183161465389268
0 0.570749878997516 0.37355692446722966 0.02846134328594587 0.05928646879233561
0 0.6262049934588965 0.3741201684743359 0.03160452400410509 0.06257524310259503
7 0.8238764416400572 0.7898248128655548 0.06607951795398108 0.08156426051544959
1 0.407496941836449 0.6383553296010408 0.0441136143631848 0.06479284034363317
4 0.5188686955488822 0.18183309192551275 0.03177724082661797 0.09226274310259504
10 0.6841987797596417 0.2740659367917016 0.05049087939029935 0.08699538896415202