11 0.2546745779360484 0.46655270576476837 0.07222044533736352 0.03094208279171564
11 0.4430194626034575 0.45779749432125244 0.05348862667090888 0.03217730032431163
6 0.6309359912476402 0.6201087593387861 0.06451703333863605 0.04018071509696384
6 0.24417178791377667 0.6307652102289953 0.07545453333863605 0.0403716298696164
8 0.5368234592616397 0.5186474452147568 0.05359771467218159 0.04155230032431163
8 0.257190503262276 0.5188419086868677 0.07848862667090888 0.032613676947516976
10 0.43609675326227604 0.5157190884770537 0.06448067067154532 0.037055715096963836
7 0.543001281269912 0.45761448782843067 0.06604317067154515 0.037082988635914305
5 0.6257955999363666 0.4577314902640627 0.05973862667090888 0.032286394480112966
5 0.43938483792173083 0.568775904629678 0.0660613520050907 0.038645488635914306
2 0.5387121285805494 0.6248428981368562 0.056759077339272324 0.04473184740221221
2 0.43406099124764025 0.623545225246529 0.0723477146721816 0.04187958279171546
0 0.24952290658818543 0.5736521396121443 0.07539998933799978 0.0356841298696164
0 0.5346609752546401 0.5702372187537073 0.05977498933799978 0.03541139448011279
1 0.3540836845958214 0.5155884492719467 0.08172271467218159 0.042043224025417734
4 0.34870529392109456 0.5750452698887976 0.08172271467218159 0.04204322402541756