9 0.16661609712227668 0.8622917483506474 0.06368206677218975 0.04244356426490725
9 0.2590763817620128 0.8689843660599091 0.05586956677218975 0.04221624373179367
9 0.3500674431239261 0.7983105017158596 0.049574102665567034 0.040471887305303156
9 0.6576275420285695 0.8612972688711256 0.051182066772189574 0.042079851411925516
9 0.7572350854437941 0.7911546019406512 0.05430706677218975 0.04217077962517113
9 0.8625196305083715 0.8623727209035543 0.06060253087881229 0.04391513605166182
3 0.8411768617702601 0.5588301837565357 0.053852425705962756 0.02654577962517113
3 0.7327422361434395 0.5674586891668121 0.04755696159934022 0.02480142319868044
3 0.6280092720368168 0.5689422843105317 0.0443864974927175 0.023147994985435006
3 0.45607809923384773 0.679503014252272 0.044613818025830906 0.030960494985435006
3 0.15278195150370336 0.5749508727238267 0.061573997492717504 0.023648100158284537
11 0.5492671242401654 0.9262212383880246 0.05641513605166182 0.06096624373179367
11 0.16932957165374063 0.928675266297336 0.0798071719450392 0.06008570533113407
5 0.8370827436652869 0.49874212991646977 0.0727388180258309 0.0317788489046432
5 0.4456992257185982 0.5109121386254514 0.05550585391920819 0.029716243731793844
8 0.3496402311288745 0.6223928593959915 0.06970474623907634 0.03481292069139794
2 0.6443988016619879 0.6216353752976163 0.0698411385589445 0.03950042069139794
6 0.7469758838735838 0.6804216904204533 0.057341138558944495 0.039136707838416565
6 0.7687468984550602 0.8643193173009152 0.06422763605166182 0.061193564264907255
0 0.352359717338821 0.742728091449303 0.0637729949854351 0.045568564264907255
0 0.3522173133404704 0.6840888773426802 0.06359113855894431 0.03931856426490725
7 0.7817075511997695 0.9335323185545563 0.08030727711788863 0.07727320533113406
1 0.6167475116119755 0.5043713189502677 0.060284282132453626 0.03297763605166182
4 0.1561630157686106 0.6374054086172041 0.09810253087881238 0.045006274610606314
10 0.25263851365703954 0.8089645083797773 0.09088106426490725 0.06509145407749281