9 0.48828922577971223 0.09475681270066948 0.02598417984777566 0.06345500494291587
9 0.4972875409890207 0.1801849767311144 0.024039677870609212 0.05401633794672147
9 0.43996051924019086 0.28547465460172367 0.0237850098858317 0.04776633794672147
9 0.5055722958947555 0.5511049717881985 0.02528384288963732 0.04626750494291585
9 0.4488036896592453 0.6618315661607106 0.023594008897248563 0.043078837946721474
9 0.5143703398495256 0.7371552183281574 0.0269100098858317 0.047893671939110406
3 0.2344971560474174 0.8296742766545646 0.04291701186299814 0.05790534190105419
3 0.23882651178863598 0.7234242766545647 0.0378475098858317 0.04833934091247105
3 0.23606095053366022 0.6190232781374394 0.0362850098858317 0.04827567391627667
3 0.33870974254844516 0.4159526748676788 0.029907675893442943 0.044896005931498985
3 0.21818763140720013 0.15801945254800762 0.0365396778706093 0.05452567391627663
11 0.5443946457416562 0.07687163433576859 0.03130834980971962 0.07927100593149905
11 0.5548467371112377 0.43288421239665825 0.030289677870609388 0.05427100593149916
5 0.16817181908927908 0.849535790494729 0.052865014828747635 0.07234984387822045
5 0.16527490114168256 0.4612372944490618 0.052037343878220545 0.052037343878220454
8 0.2758370108372339 0.3319397722059404 0.044861513840164416 0.06734400889724856
6 0.3460951837277463 0.694094920913346 0.03660334486680368 0.05608817391627667
6 0.50924644114212 0.6523491368072266 0.031852177870609386 0.05433467292769336
0 0.33328209631249744 0.3194596768448451 0.038484179847775656 0.06396434091247105
0 0.38851076578014976 0.30395008197804135 0.03535917984777566 0.06383700692008229
7 0.5611909431192864 0.6408731259328115 0.03861151384016441 0.06708934091247087
1 0.1583351985564939 0.6315497944490618 0.07123301285158128 0.06373884783255335
4 0.27260321737675525 0.1433229411793011 0.05681768577927473 0.09278967787060931
10 0.4374987055137572 0.19276057258650123 0.03806768577927464 0.09202567391627658
2 0.28371720053366023 0.6170814347535105 0.04741351087441483 0.05340884288963732