9 0.8332825942679044 0.6100998450771882 0.06264544574527378 0.02645470364722229
9 0.7346138109922213 0.5132592530372229 0.04856476502711473 0.02300239532659738
9 0.5488803231906656 0.6081684434823268 0.040761355386194256 0.024383057370694416
9 0.36444623585664815 0.614033317723021 0.04388635538619425 0.024455792553055744
9 0.2624479195016736 0.5522762405006947 0.040761355386194256 0.024383057370694416
9 0.16673544370217042 0.6188078174386806 0.05328862646343309 0.029361498100139015
3 0.8239086360295989 0.3410952719389243 0.05486930718159248 0.0325228656913195
3 0.6223279553114395 0.33952885267663246 0.047038626463433174 0.029216027735416716
3 0.5446433168459539 0.3963224069131949 0.04391362646343318 0.029143292553055568
3 0.45260074171038056 0.5035699028291323 0.039207945745273774 0.02590918977951393
3 0.2521103832009284 0.4488966673624308 0.05014544574527387 0.026163762917777687
3 0.1548990399149825 0.5044543767092362 0.05014544574527387 0.026163762917777687
11 0.14918887451852553 0.6801265239356946 0.0783886204133089 0.04713087955902786
11 0.8376292058024187 0.6688026978507299 0.07522725897699019 0.04080814437666671
5 0.5234364582383058 0.2809695106366671 0.05496021077238851 0.0481478656913195
8 0.3569837146812134 0.5536952297671183 0.05956589754067201 0.034194468464861315
8 0.8405911002198329 0.5626072492375007 0.08456589754067209 0.03477634992375016
2 0.5565297176080797 0.5020820976426393 0.050181807181592396 0.032413762917777866
2 0.2566155551384889 0.6146489539315627 0.0783068071815924 0.03306837955902786
6 0.6571831817001179 0.6606959910693756 0.05955680718159222 0.03263196846486114
6 0.24845009377692523 0.2722250645888891 0.06279089149054773 0.05145470364722229
0 0.4621206665748073 0.613181292171806 0.0548693071815924 0.0325228656913195
7 0.5696240943661004 0.6688156559632643 0.06900453005422928 0.04535017401194459
1 0.44577000049097926 0.33463806487322956 0.061246572208706954 0.05454333605604171
10 0.8257802082383059 0.28800663953010486 0.09875566256778674 0.05697865824437507