11 0.23651088972392326 0.41601433238467855 0.0758364545971528 0.03724662986961622
11 0.42070405176802045 0.4270451099808186 0.05712282218833344 0.03848184740221221
8 0.24090875541524276 0.3613813794625792 0.0759455573706945 0.04193412986961631
8 0.519833189210833 0.36546845616521495 0.06053876291777769 0.05103639448011297
6 0.2349880233670137 0.24638762499835237 0.07612739532659729 0.04974662986961631
6 0.6230692516155206 0.2617588494275118 0.05897626291777787 0.0510091209411625
10 0.417489439210833 0.36368203936396765 0.06678876291777773 0.0511454886359143
7 0.5191597355636107 0.4279820929346901 0.06344555737069442 0.041715941558013545
5 0.421850937310972 0.3106115864418683 0.06359102773541672 0.04796594155801363
5 0.6004642869503816 0.4270565669601078 0.05715918977951393 0.04004434740221221
0 0.23362423869774282 0.3049813749983524 0.07601829255305559 0.04505912986961631
0 0.5227049224933331 0.30924572970416525 0.05890352773541672 0.04788412094116259
2 0.42779311920670116 0.25678715705871935 0.06998649810013902 0.05432503571381497
2 0.5309363030022916 0.2578059606294418 0.06057513050895835 0.05259889448011297
4 0.3337333414712845 0.3020393814911741 0.07630923328249999 0.05755912986961631
1 0.33544000541524277 0.3630314285690748 0.08553876291777787 0.05147277110331831