11 0.12331325971990967 0.2343723871584721 0.058399004962398714 0.08096036569131951
11 0.1031333846174658 0.433064460296736 0.059160984284234275 0.06380923328249999
8 0.183287573202145 0.23687848489802069 0.053638730355292895 0.07928876291777778
8 0.16726219706624385 0.5306830362847915 0.056035984284234265 0.06373649810013901
6 0.3072344954518861 0.22306794519475667 0.04419095574818695 0.07750805737069451
6 0.28298989681857484 0.6263202317638886 0.04197348428423435 0.06340918977951393
7 0.09111707403071455 0.5402593644570486 0.08281680810555188 0.06904224715020853
10 0.166814894956548 0.42299782285392346 0.06711903349844599 0.06711607123840277
5 0.23225795843878333 0.42537663402434 0.04978598428423435 0.06359102773541672
5 0.09623475951502189 0.6314474089099652 0.061014582712657715 0.07009560087368065
2 0.2924505957423363 0.4231952317638886 0.042628455748186946 0.07747168977951394
2 0.2843405351555851 0.5302992169462497 0.051421258891340214 0.06518989532659739
0 0.24537019623767434 0.22762946504638867 0.04767982878371626 0.08539329255305557
0 0.23206955976269095 0.5299550312507983 0.04978598428423435 0.06359102773541672
4 0.23829609677579358 0.32924651643315955 0.061451230355292805 0.07947060087368066
1 0.16783804756158188 0.3340080580362846 0.07424232878371631 0.08601154160312507