9 0.42626848322436944 0.8487225032497061 0.025363614363184794 0.06293637662320535
9 0.4197508385123679 0.7605639841749827 0.02374657220870695 0.053534103084255234
9 0.4796803504162246 0.6642150896948698 0.023710210772388506 0.047284103084255236
9 0.4180353650505557 0.38406966802235853 0.025236349336070062 0.041061376623205526
9 0.47799214803165124 0.28303327354224567 0.023673849336070064 0.04103410308425506
9 0.41214495511504784 0.18809864894763506 0.025309072208706995 0.05356137662320544
3 0.6927455153217023 0.16054679870604904 0.03469316256778665 0.055287517856907484
3 0.6858773709042882 0.26690589286185046 0.034656801131468205 0.049037517856907444
3 0.6860541120254936 0.3707985060923752 0.03151362041330898 0.045857970779006864
3 0.5803166755517978 0.553094583202048 0.028379530054229284 0.044240923701106105
3 0.6942735946606879 0.8377950913197229 0.03157725292686635 0.05679547077900686
11 0.3676520073266704 0.8536515109603439 0.03171360831306051 0.08023297077900686
11 0.3627342658126816 0.49049299188562046 0.03469316256778665 0.05528751785690744
5 0.751455877347196 0.5422956306869858 0.047193162567786474 0.05550570616851012
5 0.7576256267580208 0.15316494683960996 0.04727497579950324 0.0695682061685102
8 0.6398911425707022 0.65204455195246 0.03789088544042354 0.06784206493480802
2 0.6400103590004316 0.3630093254914103 0.04875566256778665 0.055532979707460586
6 0.5772608950065893 0.27270765381889905 0.03312157220870695 0.05369774431795715
6 0.41631430464750957 0.2770793283307841 0.03313975292686631 0.056822744317957155
0 0.5820877329297819 0.6514911728936225 0.03157725292686635 0.05679547077900686
0 0.5297212570320828 0.6563110864484589 0.028452252926866352 0.0567409237011061
7 0.35931487090428826 0.27260606250247144 0.04260565651766246 0.07261138555165916
1 0.760263771666414 0.3710655129922341 0.0628545240041051 0.06202844155801364
4 0.6387912091220685 0.8411070519524599 0.04429542154477702 0.09451365909060953
10 0.47913038369190775 0.7587463396948697 0.03486587939029935 0.08497501785690745