9 0.23898544724210719 0.1435831418516669 0.03957771046687393 0.06417381596343472
9 0.2356244997882385 0.2330266315125847 0.03746917889684287 0.05472604135632882
9 0.2441188102268776 0.3253596807267964 0.03728716837349921 0.051601041356328904
9 0.24704566012805557 0.4291203815125847 0.036741136803468064 0.04222604135632899
9 0.24777297319753053 0.5218708076912671 0.03692314732681172 0.045351041356328815
9 0.24973656257536483 0.6224701211735024 0.03692314732681172 0.045351041356328815
9 0.253497870383168 0.7138035965663966 0.04023015785015547 0.04862159057054054
9 0.25145649922354113 0.8259033362273144 0.03903167889684287 0.05479881596343468
3 0.5131509893354819 0.16881869809519195 0.02689569994353036 0.06046661910658786
3 0.5181030708208085 0.26721981079163903 0.028094178896842868 0.05428939371369364
3 0.521447149675299 0.36476689888098024 0.02460515785015538 0.047893844499481995
3 0.5185944364364148 0.449559275845451 0.025803636803468068 0.04171661910658777
3 0.5315487337208743 0.5382043988809802 0.027548147326811722 0.04491439371369381
3 0.5295605704678726 0.637840525845451 0.02460515785015538 0.047893844499482086
3 0.5337314019531991 0.7362052512383451 0.026258663111827295 0.04952911910658777
3 0.5448802755319003 0.8473610750596627 0.028094178896842868 0.05428939371369381
11 0.17391418408792755 0.13665674565677383 0.05473227360693613 0.08357878742738745
11 0.18715878079357223 0.8322581900324213 0.060527247298576906 0.07605738585581072
5 0.5740352814288567 0.18412052046876742 0.03561825256024882 0.07645549214211718
5 0.6052185360552441 0.8532878974332381 0.03525423151356133 0.07020549214211727
8 0.17691995983158942 0.7367273662111037 0.06577618942018656 0.05916098428423418
8 0.16834599452656665 0.22833482340703282 0.06530575256024877 0.0778382096771284
2 0.6012374203690506 0.7448033093438969 0.04702618942018653 0.05828768899896417
2 0.5751798234516444 0.2706573339510028 0.04297572625188941 0.0690068651776464
6 0.17587704444186203 0.31750648531769154 0.05694722099021767 0.06809933664159917
6 0.17344707836038037 0.6235916654253154 0.056765210466873973 0.06497433664159917
0 0.5894360994070678 0.6491997109154735 0.03121917889684287 0.05443494292790554
0 0.5734723812594476 0.3617360982190264 0.03158319994353036 0.06068494292790545
7 0.1748521417122041 0.4203039995857152 0.07155575256024878 0.0781293081055519
1 0.5782956601280556 0.4445485982190265 0.041595236775233246 0.07205909057054072
4 0.5869187731834131 0.5524702601296851 0.03783319994353036 0.06097604135632899
10 0.16854049950588984 0.5259718027288685 0.07239021046687397 0.06570208271265762