9 0.8095555524755442 0.16871676384876427 0.04252069994353036 0.05960225897699045
9 0.7044045918674959 0.2540133935336512 0.032872684158514784 0.0548602168225127
9 0.8171075311465081 0.45928722169428654 0.04013915258848364 0.04553066861791066
9 0.8346421835938174 0.653073583130605 0.04023015785015538 0.04709316861791084
9 0.7707077571866361 0.748762812151562 0.03398015785015538 0.0470568071815924
9 0.8481263728728295 0.8577701734896845 0.04077618942018653 0.056468168617910666
3 0.5253324709196304 0.14285265885535345 0.02533319994353036 0.05950226502711464
3 0.529259649675299 0.3443697070599554 0.02460515785015538 0.04700226502711473
3 0.5890434443289225 0.43218786962774197 0.024150131541796148 0.03918976502711473
3 0.7064878205384598 0.5445520351223949 0.030673147326811902 0.04391362646343318
3 0.6550904624624254 0.7348134207592102 0.02763915258848364 0.04545794574527377
3 0.7226258439336345 0.8484491947633153 0.03131018415851479 0.054851126463433174
11 0.9153894675829228 0.8862769685710287 0.06116428413027961 0.08470225292686635
11 0.8738455656297237 0.1729957185710286 0.05767526308359265 0.07843407220870705
5 0.4813674522214303 0.4339043848512484 0.03470819994353036 0.0595568071815924
8 0.7604355130130053 0.15671621271729613 0.0545502630835923 0.07841589149054777
8 0.7698439362246533 0.6534775832288009 0.044356215728545756 0.06429884933607007
2 0.7033789601139381 0.4375389658405541 0.04095819994353036 0.05959316861791084
2 0.8427115598033545 0.7648014234896847 0.05473227360693613 0.08154089149054791
6 0.48635587301400396 0.707278252337691 0.041140210466874015 0.06271816861791084
6 0.876817189137838 0.35810651677563055 0.05676521046687384 0.06280907220870695
0 0.8328151021084909 0.5546588090283041 0.0504242052052021 0.06121021077238851
7 0.8909167574689848 0.45268776375056846 0.07284523677523325 0.07071247579950324
1 0.540324494244218 0.5209367522394952 0.034890210466873836 0.06268180718159222
10 0.47786593671876343 0.13242369808296495 0.037165342008670166 0.10174430718159236