11 0.7609756377675215 0.22241291125745027 0.07618206677218975 0.044993252560248734
11 0.771507623977468 0.10169088757992695 0.07967077962517095 0.057675263083592464
8 0.659572262140701 0.22285950326612042 0.06712531551854858 0.05538472099021767
8 0.6576784561890638 0.046706526943643766 0.07516513605166182 0.06365224729857691
6 0.4577981281341031 0.014417150204702791 0.05779577962517113 0.028834300409405583
6 0.45672840696785144 0.2518321846526249 0.05577863855894431 0.0406851841585147
10 0.667601373977468 0.1077427374811049 0.08003449247815268 0.07017526308359248
7 0.7758290626155546 0.03773464639962324 0.09914820533113407 0.07546929279924648
5 0.5635587316576 0.11848208738228286 0.06092077962517113 0.05658319994353026
5 0.7646247896543009 0.01163102534587713 0.07838106426490725 0.02326205069175426
0 0.5591630851810968 0.24274634001311882 0.06519910266556703 0.042793715728545755
0 0.5506017420824412 0.05450288736816542 0.06128449247815269 0.06908319994353027
2 0.45620688440230933 0.0553212056993123 0.07378449247815269 0.06981124203690506
2 0.45976614192415666 0.12062768728346082 0.06726170783841656 0.060072220990217674
4 0.5549589699791174 0.17279786105980618 0.07056856426490725 0.06650423151356137
1 0.6675726302456741 0.16233923221943306 0.10181856426490725 0.06832433674699834