9 0.6093937015990063 0.1375 0.025363614363184794 0.0625
9 0.619277761707465 0.225 0.02374657220870695 0.053125
9 0.5604663639704013 0.321875 0.022138620413308985 0.0453125
9 0.6324196737842722 0.60390625 0.025263620413308985 0.0453125
9 0.5744213423039872 0.70625 0.025254530054229285 0.04375
9 0.6444934686692244 0.79921875 0.028434072208706952 0.053125
3 0.34152494554888213 0.1546875 0.030023843285945873 0.0578125
3 0.46270155054229295 0.4375 0.022129530054229286 0.04375
3 0.3645690984523073 0.62421875 0.028379530054229284 0.04375
3 0.3675082669720222 0.7265625 0.03152271077238851 0.046875
3 0.3642292517485159 0.834375 0.03154089149054773 0.05
11 0.6710533642649888 0.12734375 0.03797269867214013 0.08125
11 0.6856895986486989 0.49453125 0.03779089149054791 0.05
5 0.3002167487234538 0.84296875 0.04415906615858276 0.0703125
5 0.29404245413308916 0.453125 0.04407725292686626 0.05625
8 0.40276749345889645 0.34140625 0.03321247579950324 0.06875
2 0.41227080024770535 0.63203125 0.042542024004105096 0.0609375
6 0.47527531517662414 0.71875 0.02999657220870695 0.053125
6 0.6369440682016863 0.71015625 0.03470225292686617 0.05625
0 0.4582226079202771 0.3390625 0.028470433645025394 0.059375
0 0.5113112464839586 0.3328125 0.028488614363184794 0.0625
7 0.6978997489198455 0.71328125 0.04885565651766246 0.071875
1 0.2903503484523073 0.62421875 0.056595433645025485 0.059375
4 0.39932835518980253 0.153125 0.041170421544777104 0.09375
10 0.5591351472460844 0.22734375 0.03488406010845857 0.0875