11 0.82734375 0.2265625 0.053125 0.07734375
11 0.834375 0.42265625 0.05625 0.06640625
8 0.7671875 0.5234375 0.05 0.06015625
8 0.7671875 0.2296875 0.0484375 0.0765625
6 0.64375 0.21484375 0.0359375 0.07734375
6 0.6484375 0.61328125 0.03515625 0.0609375
7 0.8421875 0.52890625 0.07421875 0.0671875
10 0.771875 0.4109375 0.06171875 0.06953125
5 0.83125 0.6171875 0.05625 0.06796875
5 0.709375 0.41171875 0.04375 0.06484375
2 0.65 0.41171875 0.03515625 0.07578125
2 0.65078125 0.515625 0.04375 0.06015625
0 0.70546875 0.22109375 0.03828125 0.08671875
0 0.7 0.5171875 0.04140625 0.05546875
4 0.70703125 0.31875 0.053125 0.08203125
1 0.775 0.32421875 0.0640625 0.084375