9 0.3719867156150696 0.14335329471672498 0.02794446846486114 0.059684082670272566
9 0.3678096683123613 0.23234306938254318 0.026236498100139016 0.053415901336727065
9 0.4324917237831947 0.32682032272436096 0.024528527735416715 0.0471477200031817
9 0.3766651767648269 0.6128118193825431 0.027580792553055566 0.04405908267027261
9 0.44141996741802136 0.7104140727243611 0.024455792553055744 0.044022720003181706
9 0.375778743253577 0.8096231847151341 0.026200130508958353 0.05185340133672715
3 0.6406276128415278 0.14179298408654145 0.029506968464861318 0.05970226400381797
3 0.5365090361878823 0.43347085940481483 0.026163762917777687 0.05029090133672724
3 0.6445066401956949 0.6104611680855869 0.029216027735416716 0.047202264003817974
3 0.6476881512136117 0.7135952587523597 0.030778527735416717 0.04722044533736351
3 0.6556480812094799 0.8206901434197688 0.030996733282499987 0.05659544533736351
11 0.31021341422829873 0.1402913820416799 0.03931837955902786 0.07856135200509069
11 0.31639786436013934 0.5066703600413617 0.038736498100138926 0.05356135200509069
5 0.7052044848011114 0.43309069342772294 0.04513196846486132 0.0598840773392725
5 0.7213276325962508 0.8237975094286775 0.04531380642076392 0.06769657733927233
8 0.5903769589655559 0.3317816374124509 0.03597517401194459 0.06914998933799979
2 0.5956151985163199 0.6239509560789054 0.042079703647222286 0.0629727146721816
6 0.37759385676069507 0.7198248880489977 0.03880923328249999 0.05668635200509069
6 0.5407114526003826 0.7146935874044967 0.030851262917777865 0.050345445337363515
0 0.5357803779435072 0.33505154073836035 0.02957970364722229 0.06282726400381797
0 0.48260082655673636 0.3320896253978152 0.029543336056041626 0.06126476400381797
1 0.7177986698309727 0.6050656907622228 0.05766833605604162 0.06159202800763595
4 0.582887848023889 0.14424527474536003 0.03975479065319458 0.0973113520050907
10 0.4294738669255905 0.23071748205758827 0.03641158510611113 0.08789998933799978
7 0.3176194447165978 0.7269374067074981 0.05174564437666671 0.07558180267345413