11 0.5978572796614459 0.2996570280111258 0.06275453005422929 0.04411361436318471
11 0.5994965268327755 0.17854964247250643 0.07218407220870696 0.05354315651766237
6 0.29696292105379773 0.41625521731349213 0.0658068071815924 0.03163179508134384
6 0.2822817557555366 0.1757074853656688 0.07219316256778666 0.055105656517662416
8 0.4963851623713949 0.18149335617176118 0.06595225292686617 0.05663179508134393
8 0.4810197584860111 0.36049505494209716 0.06894998789975162 0.03477497579950324
7 0.5872833940246306 0.36222066052468316 0.06587043969514958 0.042569295081343925
5 0.3923703489432866 0.2977274102300956 0.06745112041330889 0.04570338544042354
5 0.5852259903356385 0.4114530460633025 0.0595658975406721 0.033157933645025436
2 0.2911760084860111 0.36159953357027075 0.07365566861791084 0.03792724687674198
2 0.29470046340466716 0.2959518076725717 0.06280907220870705 0.05348861436318479
0 0.3932238009350765 0.17584331987101595 0.07220225292686618 0.05666815651766237
0 0.38492146330647137 0.3602728620254937 0.05956589754067192 0.033157933645025485
1 0.49594480083688064 0.24009165135130095 0.07378293364502539 0.05980224687674198
10 0.4915618278660478 0.29246267242853985 0.06591589149054791 0.050381795081344015
4 0.3834357104778009 0.23918365720503348 0.07533634328594588 0.05824883723582168