11 0.49142503807145543 0.64375 0.0329321719450391 0.0578125
11 0.49531823086617716 0.45625 0.03141513605166182 0.059375
6 0.6627544687919832 0.6625 0.04088106426490725 0.0625
6 0.6688336018741442 0.265625 0.03968227711788863 0.075
8 0.5596738990502926 0.365625 0.03931856426490725 0.0625
8 0.5460443419115213 0.64609375 0.03481292069139794 0.06875
10 0.551227250066507 0.46796875 0.03950042069139812 0.06875
7 0.49990409395658536 0.35234375 0.03660274122451135 0.0765625
5 0.5051886390211628 0.278125 0.03186977711788863 0.075
5 0.607545446226441 0.465625 0.0376196719450391 0.0578125
2 0.6706795952102267 0.36328125 0.04887542069139812 0.06875
2 0.6623238744396864 0.4625 0.042534492478152684 0.065625
0 0.6150971849436699 0.3671875 0.036284492478152686 0.065625
0 0.6035613252184738 0.65625 0.0394549565847754 0.0671875
4 0.6095960280423255 0.55625 0.04257995658477522 0.0671875
1 0.5481273306287503 0.54765625 0.03950042069139794 0.06875