9 0.15228428531336843 0.711853528950332 0.053670470779006815 0.03372433664159917
9 0.25666386810508407 0.6351754048813454 0.04736592370110611 0.03030823821317572
9 0.353969516238645 0.6954343546336764 0.047420470779006775 0.03343323821317572
9 0.5424280442418221 0.6765087644774206 0.044240923701106105 0.030162688998963995
9 0.7387320742735943 0.5658858258927414 0.05356137662320535 0.02747433664159917
9 0.8306683839333967 0.6654255994663899 0.06307274431795724 0.03572348428423418
3 0.8393475032497062 0.3918061629486253 0.05665910308425524 0.0260573858558109
3 0.6385935267886566 0.39959519996172793 0.045694329545304765 0.023985463606069856
3 0.5540179293864442 0.45973864144189136 0.04100682954530477 0.023767139784752266
3 0.45135480519887083 0.5722451036002191 0.04418637662320535 0.027037688998964172
3 0.2577781290621327 0.5266180421848984 0.04415910308425506 0.025475188998963994
3 0.15282184781254463 0.5916138035574379 0.05043637662320544 0.027328787427387445
11 0.12613879667745417 0.7786429226640259 0.07905230032431156 0.05676373035529281
11 0.8303314188364327 0.729451712162837 0.08360343262956 0.04916955417661058
5 0.5434407138824432 0.3501645882987382 0.0553420649348082 0.04004711124870504
8 0.8424377268713821 0.6172599272166489 0.08513865909060954 0.04767982878371626
8 0.3519490945661337 0.6322986538478881 0.0569045649348082 0.04011988585581072
2 0.5552474184293956 0.5681868422276797 0.05997501785690744 0.037140435070022626
2 0.25081724269969463 0.701799978702663 0.0914432061685102 0.051095927212139715
6 0.2701123080382446 0.3566501445422633 0.0553420649348082 0.04004711124870504
6 0.6492177865311844 0.7300810665871165 0.06011138555165925 0.044952935070022626
0 0.45318826623864494 0.6908131670824545 0.05693183847375849 0.04168238585581072
7 0.559183121758532 0.7452031064957033 0.06978639448011296 0.06257708271265763
1 0.46122250324970615 0.4094176178682428 0.060084112012708954 0.043390435070022625
10 0.8464702564961171 0.34151506452020186 0.10076365909060954 0.04840757485477489