9 0.46971737702614363 0.8733910094287213 0.02562004809323426 0.06345500494291585
9 0.45572430969561567 0.7854453404553604 0.023675602176918175 0.05245383794672165
9 0.50764641904411 0.6861430188202614 0.023511911069925694 0.04776633794672147
9 0.42315233483854103 0.4112120030029306 0.02345734736759475 0.04620383794672147
9 0.474856189377712 0.3056596813678315 0.02496528366526398 0.04470500494291585
9 0.40151540389834955 0.21607591653908384 0.026746038474587407 0.05101867193911025
3 0.6782391058051153 0.16494047535978273 0.033323420688572546 0.06064833992388783
3 0.6796875331171097 0.27343872486549115 0.032886911069925695 0.048148339923887826
3 0.6888120511732772 0.37834905935217156 0.03277778366526398 0.04502333992388783
3 0.5987575139646342 0.5697142055881192 0.026527783665263982 0.04476867193911023
3 0.7355680663190376 0.845996815777962 0.03315972958157989 0.05596083992388756
11 0.41234138664479036 0.8835353305695287 0.03732143992586625 0.08577567391627668
11 0.3778076077040319 0.5201439926228073 0.03628472958157998 0.05608817391627667
5 0.7695139580668515 0.5446863251695022 0.04873016587924894 0.055035009885831696
5 0.742619064335303 0.15430140570184997 0.049384930307219396 0.07378500988583174
8 0.6659574268486583 0.6621683024320892 0.03979167549789597 0.06715300790866544
2 0.6418279237686154 0.3733140494663398 0.04404266587924912 0.05484400889724857
6 0.5724752338427492 0.2862332021280781 0.03165179328391084 0.05745967292769345
6 0.4124107530800429 0.30467550152005585 0.03477679328391083 0.0575870069200823
0 0.6091717135091471 0.6668757070709941 0.03321429328391083 0.05752333992388792
0 0.5564286594254632 0.6756485292003847 0.03154266587924912 0.05433467292769336
7 0.35543406678237377 0.3039141561589605 0.0462599303072194 0.07365767589344294
1 0.7635665145127882 0.37437382516950235 0.06473711179556503 0.06660917984777566
4 0.6795636029795264 0.8507360539149641 0.0500396947351895 0.0925350098858317
10 0.5148264911839614 0.7800521863107474 0.03737600362819702 0.08733817391627667