9 0.317574929332529 0.8250769333872622 0.027702276119281777 0.052435519237293705
9 0.3295160866140468 0.7167014381965856 0.028937227498762753 0.04624008293962447
9 0.3350058480340075 0.6268849700477511 0.027292840343632996 0.044623019237293705
9 0.3425494323847468 0.5277480656012474 0.03058161465389251 0.047857146641955416
9 0.34960169380470746 0.43798616115474365 0.027292840343632996 0.044623019237293705
9 0.3563640281554467 0.33882197485707455 0.029346663274411534 0.05405258293962447
9 0.3564669267305372 0.24725203375008195 0.027784163274411532 0.05399801923729371
9 0.3681248009953682 0.15921632041057082 0.02827548620519007 0.0633730192372937
3 0.6296797766851088 0.1714807405509892 0.03131859905006031 0.061919646641955414
3 0.6269055794894992 0.2692188361044855 0.03247166327441153 0.054161710344286275
3 0.6194848258714545 0.3660119905509892 0.030581614653892687 0.047857146641955416
3 0.607250419494448 0.4501141720393349 0.03181656603337366 0.04166171034428619
3 0.6120397388071819 0.53794155425332 0.030417840343632995 0.04473214664195542
3 0.6022752351891373 0.6346528631463275 0.03206222749876275 0.046349210344286185
3 0.5967478522178791 0.7401216131463275 0.03222600180902226 0.04947421034428619
3 0.5982517192466208 0.8458358998068164 0.03403416327441171 0.05421627404661713
11 0.3066926560383223 0.15159230416850203 0.04143058344622812 0.07630952885594056
11 0.2560232756690559 0.8346676989963588 0.047598696291098364 0.07496528366526398
5 0.6925925344870248 0.18072182049538882 0.04595430913596861 0.07334821996293313
5 0.6612873077812316 0.852733229751216 0.047353034825709094 0.07027778366526398
8 0.25538586782171124 0.7422892260382008 0.05286605042954129 0.05643353847458741
8 0.2924453703081021 0.2442336719545169 0.050478034825709096 0.0703869110699257
2 0.6685819086403141 0.7434127934535468 0.05327548620519007 0.0642460384745874
2 0.686362466644629 0.269729756793058 0.05343926051544958 0.0673710384745874
6 0.29324655246570625 0.3334871449126749 0.04077548620519007 0.06380952885594056
6 0.26526988014618313 0.628363135294028 0.040447937584671044 0.05755952885594055
0 0.677007398802233 0.3586285656860654 0.04357293758467122 0.05766865626060227
0 0.6657235815256641 0.6486087249418926 0.04661605042954129 0.05621528366526398
7 0.2857439116925319 0.4318427993591786 0.05064180913596861 0.07351191106992569
1 0.6748882988476617 0.44386666123956176 0.056728034825709095 0.07060516587924912
4 0.6739255851437088 0.5518428523465543 0.056236711894930735 0.06123016587924894
10 0.2693609158764034 0.5353671034428625 0.05311171189493056 0.06112103847458741