9 0.6359375 0.146875 0.025 0.059375
9 0.6421875 0.23671875 0.025 0.05234375
9 0.6375 0.32734375 0.025 0.0484375
9 0.6390625 0.42734375 0.0265625 0.04140625
9 0.64140625 0.51796875 0.02578125 0.04375
9 0.64375 0.615625 0.025 0.040625
9 0.64375 0.70703125 0.02734375 0.046875
9 0.65 0.81484375 0.02578125 0.05234375
3 0.36875 0.8234375 0.0296875 0.0546875
3 0.37578125 0.71875 0.02890625 0.04453125
3 0.37578125 0.6140625 0.0296875 0.046875
3 0.37109375 0.515625 0.028125 0.0421875
3 0.38046875 0.42890625 0.02890625 0.04140625
3 0.37265625 0.34296875 0.0265625 0.04453125
3 0.371875 0.24765625 0.028125 0.05703125
3 0.37421875 0.15078125 0.0265625 0.059375
11 0.6984375 0.14375 0.03984375 0.07734375
11 0.7125 0.828125 0.04375 0.07265625
5 0.30546875 0.8265625 0.04296875 0.0703125
5 0.3109375 0.15859375 0.040625 0.07734375
8 0.71640625 0.734375 0.046875 0.059375
8 0.70625 0.2359375 0.05 0.07734375
2 0.303125 0.72109375 0.05 0.06171875
2 0.31171875 0.24375 0.04765625 0.065625
6 0.7 0.3234375 0.0390625 0.059375
6 0.7140625 0.6203125 0.03984375 0.0578125
0 0.3171875 0.334375 0.03828125 0.059375
0 0.3125 0.62578125 0.0390625 0.05234375
1 0.3140625 0.41875 0.0515625 0.0703125
10 0.7140625 0.52734375 0.05078125 0.06015625
4 0.309375 0.52734375 0.05078125 0.05859375
7 0.7046875 0.42265625 0.04765625 0.07265625