11 0.4610191224118475 0.70625 0.03616013192686936 0.071875
11 0.35044549544737685 0.7140625 0.04411818114108117 0.075
6 0.4598738835794993 0.41328125 0.03557793507002245 0.059375
6 0.21792182402620536 0.4015625 0.05894266046291676 0.0578125
8 0.2881380864322022 0.60078125 0.05051373035529281 0.078125
8 0.45483543486062566 0.60703125 0.04026543507002245 0.059375
10 0.3518195967712844 0.609375 0.05178513192686944 0.071875
5 0.2366548231976358 0.703125 0.05676373035529281 0.078125
7 0.2850024319651415 0.71796875 0.06359592721213972 0.090625
5 0.34879729652361535 0.5109375 0.04368153349844599 0.065625
2 0.34119665818660516 0.41484375 0.0432448858558109 0.05625
2 0.27974973593686414 0.40390625 0.050004308105551856 0.0671875
0 0.4605888211307212 0.5125 0.037358758891340216 0.0640625
0 0.28642357505966265 0.496875 0.04651543507002263 0.059375
4 0.401558423488086 0.503125 0.04197348428423422 0.0625
1 0.40200153328904903 0.61328125 0.0444820541766104 0.0828125