9 0.18036628184130696 0.66701368264641 0.060684942927905404 0.02881589067472685
9 0.2706102921803892 0.674562005967547 0.05599744292790545 0.028761346674090582
9 0.3611261302697304 0.6711637386219111 0.054580492142117173 0.03186816534054522
9 0.462089316787495 0.67389729260823 0.045132717535011226 0.030196577339272324
9 0.5529326406088126 0.6775302752625942 0.04825771753501122 0.030232940006363406
9 0.6531873517336831 0.6818354199156857 0.04825771753501122 0.030232940006363406
9 0.7439215136443419 0.68312465257005 0.049892992142117266 0.03181362133990877
9 0.853696773983424 0.6904457092218688 0.05607021753501122 0.030323846674090583
3 0.8670870700972639 0.40732412655159617 0.05599744292790554 0.028761346674090582
3 0.7602377566150287 0.4124757978994592 0.04974744292790554 0.028688621339908772
3 0.6554047074008169 0.410568947247004 0.04647689371369381 0.025527258672817865
3 0.5558584716688404 0.40469221192713967 0.04178939371369381 0.025472714672181596
3 0.4686495700972639 0.4119603666056847 0.04491439371369381 0.02550907733927237
3 0.38621805975818174 0.40432113661682045 0.04803939371369363 0.025545440006363405
3 0.2891611232404171 0.401542129296638 0.051164393713693725 0.02558180267345418
3 0.18990598593686414 0.40191539397677384 0.060539393713693726 0.025690890674726984
11 0.17468351612554125 0.72961367998091 0.08016268899896399 0.044659066677272284
11 0.8668731701783173 0.7551712805538233 0.08045378742738762 0.05090906667727228
5 0.8734783112059237 0.3431525385503235 0.0768921397847521 0.04149770401018138
5 0.19871375165262983 0.33927903397518294 0.07532963978475227 0.041479522676635926
8 0.7701801066960818 0.7602047732336409 0.058869885855810725 0.05690452800763594
8 0.26656280107172936 0.7387063219685015 0.07420378742738745 0.05083634134309047
2 0.762395261991712 0.34131841323205014 0.06155823821317572 0.04756589067472685
2 0.2902655508668416 0.3413404259627744 0.06312073821317572 0.047584072008272395
6 0.35704225185751765 0.7345268046228657 0.06439213978475226 0.04135225334181776
6 0.6557901209641055 0.7545007605824584 0.06148546360606986 0.04600339067472685
0 0.3766033112059238 0.34893420261777497 0.05479881596343468 0.03655566534054513
0 0.6673738604201355 0.3486774745783222 0.05643409057054054 0.038136346674090583
1 0.4625408112059238 0.3479342292727755 0.06780823821317572 0.04763861600890866
4 0.569462899295265 0.34434505792491255 0.06468323821317572 0.04760225334181776
10 0.5619309590534467 0.7532478905951852 0.0651198858558109 0.05697725334181776
7 0.45580723758949393 0.7404126306095027 0.07449488585581072 0.05708634134309047