9 0.09700739330391817 0.7757104081860289 0.06417381596343472 0.03921298620519007
9 0.18645088296483595 0.7890126696059896 0.05472604135632886 0.03715916327441171
9 0.2787839321790477 0.790719011758645 0.051601041356328814 0.03699538896415202
9 0.382544632964836 0.7992895075747735 0.04222604135632881 0.036504066033373486
9 0.4752950591435184 0.8088492933049938 0.045351041356328815 0.03666784034363309
9 0.5758943726257537 0.8180372648108627 0.045351041356328815 0.03666784034363309
9 0.6672278480186479 0.8243901633859533 0.04862159057054054 0.03995661465389233
9 0.7793275876795656 0.8388797885552954 0.05479881596343468 0.03872166327441136
3 0.12224294954744322 0.502928005427067 0.06046661910658786 0.026549211894930737
3 0.22064406224389027 0.5088681462002412 0.05428939371369372 0.02778416327441171
3 0.3181911503332315 0.5163298433958508 0.047893844499481995 0.024331614653892684
3 0.40298352729770226 0.5286051933504222 0.04171661910658782 0.02556656603337366
3 0.49162865033323155 0.5254193176152533 0.04491439371369381 0.027292840343632996
3 0.5912647772977022 0.5384725955435574 0.047893844499482086 0.024331614653892508
3 0.6896295026905964 0.5451939863167317 0.04952911910658777 0.025976001809022264
3 0.8007853265119138 0.5463204743309441 0.05428939371369372 0.027784163274411532
11 0.09008099710902508 0.8403494402982045 0.08357878742738742 0.054258132066747324
11 0.7856824414846726 0.9042148614860739 0.0760573858558109 0.06009869629109836
5 0.13754477192101872 0.44342685266810494 0.07645549214211717 0.03518058344622812
5 0.8067121488854895 0.4863279986412036 0.07020549214211727 0.034853034825709096
8 0.690151617663355 0.903907245023159 0.05916098428423418 0.06544793758467123
8 0.18175907485928408 0.8561182824508599 0.07783820967712844 0.06486808344622794
2 0.6982275607961482 0.4782930913596859 0.05828768899896399 0.04669793758467122
2 0.22408158540325407 0.45187783977780616 0.0690068651776464 0.04258364767057934
6 0.27093073676994284 0.8584421002932558 0.06809933664159917 0.056564260515449404
6 0.5770159168775667 0.8948454262762521 0.06497433664159899 0.056400486205190246
0 0.6026239623677248 0.4795479748967709 0.05443494292790554 0.030909163274411712
0 0.3151603496712777 0.4636994883528967 0.06068494292790536 0.031236711894930734
7 0.3737282510379665 0.8708779025318194 0.07812930810555185 0.07111808344622794
1 0.3979728496712777 0.46803950757477353 0.07205909057054054 0.041184921980838854
4 0.5058945115819364 0.4713459712787264 0.06097604135632899 0.03748671189493073
10 0.4793960541811197 0.8889462290806425 0.06570208271265762 0.07202548620519025