9 0.5607338613745322 0.18783775968673658 0.026057888964152197 0.05054551386770836
9 0.5001449214150119 0.2824040708571532 0.027129066033373662 0.041206881458888935
9 0.5656647800760106 0.3861479731176046 0.023840291723114148 0.03800914627652787
9 0.563403996493497 0.5663439661837504 0.023840291723114148 0.03800914627652787
9 0.4746701243763726 0.7492090579393753 0.02589411465389251 0.04742051386770836
9 0.5743193215719822 0.8490655472057991 0.02671298620519007 0.06304551386770854
3 0.30499611148607386 0.8318728215227434 0.03732293758467105 0.05705008700597247
3 0.2952958056294656 0.6318910053183335 0.03715916327441153 0.053925087005972115
3 0.35209800429541316 0.5544030913743753 0.033379066033373574 0.04135235182361115
3 0.4582451057203226 0.46557894034819486 0.027292840343633173 0.04433188145888885
3 0.3939801305964091 0.26666800845246563 0.030417840343632995 0.04440461664124999
3 0.4481962398232347 0.16961247691732675 0.027866050429541288 0.05526938145888893
11 0.6315962330373714 0.8550804642838894 0.032301244911617386 0.08034211664124982
11 0.6193309334007996 0.17437597815159772 0.039786196291098364 0.07427395459715283
5 0.23458627770116153 0.5305999558314237 0.05286605042954129 0.055851262917777686
8 0.5050581507227971 0.3761540708571532 0.0374048247398008 0.0586125870059722
8 0.5262093701925011 0.8541881518792017 0.03534435775648763 0.07885235182361114
2 0.5600555099496226 0.2791167231176046 0.033781857756487454 0.07881598423243066
2 0.45818090795888633 0.5685766537790629 0.03847600180902226 0.04927395459715278
6 0.6190542101974499 0.6753202291015283 0.0327173247398008 0.05850348423243048
6 0.21700819482076028 0.2547459706490627 0.05327548620519007 0.06366376291777787
0 0.5675348965389256 0.48138773793524353 0.032389776119281774 0.05225348423243048
7 0.6207594730877487 0.5887469494662505 0.03805992198083885 0.0711125870059723
1 0.28431628278954413 0.452167137727153 0.06248671189493056 0.06075696846486114
10 0.2503495550636387 0.8313812058314237 0.06428822930778519 0.09513196846486131