9 0.8239384638876652 0.21904746944617665 0.06380952885594056 0.03822725334181776
9 0.7302752547245055 0.32737704276731355 0.054161710344286365 0.03030566534054513
9 0.5307241772271765 0.2226697194064057 0.04662202885594056 0.038027258672817865
9 0.33568449573883075 0.21258455271322516 0.04818452885594056 0.03804544000636338
9 0.23950641098510767 0.28102492270049845 0.04495040145127884 0.0348840773392725
9 0.13342259129232703 0.20788632001909005 0.059122028855940555 0.038172709341181464
3 0.8328669974681112 0.5005156454487218 0.05701389183263217 0.022529528007635947
3 0.6310862426587878 0.5044202534213597 0.04451389183263199 0.022384077339272324
3 0.5447420040915333 0.44792425807604197 0.04144345553496294 0.023910214672181594
3 0.44072168140352774 0.33807599606140626 0.04473214664195542 0.0286340773392725
3 0.2464880425661206 0.3944334420353165 0.044568455534962845 0.023946577339272503
3 0.13684271325469313 0.33375847668681724 0.055669646641955416 0.028761346674090582
11 0.10839779864138839 0.14116189668204476 0.08472222958157996 0.05565111067790855
11 0.8215153575343959 0.15414917544554027 0.0831051658792493 0.054070429344363104
5 0.5377975449283733 0.5572628954089511 0.05421627404661713 0.03186816534054522
8 0.8339930209665741 0.2668400794477675 0.08132441106992579 0.04780224801081765
8 0.3365451020921002 0.277464665380316 0.06408234736759474 0.04603975334181776
2 0.5486705906593549 0.3354242580760419 0.05443452885594056 0.03811816534054513
2 0.2255828094411616 0.20974026869827128 0.0828869110699257 0.047820429344363105
6 0.26484119456555366 0.562684002705271 0.05734127404661713 0.03190452800763595
6 0.6376215071715762 0.16060661875395052 0.059558538474587405 0.05067270934118144
0 0.4388640594411616 0.21222202072722446 0.056324411069925515 0.047511346674090585
1 0.45376977450995326 0.5015754220639516 0.06359127404661713 0.03197725334181776
10 0.8413863363981857 0.5475088241167674 0.10120040145127893 0.03553860534690845
7 0.5434722030878921 0.14856914807445112 0.07115080290255768 0.06954997867599957