9 0.853125 0.31935211329915547 0.059375 0.028111711894930558
9 0.76328125 0.31781062471911625 0.053125 0.027784163274411532
9 0.67265625 0.3272475797166418 0.0484375 0.027538501809022266
9 0.57265625 0.330925857644946 0.040625 0.028691566033373483
9 0.48203125 0.33333156264247155 0.04375 0.027292840343633086
9 0.384375 0.33610575983808105 0.040625 0.02712906603337357
9 0.29296875 0.3408961584131715 0.046875 0.03058161465389251
9 0.18515625 0.34029637211712443 0.053125 0.027784163274411532
3 0.1765625 0.6219967514703381 0.0546875 0.03255355042954129
3 0.28125 0.6094790620766446 0.04375 0.030417840343633172
3 0.3859375 0.6039926226829513 0.046875 0.03214411465389251
3 0.484375 0.6035212319097769 0.0421875 0.03033595318850324
3 0.57109375 0.5896014948000756 0.040625 0.03025406603337366
3 0.65703125 0.5929102012679394 0.04375 0.028855340343633174
3 0.75234375 0.5886963348050245 0.05625 0.031072937584671223
3 0.84921875 0.5812755811869799 0.059375 0.029674211894930736
11 0.85625 0.256688338988896 0.078125 0.04471935775648763
11 0.171875 0.27849241293572724 0.071875 0.047516809135968605
5 0.1734375 0.6854417757805976 0.0703125 0.04743492198083885
5 0.84140625 0.6449662669626286 0.078125 0.04471935775648763
8 0.265625 0.26967293362794215 0.059375 0.049986711894930556
8 0.7640625 0.25370718114155133 0.078125 0.05409435775648763
2 0.27890625 0.6822581428093393 0.0625 0.05327548620519007
2 0.75625 0.6486478669172001 0.065625 0.050314260515449585
6 0.6765625 0.2645428618288174 0.059375 0.042174211894930556
6 0.3796875 0.2660389213034703 0.0578125 0.0436548247398008
0 0.665625 0.6479285719147257 0.059375 0.040611711894930555
0 0.37421875 0.6678880263464244 0.053125 0.041846663274411534
1 0.58125 0.6554754782917322 0.0703125 0.05524742198083885
10 0.47265625 0.2611666355732501 0.059375 0.05311171189493056
4 0.47265625 0.6658541355732501 0.059375 0.05311171189493056
7 0.57734375 0.2650551961795567 0.071875 0.05064180913596861