9 0.8606443868444075 0.136365645890352 0.04317167984777583 0.06273634933607006
9 0.8662630340689385 0.22849860373587427 0.04285334486680377 0.054923849336070064
9 0.7945060977953722 0.32186278435583765 0.03947367688202626 0.04865566861791084
9 0.8539342000393686 0.6269133778381752 0.04266234387822045 0.05023634933607006
9 0.7826083452867332 0.7288667632785988 0.04278967787060921 0.05336134933607006
9 0.8526250735379033 0.8315599712223168 0.044606845855386726 0.05962043969514994
3 0.5492281595074585 0.8208280460633027 0.02716467787060921 0.05327044574527386
3 0.5591217657429687 0.712202479806524 0.025347509885831697 0.047011355386194255
3 0.561824954487993 0.6075240701656035 0.02365767589344294 0.04387726502711473
3 0.6744244080617647 0.4319104709277294 0.03147017589344294 0.0439227168225127
3 0.573367221331088 0.13256952196100164 0.02435801285158128 0.061064765027114644
11 0.9201414732710733 0.5163980586545304 0.061603344866803765 0.05503293364502539
11 0.9270188033463104 0.1367605556294682 0.060995849809719616 0.07846134328594587
5 0.48916741000175 0.8188342748878679 0.0326161818249421 0.0720477168225127
5 0.5058972425484451 0.4274234797083281 0.030353344866803765 0.05485112646343313
8 0.618533846806789 0.3275729497522947 0.03561384783255317 0.06894089754067192
2 0.6143451180241462 0.6220587479568965 0.04030134783255335 0.06896816861791084
6 0.6719573467696079 0.7224809287732517 0.03979201186299815 0.05646816861791084
6 0.8556638433095667 0.7378145164018568 0.061921679847775836 0.0628454336450254
0 0.7388781803048862 0.32609174210316405 0.046296679847775656 0.06275453005422929
0 0.6802207633086919 0.3279951305686497 0.04004667984777566 0.06271816861791084
7 0.9247494243362061 0.7483474954228138 0.07818334980971961 0.07856133723582168
1 0.4973632064651593 0.5985263200674076 0.033669345855386903 0.05955680718159222
4 0.6358035543348934 0.1337684075978169 0.04613485376405215 0.09712043969514968
10 0.8062977850575216 0.22416108256043957 0.06612901878308017 0.0894261143631847