9 0.8395307598961159 0.8199825292344587 0.04088106426490725 0.06386409255827133
9 0.7304619852855095 0.7268178609929569 0.03275031551854859 0.05265377404661713
9 0.8340630437444292 0.524560901829797 0.040380959092057724 0.04667659255827132
9 0.8417067445232167 0.3303471103599847 0.040335494985435004 0.04511409255827141
9 0.7715640775927424 0.23113084956021152 0.038909387305303154 0.04974702885594055
9 0.843540714502334 0.12460554184833042 0.040699207838416386 0.0576140925582714
3 0.5557778855229365 0.8244170912075092 0.0235571719450391 0.05857639183263208
3 0.5491090337152993 0.6221006230586744 0.02480142319868044 0.04769345553496276
3 0.6037534181176085 0.5380777979235981 0.02461956677218957 0.04144345553496294
3 0.7163777870805115 0.43091508395111494 0.032522994985435004 0.04484127404661713
3 0.6559845416993652 0.23673106353269482 0.029579851411925873 0.05098214664195542
3 0.7184497862890887 0.1258456380347989 0.03288670783841656 0.05734127404661713
11 0.9043745098961159 0.8177181355877281 0.055489133544379496 0.08310516587924903
11 0.9101144490629279 0.10116555264810363 0.06022209765100221 0.08483135698624168
5 0.4963584552646271 0.5293154115332619 0.029716243731793667 0.055669646641955416
8 0.7919881701626725 0.8255529721555497 0.05245506175762475 0.08612103847458741
8 0.7758544239901033 0.32482628585788065 0.04878449247815268 0.0672619110699257
2 0.8439020788463836 0.2176561374018267 0.056960705331134065 0.08003472958157998
2 0.7195602745440992 0.5402900839511149 0.04065374373179385 0.05605159255827132
6 0.8973335850480828 0.629491449290059 0.05650606426490725 0.06440972958158006
6 0.4867942724990352 0.2543699752355927 0.03610263605166182 0.06057540145127884
0 0.8446391794003795 0.4311283603599847 0.054761707838416385 0.05810516587924912
7 0.9087591668639672 0.5383753759690814 0.07548338479802083 0.07287699400955035
1 0.5494630717202476 0.44612840010051646 0.03297763605166182 0.06046627404661713
10 0.5090847419494272 0.8323040022774346 0.03723923871722903 0.09963790145127902