9 0.566459143919517 0.8653839307367696 0.02533319994353036 0.05962953866963616
9 0.5691753492658934 0.7779748374044967 0.02653167889684287 0.0533977200031817
9 0.5059025335655825 0.6835521280633152 0.02616765785015538 0.0471477200031817
9 0.5505500917263215 0.4045737000715876 0.027548147326811722 0.04404090133672707
9 0.4853052523484873 0.3031015593968607 0.0259856473268119 0.044022720003181706
9 0.5439529392790122 0.21087824407222397 0.027912168373499212 0.05029090133672709
3 0.29670038076533733 0.8583414007001803 0.037651189420186526 0.056649989337999786
3 0.39558041261771715 0.5721868193825432 0.03223564732681172 0.044095445337363516
3 0.2803363022637827 0.3897186700349984 0.03848564732681172 0.044168170671545326
3 0.2750201997317688 0.28504026070177113 0.03692314732681172 0.04414998933799978
3 0.26189159719975486 0.18027094470081662 0.04059417889684287 0.05356135200509069
11 0.6229821597045325 0.8707259587444055 0.03423776308359248 0.07847044533736351
11 0.6075196995200073 0.5114145934118145 0.031037168373499215 0.05032726400381797
5 0.22329588894019384 0.5631556226925443 0.05309417889684287 0.05370680267345431
5 0.19682033404557525 0.17561016935868062 0.057220236775233246 0.07093066534054512
8 0.34120299673387955 0.6707055880410435 0.04610072625188959 0.06767839600572696
2 0.3242760180629156 0.38008058804104355 0.0547476841585147 0.055287484006999676
6 0.3830602128859484 0.2902010227164068 0.04059417889684287 0.05356135200509069
6 0.5451429839326358 0.29833279073836033 0.03452618942018652 0.05661362667090888
0 0.39901549673387954 0.6713782973822251 0.037742194681858444 0.05821248933799979
0 0.45393050988805916 0.6759208940563155 0.0347992052052021 0.061301126670909055
7 0.5973047234092921 0.29581686541213276 0.038470236775233244 0.07071248933799978
1 0.2038648075254545 0.3903902846912716 0.0722992052052021 0.06173747867599957
4 0.35290487813450144 0.8582146787078162 0.05702281570031094 0.09434998400699968
10 0.5090190992658934 0.7772748560629971 0.039380289391951706 0.08633748933799978