9 0.16836515056663126 0.7142960994308071 0.06340928213245363 0.032340941558013724
9 0.2584362210997447 0.7236768279204517 0.05403428213245363 0.03217730032431163
9 0.34899302493981066 0.7229149431795714 0.05403428213245363 0.03217730032431163
9 0.45296747109974467 0.727072383519769 0.044659282132453626 0.032013659090609534
9 0.5437061313663014 0.7325604987788887 0.044704746239076346 0.033576159090609535
9 0.6438425236861695 0.7389935052717105 0.043096782132453625 0.031986385551659245
9 0.7345129877927921 0.7421378705308301 0.04787521034569906 0.03519320616851011
9 0.8472630403792168 0.7526953153352547 0.05559678213245363 0.03220457386326192
3 0.17619305628084145 0.44660008482031055 0.0584489974927175 0.0228841209411625
3 0.27541180628084144 0.44833195454365715 0.05693196159934022 0.02441934740221221
3 0.37001125244077543 0.4523257536501527 0.04760242570596294 0.025818206168510115
3 0.4554175550272002 0.46240591152294624 0.04130696159934022 0.024146612012708957
3 0.5434714844940868 0.4561343664736405 0.044477425705962935 0.025763659090609535
3 0.6405510729738888 0.46485657588856155 0.044477425705962935 0.025763659090609535
3 0.7453067691338229 0.46902765299823435 0.04755696159934022 0.024255706168510117
3 0.8522016268139548 0.46620839041633266 0.053852425705962756 0.02592730032431163
11 0.16473769688484985 0.777481892044481 0.07944345909205777 0.04667617694751698
11 0.8592833187507466 0.8169350933384318 0.07650031551854823 0.052871629869616396
5 0.8557608843358022 0.4006788478026587 0.07305706677218993 0.04187958279171564
5 0.1837494920159342 0.38426372605401254 0.07296613855894432 0.03875458279171564
8 0.2572207135778973 0.789247280842551 0.0733753155185485 0.05281708279171564
8 0.7633032290173034 0.8191640206929861 0.061102636051661816 0.06041139448011288
2 0.2713631522824909 0.3896972942352316 0.06680706677218975 0.0417704886359143
2 0.7432608843358022 0.39871515299823435 0.062210494985435 0.04481366801906326
6 0.3461922853646519 0.7876768725627203 0.06386392319868044 0.04796594155801355
6 0.6499083187507468 0.8132804391190863 0.05761392319868044 0.04785684740221221
0 0.3629512587089816 0.3975427962638265 0.05725021034569906 0.03535684740221221
0 0.652036490762293 0.40336965096963934 0.05564224623907634 0.03376707386326192
7 0.44795937384445395 0.7964809025944926 0.07204013605166182 0.06060230925276535
1 0.4473262587089817 0.39901556736714483 0.070022994985435 0.04495003571381497
4 0.5535080625490476 0.398526418015768 0.05743206677218975 0.04160684740221221
10 0.5537691046441241 0.8100406164736403 0.06431856426490726 0.06359094155801373