9 0.4095315165500054 0.8373882988476616 0.02412839067472685 0.06060330732694617
9 0.404308761895323 0.7494345974681806 0.02561816534054522 0.0544351944820761
9 0.40847918857418614 0.6594270731579212 0.024055665340545172 0.05435330732694634
9 0.40808938458786725 0.5587277103130509 0.022347714672181596 0.041771420171816585
9 0.40755412993318485 0.4705283474681806 0.023946577339272503 0.04497830732694634
9 0.4055563726130025 0.3738171217784402 0.023946577339272503 0.04497830732694634
9 0.4065836179583201 0.28553587177844014 0.025545440006363405 0.0481851944820761
9 0.4023693799729558 0.17800997682139424 0.024019302673454312 0.051228307326946255
3 0.6822932373090465 0.1430396760531687 0.03499316534054522 0.05492651741285455
3 0.6732353159611837 0.25048036182881744 0.03175907733927232 0.04538774310259504
3 0.672789325946866 0.35590816825125254 0.0317590773392725 0.04538774310259504
3 0.676367764600594 0.4509750067858633 0.03170453333863606 0.040700243102595124
3 0.6667376785885036 0.540487886139077 0.0317590773392725 0.04538774310259495
3 0.6719877052435042 0.626097837518558 0.0317590773392725 0.04538774310259512
3 0.6724593252307776 0.7197659503634283 0.033430665340545215 0.0548446302577247
3 0.6713048105506416 0.8189847003634281 0.028779528007635946 0.057723968792335344
11 0.35010197254936903 0.8451875107425921 0.03528406667727228 0.07992651741285464
11 0.3423403993077739 0.1702251322938897 0.03993520401018138 0.07704717887824382
5 0.7355036705522325 0.8039085770031082 0.04462270401018138 0.07729284034363308
5 0.7471733499761374 0.13651635911528398 0.04925566000954511 0.0728510018090223
8 0.3373523599618199 0.2633986001817141 0.042842028007635945 0.05846095318850324
8 0.34335308056177755 0.754190696518241 0.04618520401018138 0.07737472749876276
2 0.7341417125636867 0.719656407735803 0.0538704346753633 0.06684666327441154
2 0.74828985996182 0.24186227838258936 0.060029528007635946 0.05936171189493056
6 0.3490678259070952 0.6656637850528517 0.03357611600890866 0.0673446302577247
6 0.3391864852800934 0.37417232587145455 0.035102253341817755 0.06430151741285454
0 0.7297365705760951 0.6285367627787571 0.044404528007635946 0.058542840343632996
0 0.7370154579487751 0.33848829489093274 0.04436816534054522 0.05541784034363299
7 0.34785131858691276 0.5689116157855463 0.04142497867599957 0.07087906603337349
10 0.33888594593413945 0.46710013229388975 0.04445907200827239 0.06323034034363317
4 0.7413660559357302 0.4342954398479786 0.056959072008272216 0.06388543758467105
1 0.7354058625875491 0.5439161013133679 0.05708634134309047 0.07482293758467104