9 0.1434384661351417 0.48032066679374985 0.05950226502711464 0.02325696846486114
9 0.23089301433974357 0.4704715816876387 0.053261355386194253 0.024673998100139018
9 0.32497935762568947 0.5261020262168052 0.047011355386194255 0.024528527735416715
9 0.6043123336215844 0.45865472739548563 0.04389544574527378 0.026018292553055745
9 0.7054390172666098 0.5156840177643397 0.04388635538619425 0.024455792553055567
9 0.7980350625443455 0.44945764608909655 0.05014544574527378 0.026163762917777868
3 0.14891280307637572 0.7497609978157985 0.05645907825883123 0.037246733282499986
3 0.435740116504484 0.627444361038576 0.0439227168225127 0.030705792553055566
3 0.6175991705628184 0.7279132204616314 0.04395907825883114 0.03695579255305574
3 0.7222821253832785 0.7246953418525341 0.043949987899751616 0.035393292553055566
3 0.827010531999137 0.7292899632434369 0.05334316861791066 0.038736498100139016
11 0.13842371320827546 0.4241797695672916 0.07829771682251274 0.03150587955902786
11 0.49776689695149673 0.4103464735957635 0.05016362646343318 0.02928876291777773
5 0.44377130600324205 0.7991557068782635 0.05341589149054791 0.051236498100139014
5 0.831294031900941 0.7940427942654854 0.07061248184962743 0.05319904160312507
8 0.33687134532904933 0.6899099530785413 0.06743293969514967 0.04375130642076393
2 0.6274963453290493 0.6831455811189577 0.05498748184962743 0.052835365691319504
6 0.717748640606785 0.6169737608304855 0.053343168617910844 0.038736498100139016
6 0.7105577884420445 0.4554004811952078 0.056431807181592394 0.03255923328249999
0 0.3365350020431035 0.6320974530785414 0.05801248789975162 0.035720600873680654
0 0.33231058947531683 0.5775008720564928 0.0611193071815924 0.03266833605604162
7 0.7133782614128774 0.4029839960128466 0.07051248789975162 0.03601154160312507
1 0.6164820981577197 0.804512088052812 0.06133747579950324 0.07016833605604163
4 0.1493668001495095 0.6934928140202082 0.09404998184962739 0.053744555470833434
10 0.23124299316430888 0.5306278316876387 0.08613748789975162 0.03637521751493065