9 0.7034504547845841 0.8690358211414935 0.03114220364722229 0.06319098423243048
9 0.7075911344961117 0.7785562915062159 0.029397865691319323 0.055342116641250175
9 0.7015573804120492 0.6870591225282645 0.029288762917777867 0.05065461664125017
9 0.6983940531897227 0.5846971887326742 0.030633057370694418 0.04131598423243048
9 0.6986284829012505 0.494126740119445 0.02910692496187508 0.04284211664125
9 0.6986447070656948 0.3941812915062159 0.029143292553055568 0.04440461664124999
9 0.6965535705728128 0.30433754150621584 0.030778527735416717 0.047565984232430567
9 0.6994402215989932 0.1935273280753478 0.029361498100139015 0.05377961664125004
3 0.43784363858017433 0.8636345806407988 0.02481946846486114 0.05992051386770854
3 0.4347530465402089 0.7643976468452086 0.026272865691319324 0.05526938145888884
3 0.43333405727378527 0.6698845806407989 0.027653527735416718 0.047493249050069505
3 0.43760202355444494 0.5848738010055212 0.026018292553055565 0.04433188145888885
3 0.42693532085715324 0.49561127925402815 0.026018292553055745 0.04433188145888885
3 0.427823713999549 0.39959026443638923 0.027580792553055743 0.04436824905006951
3 0.4261683353904516 0.29492094823197956 0.029216027735416716 0.047529616641249994
3 0.41588283919017377 0.18848911027607673 0.029506968464861137 0.06002961664125004
11 0.7667680723757646 0.8720712085843061 0.04556837955902786 0.07914329255305574
11 0.7631754132783681 0.18095589931375064 0.04862064437666671 0.07609102773541672
5 0.3759430506242715 0.854385560789167 0.039209276785486226 0.07431032218833344
5 0.35260158919017376 0.1870162228332642 0.040699041603125076 0.07122168977951393
8 0.7732161344961117 0.7800837303357993 0.05487064437666689 0.07623649810013902
8 0.7700267849536113 0.2740337520872923 0.05461607123840295 0.06529899810013892
2 0.37546896551816034 0.7669219283803475 0.04371493882958335 0.06660692496187508
2 0.3543115191860419 0.2940292890376739 0.04669446846486114 0.06042966014423614
6 0.7656380642076395 0.6893314437666673 0.04204333605604162 0.06188305737069442
6 0.771119119109792 0.3880598844961118 0.04520470364722229 0.06351829255305556
0 0.37882839522968803 0.6764242149494795 0.035756968464861136 0.060175087005972294
0 0.3651055084524656 0.388760560789167 0.038736498100138926 0.05399782218833336
1 0.37375772910152827 0.5927577297671183 0.0469126740119445 0.06980466014423606
4 0.3657977991056601 0.48559919319798645 0.04513196846486114 0.06039329255305557
10 0.7741551597629865 0.48495306829170204 0.057704703647222286 0.06380923328249999
7 0.7672167883720837 0.5894223627446188 0.054761541603125075 0.07154899810013901