11 0.67421875 0.259375 0.04140625 0.07734375
11 0.67890625 0.4515625 0.040625 0.0640625
6 0.50390625 0.2484375 0.03125 0.07109375
6 0.50703125 0.6375 0.03046875 0.05390625
8 0.6140625 0.54453125 0.0390625 0.06171875
8 0.61484375 0.26171875 0.03359375 0.07890625
10 0.6171875 0.4390625 0.04140625 0.0671875
7 0.68125 0.5515625 0.05234375 0.0671875
5 0.5609375 0.440625 0.0328125 0.06015625
5 0.67578125 0.63671875 0.04140625 0.0625
2 0.50625 0.54453125 0.034375 0.0671875
2 0.509375 0.4390625 0.03046875 0.07265625
0 0.55625 0.540625 0.03203125 0.0578125
0 0.56015625 0.2546875 0.03203125 0.075
4 0.55703125 0.35234375 0.0359375 0.0796875
1 0.61875 0.3546875 0.0421875 0.08671875