11 0.396850937310972 0.27960013985782706 0.06351829255305556 0.047390210466874014
11 0.3973256756274651 0.15864289775033477 0.07311149810013902 0.057311242036905075
6 0.6957404193592011 0.3768798743551601 0.06635235182361114 0.03507222099021767
6 0.7146222784010068 0.13548132963094944 0.07314786569131951 0.058873742036905076
8 0.5003961242406942 0.15498030047999273 0.06693423328249999 0.060072220990217674
8 0.5126382850505206 0.3329309952324383 0.06955008700597229 0.03837923151356133
7 0.4063337336637497 0.34146310302612404 0.06660692496187504 0.046009720990217676
5 0.6023924224933331 0.2645079479479789 0.06824216014423605 0.0492257262518895
5 0.4075319045415622 0.39054534513361633 0.06013871941479163 0.03627069994353027
2 0.7024820350505205 0.3218738559393087 0.07431032218833344 0.0417772472985769
2 0.7001032238801039 0.25647636909348825 0.06373649810013901 0.056765210466874015
0 0.6036665946054166 0.1427239532096507 0.07318423328249998 0.06043624203690508
0 0.6087502188461109 0.3265529216396196 0.060138719414791805 0.03627069994353018
1 0.4998135895714234 0.2135285478491568 0.07481946846486114 0.06365224729857691
10 0.5032827752668748 0.2655992820641413 0.06678876291777769 0.053822220990217676
4 0.612349957162604 0.2054136690087837 0.07634560087368066 0.06218075256024873