9 0.16871676384876427 0.80095448770336 0.05960225897699045 0.03940793364502539
9 0.2540133935336512 0.6912982074527388 0.0548602168225127 0.03000566256778665
9 0.45928722169428654 0.7932702944921688 0.04553066861791066 0.03776362041330881
9 0.653073583130605 0.8006474990180413 0.04709316861791084 0.03777271077238851
9 0.748762812151562 0.7316753061014378 0.0470568071815924 0.03152271077238851
9 0.8577701734896845 0.8034008360574714 0.056468168617910666 0.03782725292686626
3 0.14285265885535345 0.5180010871376257 0.05950226502711464 0.022220433645025395
3 0.3443697070599554 0.5113612434588964 0.04700226502711473 0.02214771077238851
3 0.43218786962774197 0.5665578035673551 0.03918976502711473 0.02210225897699054
3 0.5445520351223949 0.6781452642415478 0.04391362646343318 0.028379530054229284
3 0.7348134207592102 0.6167542880492611 0.04545794574527377 0.025263620413308985
3 0.8484491947633153 0.6783508390825335 0.054851126463433174 0.02844316256778647
11 0.8862769685710287 0.8691894625209045 0.08470225292686635 0.05674087939029917
11 0.1729957185710286 0.8650397136010589 0.07843407220870705 0.05357951795398108
5 0.4339043848512484 0.4587589391059745 0.0595568071815924 0.03159543364502539
8 0.15671621271729613 0.7524488100102628 0.07842498184962739 0.05201701795398091
8 0.6534775832288009 0.7358082941975812 0.06429884933607007 0.040997704722264314
2 0.4375389658405541 0.6806475746445939 0.05959316861791084 0.03784543364502539
2 0.7648014234896847 0.8028599596922341 0.08154089149054791 0.050472698672140125
6 0.707278252337691 0.44941225194490764 0.06271816861791084 0.03786361436318479
6 0.35810651677563055 0.8583044211519937 0.06280907220870695 0.05348861436318444
0 0.5546588090283041 0.8039810563960256 0.06121021077238851 0.047229524004105
7 0.45268776375056846 0.8674481378763105 0.07071247579950324 0.06915906615858276
1 0.5209367522394952 0.5131697040348933 0.06268180718159222 0.03161361436318479
10 0.13242369808296495 0.4710669998036082 0.10174430718159236 0.03184087334017516