9 0.8343370759211401 0.394770019892093 0.06264544574527378 0.026090941558013548
9 0.7345683591968233 0.4910331396154396 0.04856476502711473 0.022720479707460585
9 0.549989346998379 0.39504630398105484 0.040761355386194256 0.024146612012708867
9 0.3656734343323965 0.38810833157719493 0.04388635538619425 0.024201159090609537
9 0.2629842506873711 0.4492697483784422 0.040761355386194256 0.02414661201270878
9 0.16807172648687424 0.3821834342544129 0.05328862646343313 0.029052300324311543
3 0.8218360341594458 0.6637109346647454 0.05486930718159248 0.03220457386326192
3 0.6202917148776051 0.6641042211893392 0.047038626463433174 0.028943206168510115
3 0.5432888533430908 0.606860511367381 0.04391362646343318 0.028888659090609538
3 0.452518928478664 0.4990810133959759 0.039207945745273774 0.02568183847375849
3 0.2514467869881163 0.5525856631510946 0.05014544574527387 0.025872753246410873
3 0.1549081302740621 0.4964641225660157 0.05014544574527387 0.025872753246410873
11 0.15124329567051914 0.3207646931828667 0.07837953005422929 0.04511367694751698
11 0.8393654643866257 0.3360944492752419 0.07522725897699054 0.04037162986961631
5 0.5207457119507388 0.7220860909126857 0.05496021077238851 0.04782957386326192
8 0.35751095550783124 0.4484009492719466 0.05956589754067192 0.03384889448011297
8 0.8410910699692117 0.4423035389668164 0.08456589754067201 0.03428527110331832
2 0.556402452580965 0.5011735730557783 0.050181807181592396 0.032122753246410875
2 0.2578791150505557 0.3868652057647684 0.0783068071815924 0.032613676947516976
6 0.6588739884889268 0.3431507930240062 0.0595568071815924 0.032286394480112966
6 0.2457320764121195 0.7292299837679457 0.06279089149054773 0.051090941558013726
0 0.4633115036142373 0.3895287353927987 0.0548693071815924 0.03220457386326192
7 0.5714330758229443 0.33452186120522526 0.06900453005422928 0.04495003571381488
1 0.4437246696980653 0.6679673810907276 0.061246572208706954 0.05418866801906326
10 0.8230894619507388 0.716808661125795 0.09875566256778674 0.056405732953871454