11 0.679562342264197 0.7765424836031982 0.041758132066747146 0.08321529172311415
11 0.6757811657608024 0.5854637822237173 0.040611711894930555 0.06134029172311415
6 0.5143877216174106 0.7764561951594445 0.035180583446227945 0.07663774310259494
6 0.49790406999010245 0.38759841304726894 0.032635437584671044 0.057805855947465366
8 0.6082451057203226 0.4860945460185272 0.03921298620519007 0.06438340456798422
8 0.6224492051090673 0.7719911024409623 0.03534435775648763 0.07976274310259512
10 0.6137315451140161 0.5907820460185272 0.03921298620519007 0.06438340456798422
7 0.6721438314100632 0.48632691937884703 0.05352114767057934 0.06980788896415202
5 0.6622122314554917 0.4008840643358929 0.040693599050060314 0.06290279172311397
5 0.5598252951140161 0.5879569391665507 0.034443599050060315 0.06257524310259513
2 0.5089621579588863 0.5837331066248339 0.034853034825709096 0.07038774310259513
2 0.4997741864530173 0.4827471387370094 0.042256099050060315 0.06298467887824373
0 0.5687476729968917 0.7730722455889859 0.03674308344622812 0.0767196302577247
0 0.5498970171857119 0.48771127770116146 0.0358423247398008 0.059532130257724705
4 0.5605456693788471 0.6760334712787264 0.03846935775648763 0.07992651741285464
1 0.6212375079134578 0.6745395703287868 0.04529256784239592 0.09119156603337367