11 0.43359375 0.28359375 0.0328125 0.06875
11 0.4390625 0.47109375 0.0328125 0.0546875
8 0.37890625 0.2859375 0.0375 0.07109375
8 0.375 0.5671875 0.04609375 0.053125
6 0.2671875 0.665625 0.0484375 0.05625
6 0.26640625 0.27578125 0.0453125 0.0640625
10 0.3765625 0.46328125 0.04609375 0.0625
7 0.43671875 0.56796875 0.0390625 0.0609375
5 0.4359375 0.6515625 0.034375 0.0578125
5 0.32421875 0.46640625 0.04453125 0.06171875
0 0.32265625 0.278125 0.04296875 0.0734375
0 0.31875 0.5625 0.04453125 0.06015625
2 0.26953125 0.46875 0.05 0.07421875
2 0.2671875 0.571875 0.04765625 0.0625
4 0.31796875 0.3765625 0.05234375 0.075
1 0.37890625 0.38125 0.0484375 0.07890625