9 0.315625 0.8460093821291672 0.028125 0.06191964664195524
9 0.3078125 0.7572197006408213 0.0296875 0.054161710344286365
9 0.3125 0.6656497595338289 0.0296875 0.052599210344286364
9 0.3109375 0.5641418232361597 0.0296875 0.044786710344286364
9 0.30859375 0.472036168789656 0.0296875 0.04166171034428619
9 0.30546875 0.3729265461943177 0.028125 0.04473214664195542
9 0.3046875 0.28154757804548314 0.03125 0.04796627404661713
9 0.29765625 0.17241811470597196 0.0296875 0.052599210344286274
3 0.58125 0.8320460527329218 0.021875 0.05701389183263217
3 0.58125 0.7336085527329216 0.0234375 0.050818455534962934
3 0.5796875 0.6383506164352525 0.025 0.0477480192372937
3 0.5734375 0.552631371244576 0.028125 0.047857146641955416
3 0.58125 0.46407730273292164 0.025 0.043060519237293704
3 0.57578125 0.3666120256910796 0.025 0.04618551923729371
3 0.575 0.2635143075422451 0.025 0.044623019237293705
3 0.58203125 0.15701877088175623 0.025 0.050873019237293704
11 0.25234375 0.8536879620735668 0.04375 0.07965278366526399
11 0.23359375 0.16293647650153703 0.0484375 0.07669147477225655
5 0.646875 0.15397312723502568 0.04375 0.07027778366526398
5 0.64296875 0.8189532864908529 0.0375 0.07630952885594056
8 0.24296875 0.761046594287552 0.05 0.07362103847458741
8 0.22890625 0.2576314176085296 0.0546875 0.061284729581579975
2 0.640625 0.7323163820443491 0.0421875 0.06553571996293303
2 0.64765625 0.2601958453838603 0.046875 0.06101191106992569
6 0.24765625 0.6710391531805594 0.04375 0.060902783665263985
6 0.23203125 0.37236604020386793 0.04375 0.05621528366526398
0 0.63515625 0.643444855002507 0.0375 0.05755952885594055
0 0.63828125 0.3534919775978454 0.034375 0.05432540145127884
7 0.24296875 0.569640344287552 0.05625 0.07383929328391084
1 0.63671875 0.5590152913001762 0.046875 0.07194941106992551
4 0.64140625 0.45025785019318365 0.04375 0.060902783665263985
10 0.23203125 0.46689729020386783 0.059375 0.06613592068857237