11 0.6627454373091595 0.6991927855698699 0.07038691106992552 0.05007708271265763
11 0.6789557690676576 0.5923605887130229 0.06704365626060227 0.043681533498445904
8 0.5786035942027339 0.5400960754784567 0.06995040145127884 0.037577082712657625
8 0.5644170647138212 0.7006525858175389 0.07049603847458741 0.053202082712657625
6 0.37025783694633974 0.7213953870986651 0.06123016587924912 0.05589043507002245
6 0.39691957378431386 0.4939595918133948 0.05577877404661713 0.033797111248705033
10 0.5787647961094997 0.6024869135677978 0.07038691106992552 0.05007708271265763
7 0.6871700623515685 0.5358194902845995 0.08891865626060227 0.04470037799792799
5 0.6810217552726596 0.48852711332012877 0.07452877404661713 0.03467040653397539
5 0.484315391662996 0.6045460272977022 0.05766865626060227 0.043244885855810725
0 0.4695584324998361 0.7144304495474432 0.06112103847458741 0.052765435070022626
0 0.477767780500403 0.5463525376367844 0.057450401451278846 0.0369948858558109
2 0.38978414166299596 0.6089488910276065 0.05783234736759475 0.04793238585581072
2 0.3911854397562302 0.5464852783311596 0.06515377404661712 0.03423375889134021
4 0.4668625076349123 0.6576175233687607 0.06591766587924912 0.05610875889134022
1 0.5755108213372432 0.6509971881749037 0.07998016587924912 0.05676373035529281