9 0.19734356777088666 0.7451141473583626 0.053670470779006774 0.03186816534054522
9 0.3074725442319363 0.7448334313733163 0.04747501785690744 0.03492044000636341
9 0.3989469780793121 0.7498032893857248 0.04117047077900686 0.031722714672181594
9 0.4997691383877377 0.753319735399406 0.04591251785690744 0.03490225867281786
9 0.5896537986961632 0.7567089120782692 0.042787517856907445 0.034865896005727134
9 0.6944094825435391 0.7618333114258139 0.050600017856907445 0.034956802673454135
9 0.7843896002382907 0.770691238104677 0.05372501785690744 0.03499316534054522
9 0.8773174399298652 0.7694292774506309 0.06153751785690744 0.03508407200827239
3 0.23766501014297442 0.4597039060311804 0.055123876623205434 0.025636346674090583
3 0.3409809249156268 0.4718413740451798 0.047311376623205434 0.025545440006363405
3 0.44261160876300265 0.47692941072563366 0.04574887662320535 0.025527258672817865
3 0.5394729719935276 0.47727540340545127 0.042623876623205346 0.025490896005727137
3 0.625615023535655 0.48999412675045073 0.04418637662320535 0.025509077339272324
3 0.7138553632272295 0.48867762209576837 0.04725682954530477 0.022420440006363406
3 0.8092224103051302 0.49291168344204045 0.05509660308425488 0.02407384667409058
3 0.9077553676914565 0.49952585745540345 0.05981137662320535 0.02569089067472703
11 0.8706231550268292 0.8334008707829039 0.07897047970746059 0.04934656667727211
11 0.1781492828678506 0.8089402900222715 0.07746252678536125 0.05245338534372683
5 0.9066916996723933 0.4385883574554034 0.08182274431795733 0.03375792934436319
5 0.24518145535443603 0.3980851533656803 0.0615920649348082 0.0382090720082723
8 0.2705140608710278 0.8201692387014529 0.06041139448011297 0.06006589067472694
8 0.7777634991826305 0.8385690814369499 0.07603639448011279 0.06024770401018138
2 0.34993713920181185 0.40320955271322517 0.05695911201270878 0.04127952800763594
2 0.8207269261334428 0.436025884110404 0.07096706493480802 0.03831816000954511
6 0.6885646314878788 0.8297202454248594 0.06337275324641087 0.050727253341817755
6 0.3838634947184037 0.8253936353834976 0.06024775324641087 0.05069089067472703
0 0.4415343039744643 0.4152106607256337 0.05054547077900686 0.03183180267345413
0 0.7285666996723931 0.43651568543122277 0.05992047077900686 0.03194089067472685
7 0.5877697447184037 0.8277662994111783 0.07299321509696384 0.06489884134309029
1 0.646439992286067 0.4300924154200869 0.0788068384737585 0.03997156667727229
4 0.5377098745913153 0.4210163127386785 0.0584670649348082 0.038172709341181485
10 0.4808339521047299 0.8319896280633152 0.06364548863591431 0.06635225334181775