11 0.5500794793141155 0.7134522767289267 0.05490767589344294 0.04591467787060921
11 0.36176639581601827 0.7049991536875025 0.0612850098858317 0.049294345855386903
6 0.729109110227024 0.5514973992760593 0.06683467292769336 0.03236151384016441
6 0.3430442762346352 0.5326466512160446 0.06377333992388783 0.03379667984777566
8 0.35866130045492295 0.6479360701894054 0.07353034190105419 0.043553681824942105
8 0.638189632964437 0.6554262125082014 0.06415534190105418 0.04317167984777566
10 0.5360687174511174 0.6567247742574688 0.06766234387822045 0.052674013840164416
7 0.6508925628122126 0.718340047983465 0.0805443458553869 0.06255834980971961
5 0.7278861443331435 0.7128978142950875 0.07365767589344294 0.0466786818249421
5 0.5360567885919248 0.5990077747517605 0.0625291749048598 0.04154551285158128
2 0.6370171107213156 0.5500847965005903 0.06884284190105419 0.04336268083635879
2 0.5386114442194128 0.5468550257403436 0.06533583992388792 0.03386034684397003
0 0.6326771206071473 0.5967051285158127 0.062274506920082115 0.03529551285158128
0 0.34855678859192485 0.5913677352084334 0.06390067391627667 0.036921679847775654
4 0.4500237880976332 0.5931623399610688 0.0659088428896375 0.04792284684397004
1 0.45497788494160324 0.6573203404553605 0.0709146778706092 0.05592634783255335