9 0.5695863130353248 0.1371319945894581 0.026926114363184796 0.06280908267027256
9 0.5771311683233232 0.2253314285885036 0.02374657220870695 0.05339772000318168
9 0.51831068022718 0.3213348192632305 0.023710210772388506 0.0471477200031817
9 0.5832281948615111 0.6018484752546399 0.025236349336070062 0.04091590133672725
9 0.5244349778426066 0.7025393659293668 0.023673849336070064 0.0408977200031817
9 0.5914002849260032 0.7978604092536854 0.02530907220870695 0.053415901336727065
3 0.3110633451326576 0.8237802086250928 0.03469316256778665 0.055087489337999784
3 0.3166952007152436 0.7174574832909111 0.034656801131468115 0.048837489337999786
3 0.315309441836449 0.6135603239576838 0.03151362041330889 0.045676126670909055
3 0.4189470053627532 0.4318734246101389 0.028379530054229284 0.04407726400381797
3 0.3016539244716433 0.14650009329250188 0.031577252926866174 0.05661362667090888
11 0.6281573371376258 0.13254394458150393 0.033276108313060604 0.08006930800445433
11 0.6373020956236368 0.49574337858054945 0.03469316256778647 0.055087489337999784
5 0.24789870715815124 0.44167678063336524 0.04719316256778665 0.055232940006363404
5 0.24625595656897606 0.8307847339672287 0.04727497579950315 0.06929544000636341
8 0.3582089723816576 0.3325734059516386 0.03789088544042354 0.06762385200509069
2 0.3614531888113869 0.6216177246180932 0.04875566256778665 0.05525112133990877
6 0.42526622481754456 0.7122876306095026 0.03312157220870695 0.053506808004454245
6 0.5861946344584649 0.7088524532543218 0.03313975292686635 0.05663180800445424
0 0.41603056274073724 0.33346319661045715 0.031577252926866174 0.05661362667090888
0 0.4683515868430382 0.32894787193668473 0.028452252926866352 0.056577264003817976
7 0.6432577007152436 0.7136575845799131 0.04260565651766228 0.07236589600572696
1 0.2410816014773694 0.6128614373010924 0.0628545240041051 0.06166475334181776
4 0.3571090389330239 0.14351090595163857 0.04429542154477702 0.09425907733927245
10 0.517760713502863 0.2268035692632305 0.03486587939029935 0.08477498933799979