9 0.8940199106724197 0.5861301775235067 0.06076708163720568 0.02967421189493056
9 0.8052849592929388 0.5970477453659025 0.0544351944820761 0.027784163274411532
9 0.7082594730877487 0.5394609746736877 0.04810330732694634 0.02589411465389251
9 0.42481620929293873 0.6169872676399972 0.04514208163720568 0.028855340343633174
9 0.32466572308774866 0.5595642712580418 0.04497830732694626 0.025730340343633175
9 0.2282278143358929 0.6327737991863459 0.05287269448207601 0.027702276119281777
3 0.8846228199901024 0.3171345160581175 0.060848968792335256 0.031236711894930557
3 0.5974680580043149 0.44342585764494596 0.0513101944820761 0.02762038896415202
3 0.4162413121881864 0.348731912597043 0.048348968792335564 0.03058161465389251
3 0.31307536861062146 0.3533552148356066 0.04843085594746528 0.03214411465389251
3 0.2057575135676673 0.35349573496199466 0.057805855947465276 0.032635437584671044
11 0.8995982033000448 0.6477260967908121 0.08009029172311415 0.041594357756487635
11 0.5333147840327396 0.669272384668739 0.05509029172311415 0.04028416327441171
5 0.5909679952503015 0.2745530269122513 0.06166784034363317 0.04686171189493056
5 0.19997450305221773 0.2879935656946893 0.06948034034363304 0.04727114767057934
8 0.6968638704196437 0.38181224898394717 0.07055151741285445 0.03797803482570909
2 0.4047582575747735 0.3986876469932108 0.06462906603337348 0.04390048620519007
6 0.3178668464480685 0.6241590377663851 0.05821529172311406 0.040447937584671044
6 0.31634088873700944 0.4605092955683013 0.05155585594746528 0.03230788896415202
0 0.6958236708491852 0.43670446687177156 0.0639739687923356 0.03140048620519007
0 0.7009515841235967 0.48970663613907695 0.06241146879233561 0.03131859905006031
1 0.418642615897088 0.27496686397652403 0.06388543758467105 0.05944359905006032
4 0.8845276447299032 0.37511079036837697 0.09884029172311415 0.04257700361804462
10 0.8043941666653136 0.5352061646332079 0.08930151741285437 0.03896068068726617
7 0.31320700192056394 0.6847247235420338 0.07762038896415202 0.05393058344622794