11 0.26875 0.31171875 0.04765625 0.06875
11 0.375 0.29921875 0.040625 0.06484375
8 0.43203125 0.4015625 0.03515625 0.06953125
8 0.271875 0.41015625 0.04921875 0.06796875
6 0.26015625 0.60390625 0.053125 0.06015625
6 0.48671875 0.58515625 0.03046875 0.0546875
10 0.36953125 0.39921875 0.04765625 0.06953125
7 0.43125 0.29296875 0.040625 0.08671875
5 0.47890625 0.30078125 0.03203125 0.0734375
5 0.371875 0.49375 0.03984375 0.05546875
0 0.2625 0.5046875 0.05078125 0.05859375
0 0.43046875 0.50234375 0.034375 0.05703125
2 0.371875 0.58828125 0.0453125 0.05625
2 0.434375 0.5890625 0.03125 0.0640625
4 0.31953125 0.509375 0.053125 0.0640625
1 0.32109375 0.40078125 0.053125 0.07890625