11 0.39665167486496583 0.6439617458661708 0.06344555737069442 0.04353598428423435
11 0.37812184004319505 0.7551004530620998 0.06522626291777786 0.052983758891340216
6 0.6720192700390631 0.8485592388368575 0.06242857123840295 0.0669007096771285
6 0.6910738220914242 0.6255562324267168 0.06340918977951393 0.041973484284234176
8 0.49036857332569517 0.8061834559575839 0.06998649810013902 0.05632708271265789
8 0.4944533952296881 0.6456633329220547 0.05741376291777769 0.0526198858558109
10 0.48831445763437564 0.7515323432611369 0.06715243882958344 0.0686815334984459
7 0.38435496266836877 0.8212883792407822 0.06420927678548623 0.07634848428423444
5 0.38295677003906325 0.8620225411514412 0.04498649810013884 0.05516268899896417
5 0.5827547886564243 0.7432232295312325 0.05897626291777787 0.05269266046291676
2 0.6754884557345145 0.79599716501554 0.06849673328249999 0.05937930810555194
2 0.6765593400431952 0.7412005031048811 0.06366376291777769 0.05291098428423417
0 0.5864077719389243 0.7993640676205738 0.05606946846486114 0.06192211124870504
0 0.5887482558870144 0.6311042191921503 0.06344555737069442 0.04353598428423418
4 0.5941455771254173 0.6949847826743858 0.06700696846486114 0.0624315334984459
1 0.4848251285121881 0.7024227551717956 0.06697060087368065 0.0608690334984459