9 0.8357677677573161 0.28130940963434525 0.06377333992388792 0.03343254809323426
9 0.7445525187458992 0.27981388622070036 0.05427100593149916 0.02998016587924912
9 0.6543148379095405 0.3500569535512283 0.047893671939110226 0.026636911069925696
9 0.3621392667687329 0.3025297114405946 0.04177100593149907 0.02954365626060227
9 0.2656515859323741 0.37299103358044594 0.046331171939110224 0.02658234736759484
9 0.1613580167687329 0.30954114719010956 0.05433467292769345 0.03154266587924912
3 0.17561554045754807 0.5914533461016505 0.05420733893530465 0.02841766587924912
3 0.2799037924347144 0.5784498598966485 0.044832338935304604 0.028090283665263983
3 0.3831561264271032 0.5717236555428121 0.04476867193911023 0.026527783665263982
3 0.5515479821683218 0.4597444667980722 0.04151633794672147 0.02329365626060227
3 0.8512840439175893 0.5514755766947207 0.06039367193911005 0.027073420688572547
11 0.8344718646012861 0.21738331889017243 0.07678267589344294 0.046369057711881115
11 0.4639046966165086 0.23656491634258528 0.051782675893442945 0.04549603847458741
5 0.17541261060977242 0.6538715005481542 0.06734400889724856 0.0444791754978958
5 0.5604561140698135 0.6240425797747636 0.05784167490485981 0.04102679328391083
8 0.6556651377958097 0.508377885039574 0.06520850593149916 0.030362111795565028
2 0.36862805281483774 0.526202824417286 0.052963173916276585 0.036175602176918176
6 0.2708882311797386 0.47422615136646085 0.05583350593149898 0.030034729581580065
6 0.2504205167687329 0.3064310161572508 0.06259284190105419 0.04275298439090332
0 0.651579815666419 0.4554711398488974 0.06058467292769336 0.031760920688572544
0 0.6506194935370283 0.4024552672535592 0.06064833992388792 0.033323420688572546
7 0.23887286311841138 0.24520333947822853 0.08041701186299806 0.058978185116542826
1 0.3920098615983556 0.6416269277753306 0.061412343878220456 0.05207342068857255
4 0.8450778062748789 0.4931819270575405 0.09821200692008211 0.036195449544512925
10 0.749100755894318 0.3405058495602115 0.09228034190105419 0.04378969473518968