11 0.51015625 0.64375 0.03046875 0.0578125
11 0.50859375 0.45625 0.0296875 0.05859375
6 0.68203125 0.6625 0.0390625 0.0625
6 0.6765625 0.265625 0.03828125 0.07578125
8 0.5703125 0.365625 0.0375 0.0625
8 0.56484375 0.64609375 0.0328125 0.06875
10 0.56484375 0.46796875 0.03671875 0.06953125
7 0.51015625 0.35234375 0.03515625 0.0765625
5 0.51328125 0.278125 0.0296875 0.07578125
5 0.62109375 0.465625 0.0359375 0.0578125
2 0.68125 0.36328125 0.04609375 0.06953125
2 0.67578125 0.4625 0.040625 0.06640625
0 0.62578125 0.3671875 0.034375 0.06484375
0 0.62265625 0.65625 0.0375 0.0671875
4 0.62578125 0.55625 0.040625 0.0671875
1 0.5640625 0.54765625 0.03671875 0.06796875