11 0.5243780387824379 0.373028205998299 0.034443599050060315 0.06202877404661713
11 0.4170978052907814 0.386949351459128 0.03756859905006031 0.06213790145127884
6 0.6489021624814421 0.658271246835139 0.04077548620519007 0.06380952885594056
6 0.4336423326532586 0.6877033196079626 0.034607373360319826 0.06515377404661712
8 0.5832760832190855 0.4813292901190499 0.03501680913596843 0.07296627404661712
8 0.42538169606395576 0.4852777240544663 0.03880355042954129 0.05594246515360979
10 0.524477615331261 0.479469178956457 0.039212986205190245 0.06375496515360979
7 0.5847799502478273 0.3756150034585611 0.047107373360319824 0.06559028366526398
5 0.6292702566702624 0.3732786879421316 0.04406426051544958 0.06704365626060227
5 0.5324749010614813 0.5723288015517953 0.03452548620519007 0.06359127404661713
2 0.5970087918346557 0.6686928808632228 0.04126680913596843 0.07318452885594055
2 0.5428978239468314 0.6666690785936373 0.03921298620519007 0.06375496515360961
0 0.5882711996820003 0.5766417901190499 0.034197937584671226 0.05734127404661713
0 0.4272927561044354 0.581480601459128 0.03781426051544958 0.06682540145127866
4 0.48465155472495447 0.5857390263240518 0.03814180913596861 0.07307540145127885
1 0.48146792175369624 0.48018843077055556 0.03781426051544958 0.06682540145127884