11 0.24418717548734178 0.4694682157401179 0.07663774310259504 0.035180583446227945
11 0.4295481433751661 0.45585833785724217 0.057887743102595125 0.034197937584671045
8 0.24214331863536537 0.5233335221625529 0.07334896879233561 0.03189180913596843
8 0.5215851571699761 0.5133632213943273 0.06150406603337348 0.04373671189493056
6 0.22543277419871782 0.6340629822484611 0.07384029172311406 0.041266809135968606
6 0.6137959113538477 0.6121515241987179 0.06306656603337366 0.04381859905006032
7 0.5271634497976013 0.4515216406616327 0.06430151741285446 0.03765048620519007
10 0.42030926221293025 0.5132171364777612 0.06750840456798421 0.03937676051544958
5 0.6122378126424716 0.44862129070706125 0.06726274310259513 0.034689260515449585
5 0.418183518205824 0.5686449429001963 0.05985967887824377 0.042092324739800804
2 0.5191418306211529 0.6194494470840678 0.06479284034363317 0.04702548620519007
2 0.41465904850897733 0.6210296364777612 0.06931656603337348 0.04414614767057934
0 0.5156759938955645 0.5666519957045868 0.056652791723114146 0.04036605042954129
0 0.23384946178338892 0.577526377205507 0.07696529172311406 0.04143058344622812
4 0.3288753567404348 0.5780000107425922 0.07712906603337358 0.04455558344622812
1 0.3344127057904951 0.5169396800098977 0.08305151741285455 0.03863313206674697