9 0.1490440973582989 0.3576269804039587 0.060247822188333355 0.03922763605166182
9 0.23634407560680587 0.3464872404330886 0.05701371941479172 0.03444920783841656
9 0.3294401121759378 0.34925087608903904 0.06326371941479163 0.03463106426490725
9 0.42787761217593784 0.34638663737181014 0.044513719414791805 0.034085494985435096
9 0.5176304431979863 0.33986620124100597 0.050581881458888846 0.026454851411925783
9 0.6191747594023962 0.33612978431053164 0.05705008700597212 0.03601170783841656
9 0.7090366931979863 0.3342968481797275 0.044513719414791805 0.034085494985435005
9 0.8134878038553127 0.32109450303600784 0.06337282218833344 0.03931856426490725
3 0.8286277202678131 0.6020944504495832 0.053852351823611144 0.03279577962517131
3 0.7253390661075005 0.5980638314866801 0.04440461664124999 0.029397994985435005
3 0.6214509999030907 0.6018684445770883 0.04909211664125017 0.029534387305303157
3 0.5246851026766325 0.6093747191876946 0.03808188145888884 0.026091138558944314
3 0.4362038309251394 0.6033496912118761 0.047529616641250175 0.02948892319868044
3 0.3512112350854519 0.6128587350228122 0.04440461664124999 0.029397994985435005
3 0.2567345364722228 0.6179530634734844 0.05065461664125 0.029579851411925873
3 0.1590237350854519 0.6184508201374019 0.056831881458888935 0.02663670783841656
11 0.13975870991548636 0.2945730509370721 0.07899782218833336 0.039773205331134064
11 0.8237518502080906 0.25825352223633774 0.07445579255305565 0.04588681301126609
5 0.16754605632385472 0.6823087316576 0.07594555737069446 0.042807277117888634
5 0.8355875415062158 0.6659978260764037 0.07445579255305575 0.04588681301126592
8 0.7299109312301392 0.25707511863369864 0.05581489532659738 0.05002874373179385
8 0.23487118816399327 0.2832059904330886 0.07311149810013892 0.05521634890464337
2 0.2542284387326742 0.6782229737400411 0.06678876291777787 0.051909492478152686
2 0.7270483428929866 0.6715013314866801 0.060611498100139015 0.05485263605166182
6 0.32171722473312525 0.28615148251552974 0.06500805737069451 0.04248902837152997
6 0.61824673261691 0.26266955225722033 0.05872168977951393 0.04074467194503919
0 0.344707968367952 0.6693360555559256 0.05712282218833335 0.039136707838416385
0 0.6330983211414937 0.665635427884041 0.05566942496187508 0.04377874373179384
7 0.4200638057551739 0.27938099379830084 0.07456489532659734 0.050574313011266005
10 0.5237336664125002 0.26620138070789257 0.06057513050895835 0.053290136051661906
4 0.5362596887326742 0.6700167024946472 0.06366376291777787 0.05181856426490725
1 0.42917388734590334 0.6707872437983008 0.07303876291777786 0.052091348904643196