11 0.4197907283180281 0.6572825046149114 0.06486613680346806 0.04135225334181776
11 0.4051128492658934 0.767684202617775 0.06697466837349922 0.0507454346753633
6 0.7027529596904151 0.8713246339115497 0.06466871572854593 0.06477157200827222
6 0.7140489625330126 0.6491678232415952 0.06477513154179633 0.03978975334181776
8 0.5193265386860799 0.8226433279360483 0.07184417889684287 0.05392497867599957
8 0.5178109993647155 0.6623961712683212 0.05916216837349921 0.050654528007635945
10 0.5153601045275653 0.7679649186028211 0.06944722099021768 0.06638861600890884
7 0.41366807288694707 0.8340359086171386 0.0667772472985769 0.07416475334181775
5 0.4136904596904151 0.8746881806174567 0.04684417889684287 0.05363407733927232
5 0.6096638413733857 0.7629586979233217 0.06072466837349921 0.05067270934118149
2 0.7043917834244081 0.8189263399109132 0.07046368942018652 0.057031797342454026
2 0.7035503492658934 0.7642115679105951 0.06541216837349921 0.050727253341817755
0 0.6152837807935722 0.8191814259230036 0.05814569994353036 0.0600113466740904
0 0.6117507151638485 0.6511399505888218 0.06486613680346806 0.04135225334181776
4 0.6193881808923942 0.7151569972549582 0.06908319994353036 0.060138616008908664
1 0.510149688784902 0.7187734406031392 0.06899219468185827 0.05857611600890884