11 0.5730069677992711 0.31658315735604525 0.03441267401194459 0.07066111049510884
11 0.5719023287409379 0.5037646389401937 0.0340853656913195 0.056598610495108836
8 0.627749019186042 0.32211209151456 0.039172909194305564 0.07405912628012441
8 0.6382014355985421 0.6035896046687397 0.04811149810013902 0.05585515785015538
6 0.7483050938429172 0.7083064677240972 0.04974673328249999 0.05907116311182729
6 0.7400126298433684 0.31850822035493315 0.04680357123840295 0.06670165258848364
10 0.6342204907850351 0.4995923494070677 0.04832970364722229 0.06523015785015537
7 0.5765008693941324 0.6007761468327016 0.04048083605604162 0.06321263154179632
5 0.5792277855222923 0.6844153994635376 0.035720600873680654 0.05981461575678075
5 0.6866369759673963 0.5057660256730747 0.04520470364722229 0.06504814732681172
0 0.6838171812301391 0.31757578093474653 0.045459276785486225 0.07598564732681172
0 0.6943423328250005 0.6021782940889262 0.04513196846486132 0.0619231473268119
2 0.741379027354167 0.5112949598315895 0.05174564437666671 0.07791216837349921
2 0.7461230383720838 0.6145564677240973 0.04832970364722229 0.06523015785015537
4 0.6907958394745142 0.41628629671976214 0.05487064437666671 0.07809417889684286
1 0.6299674422480559 0.41742459151456 0.05025587955902786 0.0809461631118273