9 0.14642791530077423 0.24766397331489132 0.06448067067154524 0.039294873360319824
9 0.23869723130172874 0.24546406546754668 0.05352498933799978 0.03715916327441153
9 0.33167452462604735 0.3167835447753318 0.04722044533736351 0.03214411465389251
9 0.6277779126352742 0.26429146709485485 0.04571248933799978 0.03674972749876275
9 0.7285677059595927 0.3360203821782887 0.047238626670908876 0.033706614653892505
9 0.8325381379694559 0.26876868441685237 0.055123852005090866 0.04036605042954129
3 0.8197723192632305 0.5596836114860738 0.054978401336727246 0.027866050429541288
3 0.7159478852641851 0.5472068656699454 0.047129538669636165 0.024331614653892684
3 0.6104700445974123 0.5424607326986871 0.04400453866963616 0.024167840343633173
3 0.4374239906110935 0.43254906490171974 0.04247840133672724 0.02721095318850324
3 0.14006663792968505 0.5256251990046318 0.05964772000318166 0.026549211894930737
11 0.5230273253103193 0.19704533412359665 0.05683180267345413 0.05294793758467109
11 0.14639209997613745 0.18356052973732642 0.08025112133990878 0.05261374491161734
5 0.8213979065881855 0.6215251922187685 0.06918635200509052 0.041103034825709095
5 0.43317120058882175 0.5964887341690251 0.055087489337999784 0.03724105042954129
8 0.33365355327023016 0.48261326266315613 0.06755112667090887 0.03477114767057934
2 0.6243240066040938 0.49393802351729 0.06442612667090888 0.034607373360319826
6 0.7426580253023651 0.26718517299689165 0.06308180267345413 0.05327548620519007
6 0.7242063752785025 0.44210660786802924 0.05661362667090888 0.034197937584671045
0 0.33650692795195675 0.3717576498182859 0.05973862667090888 0.034361711894930556
0 0.3358523999443207 0.4280076498182859 0.059720445337363516 0.032799211894930555
7 0.7512432319780464 0.2011883587725404 0.07892497867599957 0.07284435775648763
1 0.6018666565881855 0.6100200469230384 0.0598477146721816 0.04373671189493056
4 0.1430830972708665 0.4679355297373265 0.09411362667090889 0.03616322930778502
10 0.23406372795991093 0.3077593475797223 0.08651930267345423 0.05450379353213632