9 0.2572216869320494 0.14994764536918018 0.03728598428423435 0.06289998933799978
9 0.24593312241635673 0.24127207936822564 0.033797111248705033 0.055051126670908876
9 0.30633762138289944 0.3373391047103616 0.03030823821317572 0.047202264003817974
9 0.22085376985410413 0.6286902633672712 0.036412688998963993 0.04414998933799978
9 0.2817120330886705 0.7317976293761799 0.030235463606069858 0.04563976400381797
9 0.20279932093034264 0.8317152660327711 0.03528683664159917 0.0535068080044546
3 0.49238835980547213 0.8405566534054512 0.02747433664159917 0.053415901336727245
3 0.49194105769577634 0.7326805187380422 0.025475188998963994 0.044022720003181706
3 0.49827029446120996 0.6303549500715876 0.02718323821317572 0.047165901336727066
3 0.4082018742783836 0.4495220260582246 0.025475188998963994 0.044022720003181706
3 0.533493088503626 0.1594157414067239 0.02620293507002245 0.05964772000318166
11 0.1932683488427082 0.14685846069381694 0.0505137303552929 0.07867044000636332
11 0.16646383044085536 0.5209681226925442 0.05091183664159917 0.053688621339908774
5 0.5539251732877075 0.8451810660804963 0.037795406533975395 0.07383748933799979
5 0.5729000750641718 0.45456515674726905 0.036922111248705036 0.055087489337999784
8 0.46907306182960545 0.35095780406586063 0.03288958271265763 0.06909544533736342
2 0.4486876714256807 0.6375947380649061 0.03721320967712849 0.06133748933799978
6 0.38636314578511755 0.7337970287237245 0.030599336641599174 0.05345226400381797
6 0.2109628854460353 0.7403544693666347 0.04964043507002262 0.05992044000636341
0 0.4152395864367113 0.3487680480585428 0.030817660462916764 0.05813976400381797
0 0.3598799983473701 0.3457788607176795 0.034088209677128486 0.06130112667090888
7 0.14568248780340015 0.7489749440244988 0.06926373035529285 0.07888861600890866
1 0.5673477801931863 0.6241236787475872 0.046660984284234354 0.0630090773392725
4 0.47482656389652006 0.1602964413987697 0.035470927212139715 0.09098862667090887
10 0.30608937241635675 0.24197206070972527 0.05392982878371626 0.08495680267345422