9 0.31029986682868127 0.8571545612921568 0.03270470364722229 0.06377333992388792
9 0.41120644376666726 0.7660440830409867 0.024673998100139018 0.05408000494291585
9 0.30359004625586855 0.5688733112921568 0.030705792553055566 0.04495967292769336
9 0.2890515015186114 0.38017822581689326 0.032268292553055564 0.04502333992388792
9 0.3507682918874655 0.2820073226608633 0.029216027735416716 0.04802100593149898
9 0.2765475822563196 0.17829739083592133 0.0356478656913195 0.05608817391627659
3 0.5853180506242716 0.8691412026223698 0.02645470364722229 0.06351867193911005
3 0.5798271975663895 0.6667656191242726 0.026091027735416716 0.047893671939110406
3 0.5208866490294103 0.5824105237631773 0.024383057370694416 0.041580004942915846
3 0.4108011745806254 0.48036125102576416 0.025945557370694462 0.04164367193911041
3 0.459398409478646 0.28799467889637353 0.024528527735416715 0.04783000494291585
3 0.39755041327836815 0.17932533304098666 0.027798998100139017 0.054207338935304696
11 0.24554703580663267 0.8584186309500896 0.05181837955902786 0.08016234387822081
11 0.2111583183886112 0.15221771049385407 0.05352634992375007 0.08647601087441492
5 0.6315877596867365 0.5767746304929791 0.038772865691319505 0.05621550790866543
8 0.3588828371934035 0.8653782381741829 0.042588849923750074 0.08603034190105419
8 0.35140603115388924 0.3764749056646689 0.04215243882958344 0.06728034190105418
2 0.41245655318972274 0.585016917527667 0.0325228656913195 0.055960839923887916
2 0.2825813363403822 0.2698628083264073 0.044042247150208345 0.08140650889724857
6 0.629056946047778 0.300371297983465 0.03884560087368065 0.05934050790866543
6 0.24821417486496583 0.6712051324329643 0.048402438829583436 0.06753500988583169
0 0.29210572596739626 0.47786630931499047 0.04193423328249999 0.05790534190105419
7 0.23445883975885465 0.5832276299615063 0.0594126740119445 0.07110567885919253
1 0.5733739097629865 0.4901076186299809 0.03888196846486114 0.06090300790866543
10 0.6338828371934035 0.876583629504396 0.046004790653194585 0.09865767589344294