9 0.3710538856847917 0.19286390961900163 0.031236711894930557 0.060521005931499026
9 0.4751449214150119 0.2898755138773455 0.02465916327441171 0.05401633794672147
9 0.3891642350735363 0.4789287436113904 0.025730340343633085 0.04470500494291585
9 0.3903150565339768 0.6645160751323212 0.027292840343632996 0.044768671939110403
9 0.45957739088471605 0.7663451719762913 0.027456614653892687 0.047893671939110406
9 0.3954916367008446 0.867418240645641 0.031072937584671046 0.05739600593149916
3 0.640956949909143 0.19606579996063137 0.03099105042954129 0.05583350593149907
3 0.653082892920881 0.39769196695682574 0.028937227498762753 0.046394838935304605
3 0.6003507185651928 0.4773993715957305 0.027129066033373662 0.04164367193911041
3 0.49938244007106186 0.5738512658545118 0.02556656603337366 0.041580004942915846
3 0.563483640884716 0.7705790272232184 0.024331614653892684 0.04776633794672147
3 0.5128019674335391 0.8745370153602202 0.02778416327441171 0.054143671939110405
11 0.3099935549520971 0.18803714676742037 0.04471935775648763 0.07978034190105418
11 0.3358233876053557 0.8891539777940597 0.05474945499752559 0.09266234387822081
5 0.7142461222286661 0.4937339788198239 0.04661605042954129 0.05647017589344294
8 0.41838258706427267 0.18855575300293057 0.03863313206674701 0.08265067391627659
8 0.4523204115769309 0.6724996714819997 0.03452548620519007 0.06377333992388792
2 0.4940188314100632 0.4715075158545119 0.03090916327441153 0.05427100593149916
2 0.39534779454818914 0.7754217416342241 0.03863313206674714 0.0826506739162765
6 0.7365935922641971 0.7713960638007957 0.04686171189493056 0.06115767589344294
6 0.3274277956798429 0.37194923174839234 0.040611711894930555 0.06090300790866543
0 0.38601930291593217 0.5676729086304185 0.03715916327441153 0.054525673916276676
7 0.3226794199446739 0.459848479771226 0.05352114767057934 0.06922484387822045
1 0.6647617786056726 0.5759124674511173 0.049986711894930556 0.0612850098858317
10 0.6922737884437536 0.19347931083504627 0.054913229307785014 0.09578734387822055