9 0.5169832060452297 0.2134139625722991 0.0269100098858317 0.048185194482076074
9 0.5849293928130876 0.3120838359326189 0.026655341901054185 0.041935194482076096
9 0.5280984140676259 0.4096714868825586 0.025092841901054187 0.041853307326946344
9 0.5416382851318837 0.5889052855030776 0.023530341901054186 0.041771420171816585
9 0.6462806586675995 0.7846072891211222 0.0269100098858317 0.0481851944820761
9 0.553066510948777 0.8693740355030777 0.0258568458553869 0.06060330732694617
3 0.8234745114430687 0.8858842633405246 0.036667011862998325 0.05805151741285428
3 0.816951302926381 0.6875286504956545 0.0378475098858317 0.04875840456798421
3 0.7558281191242726 0.6032488257558537 0.03603034190105418 0.042426517412854636
3 0.6409432653602203 0.5005598377416411 0.029780341901054184 0.042098968792335614
3 0.6923917243340185 0.3091402996365718 0.0331600098858317 0.048512743102595034
3 0.6304090360832859 0.203766724896771 0.03354201186299797 0.057887743102595035
11 0.4970075119373602 0.8711135979184066 0.03274351581733086 0.0765558559474652
11 0.45996920209089714 0.19171602498762805 0.0341786818249421 0.07351274310259504
5 0.8724107826604257 0.594546612390585 0.058542011862998324 0.05919793758467122
8 0.589498829086654 0.4050935295101838 0.03979201186299815 0.058215291723113974
8 0.6018860129259433 0.8812875373120999 0.037558349809719616 0.07992651741285464
2 0.6498009536109529 0.6031492492070305 0.044479511862998145 0.05846095318850324
2 0.5245503083264073 0.3034624304601235 0.03280718281352506 0.07811835594746527
6 0.8681411408359214 0.31757135458866886 0.06179434585538672 0.06248671189493056
6 0.49668522387690806 0.6910133401164904 0.030480678859192523 0.05928646879233561
0 0.5319502673373866 0.5042027368825586 0.031852177870609386 0.05468085594746519
7 0.4869653725843136 0.6055295414959714 0.03561384783255317 0.07046963025772471
1 0.8166608483640259 0.5082096426937384 0.06810801285158127 0.06437676051544958
10 0.8790705954354575 0.891916257347631 0.0695723537640525 0.10031426051544941