9 0.5144272213558171 0.1507127730277606 0.028761346674090405 0.05550585391920828
9 0.4554709393698165 0.2555881411327338 0.023910214672181594 0.04130696159934022
9 0.5213964787157706 0.34667013070789254 0.022365896005727137 0.0428239974927175
9 0.5242867634070421 0.5278973986545812 0.022347714672181596 0.0412614974927175
9 0.4375696554344044 0.732051352732074 0.028724984006999677 0.052380853919208194
9 0.5384969034452222 0.8088291499082224 0.024146572008272395 0.0616194615993404
3 0.2709826867838583 0.8556887441940123 0.03506589067472685 0.06037521034569906
3 0.2600617260900413 0.6559387967804369 0.03493862133990877 0.04943771034569906
3 0.3121594807447237 0.5661117671552659 0.0317590773392725 0.044659282132453626
3 0.41710951539622443 0.45130145790492354 0.02556362133990877 0.04916492570596294
3 0.3485124147039983 0.2649524324363875 0.030287484006999675 0.052426318025830906
3 0.40041017468968076 0.1579379028112163 0.028743165340545173 0.05394335391920828
11 0.5703408666852263 0.12016981518934407 0.03210452267663584 0.07434678213245363
11 0.5947014501113586 0.8032861920698059 0.03056020401018138 0.0758638180258309
5 0.1949719807447237 0.5695215751519669 0.0538158906747269 0.060920779625171305
8 0.49102246678067657 0.8258408051602142 0.03219542934436319 0.08215928213245363
8 0.4612493193825432 0.3492017488128658 0.03819089067472685 0.06046613855894432
2 0.4183003927434511 0.5536452079049236 0.03968066534054517 0.05426160266556703
2 0.5154635573679075 0.2397752730277606 0.028979522676635838 0.07425585391920819
6 0.5793475280871778 0.6255476369760988 0.028779528007635946 0.05706835391920819
6 0.1730220660407254 0.2950671444314391 0.05530566534054513 0.054716243731793845
0 0.5256305400620426 0.4418917024946472 0.030342028007635947 0.05711381802583091
7 0.5798918734086329 0.538002172869476 0.03517497867599957 0.06975021034569906
1 0.24470780406586057 0.4782002416867298 0.06320907200827239 0.06275606426490725
10 0.21718552478513092 0.8666322558724946 0.060520424013362994 0.10016513605166182