9 0.8067266200835302 0.8446525174179633 0.035920779625171304 0.05412521034569906
9 0.7281265954729241 0.7455725082467632 0.032613923198680436 0.04778428213245363
9 0.7891430003292044 0.6427490366182932 0.03564799498543501 0.04475021034569906
9 0.7048372303374517 0.3475752774470931 0.031096887305303154 0.04930131802583091
9 0.7652769736735341 0.2517603237653117 0.03596624373179384 0.05568771034569906
9 0.7532423234361072 0.1600812891255756 0.03619356426490725 0.06350021034569897
3 0.5157295470431345 0.8502359615328331 0.024983279625171127 0.05380696159934004
3 0.5157402557394807 0.7432956397460786 0.024710494985435004 0.04443196159934022
3 0.5096146247023838 0.6400797115328333 0.024710494985435004 0.04443196159934022
3 0.6003890742275301 0.4600632540901281 0.02461956677218975 0.04130696159934022
3 0.47717992860895675 0.16922164225336106 0.02351170783841656 0.0568864974927175
11 0.8444860667056826 0.5327351906166437 0.05788670783841639 0.05788670783841639
11 0.8202706990629279 0.1565674957103509 0.05383570533113406 0.0796253155185485
5 0.4374033409205776 0.4654685049480579 0.03279577962517131 0.05403428213245363
5 0.45421538552293644 0.8554713793212374 0.034858384798020656 0.07126724623907635
8 0.5405390496169239 0.3615288141984002 0.03150606426490725 0.06336381802583091
2 0.5590606952354972 0.6493243308914477 0.032704851411925875 0.050909282132453625
6 0.6219902557394807 0.7463871989964209 0.031233279625171306 0.05398881802583091
6 0.8002061839527261 0.7546951071514065 0.04878449247815268 0.06698892319868044
0 0.5951356214036785 0.3599950579301941 0.02985263605166182 0.060193353919208284
0 0.6512264970304992 0.3561630157686106 0.03610263605166182 0.06037521034569897
7 0.8651408621659715 0.7597068675762478 0.07093227711788899 0.07700042069139794
1 0.4415776785424498 0.6357582728947466 0.04239810015828453 0.06211956677218975
4 0.5357509465556454 0.17014529625171157 0.03554034639736088 0.09470474623907629
10 0.7044076698334681 0.2523309736070271 0.049330061757624756 0.08573892319868044