9 0.86640625 0.14140625 0.040625 0.06171875
9 0.87578125 0.23359375 0.040625 0.0546875
9 0.8078125 0.3265625 0.03828125 0.0484375
9 0.8796875 0.63203125 0.04140625 0.04921875
9 0.8125 0.73359375 0.04140625 0.05234375
9 0.88671875 0.83671875 0.0421875 0.05859375
3 0.5828125 0.82421875 0.025 0.053125
3 0.58828125 0.715625 0.0234375 0.04609375
3 0.58671875 0.6109375 0.02265625 0.04375
3 0.6921875 0.4359375 0.0296875 0.04453125
3 0.57890625 0.1359375 0.021875 0.0609375
11 0.94140625 0.521875 0.06015625 0.0546875
11 0.9328125 0.1421875 0.0578125 0.078125
5 0.52265625 0.821875 0.0296875 0.07265625
5 0.5234375 0.43046875 0.028125 0.0546875
8 0.63203125 0.33125 0.0328125 0.06953125
2 0.63984375 0.62578125 0.0375 0.06796875
6 0.7015625 0.7265625 0.0375 0.05703125
6 0.8859375 0.74296875 0.059375 0.0625
0 0.75234375 0.33046875 0.04296875 0.06328125
0 0.69375 0.33203125 0.03828125 0.06171875
7 0.95546875 0.75390625 0.07421875 0.07890625
1 0.521875 0.6015625 0.03203125 0.06015625
4 0.64140625 0.1375 0.04140625 0.09609375
10 0.815625 0.22890625 0.06171875 0.0890625