9 0.18045004840099363 0.14066373051823944 0.03784543364502548 0.060029564934808155
9 0.17053871721529618 0.2326875892845374 0.040934072208707 0.05383411201270878
9 0.2371807956705191 0.327610351459402 0.034656801131468205 0.049037517856907444
9 0.1619843111886131 0.6286722451287361 0.03935339149054777 0.05068183847375849
9 0.22780423302797778 0.7306126205341255 0.034647710772388506 0.04747501785690744
9 0.1529946096878026 0.8308796274339845 0.037809072208706995 0.05377956493480838
3 0.46402561768283446 0.14873887783772616 0.023782933645025393 0.0597841030842551
3 0.3490308349963264 0.44129279626382656 0.025272710772388508 0.04731137662320535
3 0.44955248888171023 0.6219718262955987 0.023710210772388506 0.047284103084255236
3 0.44582752518245544 0.7250422792176979 0.022129530054229286 0.04413182954530477
3 0.45145029040596185 0.8329638733734992 0.025327252926866172 0.056686376623205345
11 0.11483413876007327 0.13795574188232515 0.053579517953980894 0.07905230032431158
11 0.10170586222188538 0.5143273271096728 0.056559072208707 0.05410684740221221
5 0.513860949457707 0.4465139046230874 0.028434072208706952 0.05361592370110611
5 0.5116156307650415 0.8324514046230874 0.03010565651766246 0.0723931972400564
8 0.4082245486955812 0.33919055397446424 0.03164088544042354 0.06773297077900686
2 0.3979354467272326 0.6304467995102374 0.03785452400410509 0.0615920649348082
6 0.15587014569396024 0.7395142877424099 0.05663179508134393 0.0666068474022122
6 0.33796502820751756 0.7317541550301245 0.03469316256778665 0.05528751785690744
0 0.29260863905466084 0.3356098120921391 0.0394261143631847 0.0631818384737585
0 0.3504029583365016 0.33974393303330164 0.034720433645025396 0.05997501785690744
7 0.08863264871902235 0.7469352755675451 0.0754545179539809 0.0794341298696164
1 0.5152183954975685 0.616086064931513 0.0363011143631848 0.0631272913958579
4 0.4038693676828345 0.14768884658813805 0.03806360226293637 0.09752956493480816
10 0.23228019311299525 0.22985864407307582 0.056777240826617795 0.09160684740221221