9 0.821875 0.3712821314449039 0.059375 0.02881589067472685
9 0.72890625 0.46941909209895005 0.053125 0.02249316534054522
9 0.5359375 0.3710799474060876 0.04375 0.023946577339272412
9 0.35 0.36032261871417964 0.04375 0.0255090773392725
9 0.25078125 0.4232306040340439 0.046875 0.025545440006363405
9 0.146875 0.3524902953532718 0.05625 0.028779528007636036
3 0.8296875 0.6416855381126312 0.0546875 0.028761346674090582
3 0.628125 0.6409026460852688 0.0453125 0.027089758672817866
3 0.54609375 0.582916876074133 0.040625 0.025472714672181596
3 0.4453125 0.47549418006045174 0.040625 0.023910214672181594
3 0.25078125 0.5271368540340439 0.046875 0.022420440006363406
3 0.14453125 0.4696505233529537 0.053125 0.02561816534054522
11 0.82421875 0.31037190344522214 0.078125 0.04153406667727229
11 0.12265625 0.2912709846833174 0.090625 0.05105451734563582
5 0.534375 0.6960617660725421 0.0546875 0.04438634667409058
8 0.828125 0.4190111067790857 0.08125 0.03532042934436319
8 0.34453125 0.42197773404677064 0.0625 0.03197725334181776
2 0.54765625 0.4766850574076784 0.053125 0.028743165340545218
2 0.2390625 0.358250494032453 0.08125 0.03532042934436319
6 0.25703125 0.7006470793682256 0.059375 0.04444089067472703
6 0.640625 0.3160480967536324 0.059375 0.03819089067472685
0 0.446875 0.3622311113939972 0.053125 0.034993165340545127
7 0.55234375 0.30564585140831474 0.0671875 0.05078179734245412
1 0.45 0.6411737240610881 0.059375 0.04756589067472685
10 0.834375 0.6933025821132676 0.09375 0.05109088001272681