9 0.3174349232177326 0.8458486935899039 0.030414753341817757 0.06301819724005639
9 0.31144909989659564 0.7561276745151803 0.028743165340545128 0.05361592370110611
9 0.3164280485757769 0.6638719906678044 0.03026930267345431 0.05051819724005639
9 0.3160473352562308 0.5623367642067547 0.028597714672181595 0.04111592370110628
9 0.3155393526018666 0.47173903774570514 0.02861589600572696 0.042678423701106104
9 0.3143410266152296 0.37334244805413064 0.028597714672181595 0.0411159237011061
9 0.31462338462763817 0.2819498348236058 0.031795440006363404 0.047420470779006865
9 0.3096642593093647 0.1711214289794072 0.02874316534054504 0.05361592370110611
3 0.5932943719764556 0.16304628165992047 0.028706802673454313 0.050490923701106104
3 0.5850358819621381 0.268637762585197 0.025545440006363405 0.047311376623205434
3 0.5838177326145934 0.373325262585197 0.025545440006363405 0.047311376623205434
3 0.588150149268003 0.47088605519887083 0.025472714672181596 0.041061376623205345
3 0.5777660852562307 0.5577684464325727 0.025509077339272324 0.04418637662320535
3 0.5845877025780041 0.6427883287378211 0.027107940006363407 0.04733865016215581
3 0.5850047785646411 0.7411985551988709 0.028761346674090405 0.05517842370110628
3 0.5823150358848235 0.8381008287378211 0.025654528007635947 0.056686376623205345
11 0.2541264012174144 0.8492970219173925 0.04464088534372675 0.07732615909060954
11 0.2457472099777283 0.15973964407637112 0.050890885343726835 0.07743525324641087
5 0.6449059425525506 0.8291973871798076 0.03995338534372692 0.07724433847375849
5 0.6573841439767738 0.15958431656295652 0.04142497867599957 0.06945911201270882
8 0.24658716856305024 0.7588220263816194 0.05085452267663584 0.07431025324641087
8 0.2407500799650016 0.253557827923747 0.050727253341817755 0.06337275324641087
2 0.6436076192314137 0.7393945474882331 0.044513616008908664 0.06638865909060954
2 0.656129631962138 0.26739681656295655 0.047584072008272214 0.061755706168510116
6 0.25155702657545875 0.6673475925342436 0.04287839067472685 0.06011138555165907
6 0.24173932061586595 0.36992316761532146 0.042842028007635945 0.056986385551659156
0 0.6472171612826386 0.3620644342577083 0.03811816534054522 0.0537795649348082
0 0.638403045910277 0.6496598916440345 0.036592028007635946 0.05687729139585791
1 0.6425007472549581 0.5660115945661337 0.04769316000954511 0.07113070616851011
4 0.6484245779360484 0.45967977394928267 0.047584072008272214 0.061755706168510116
10 0.24063934993636654 0.46445441761532147 0.05697725334181776 0.06348184740221222
7 0.24880529125559447 0.5681970263816194 0.05392497867599957 0.06967730032431163