11 0.65078125 0.4796875 0.0390625 0.06015625
11 0.653125 0.67265625 0.03984375 0.06640625
8 0.7125 0.67734375 0.04609375 0.06796875
8 0.7203125 0.3875 0.05234375 0.06640625
6 0.834375 0.290625 0.05390625 0.0734375
6 0.840625 0.7078125 0.05703125 0.075
10 0.7171875 0.490625 0.05546875 0.0640625
7 0.653125 0.37109375 0.04296875 0.08203125
5 0.65625 0.29453125 0.0390625 0.07421875
0 0.7796875 0.39140625 0.04921875 0.0640625
0 0.775 0.696875 0.05 0.07578125
2 0.83828125 0.390625 0.05390625 0.07109375
2 0.83515625 0.49375 0.05625 0.07265625
4 0.7828125 0.5859375 0.0609375 0.07109375
1 0.71171875 0.57578125 0.05234375 0.07265625
5 0.775 0.4953125 0.05 0.065625