11 0.19285082551506968 0.8312984131477993 0.0802896778706093 0.05448867694751698
11 0.38865807403219493 0.841752492286067 0.06791701186299806 0.0573954886359143
8 0.49217700486855376 0.7763241355483639 0.061412343878220456 0.05103639448011297
8 0.19842700486855377 0.7711967102257 0.07853617688202616 0.04977390340856669
6 0.18861294756791072 0.6475001116056718 0.07958934091247097 0.03730117694751698
6 0.5868594465793275 0.6591423640380085 0.062338173916276676 0.03543866801906326
7 0.49458973905122294 0.85141959293469 0.07024351581733086 0.07617276217486477
10 0.37948600387997067 0.7790479407439393 0.07129667984777566 0.06370003571381488
5 0.5833166580245838 0.8420230478853842 0.07104201186299815 0.057450035713814886
5 0.3828139337277463 0.7165615775134146 0.06740767589344294 0.044895488635914305
2 0.38523327958313314 0.6571865775134146 0.07640067391627667 0.0356841298696164
2 0.4891076960850359 0.6597815178536122 0.06115767589344294 0.04478639448011279
0 0.19234810121823223 0.7093279557614731 0.08902800790866539 0.03902731818121907
0 0.48866468570491256 0.7090275413925625 0.05790534190105419 0.04160684740221221
4 0.2899406842220379 0.7125950519458694 0.08341467787060938 0.05454322402541774
1 0.2926399198875818 0.7806592593321955 0.08698534684397004 0.0655352711033185