9 0.4447643732907638 0.13954007209220964 0.026418336056041623 0.06195617193911027
9 0.34574368541111095 0.2356749258562619 0.029288762917777867 0.051146005931499074
9 0.43898127308267326 0.4215394885941125 0.022820557370694418 0.04151633794672147
9 0.44186661768808977 0.5993779871112377 0.024383057370694416 0.041580004942915846
9 0.3769845404657633 0.7042684169590133 0.029143292553055568 0.044896005931498985
9 0.4388831687905201 0.7946268201150433 0.026163762917777687 0.0510186719391104
3 0.17441550569958322 0.15211696243383938 0.03880923328250008 0.057778007908665385
3 0.16823432161965246 0.3506181294300338 0.04182513050895835 0.053217841901054184
3 0.22339264067385384 0.42876303406893845 0.035320557370694415 0.04202567391627667
3 0.33209353381624956 0.5203364273391367 0.032268292553055564 0.04502333992388792
3 0.26888109973631885 0.7211614396964263 0.03397626291777787 0.05133700692008212
3 0.32362119149194374 0.8172750943353311 0.03255923328250008 0.05752333992388792
11 0.49395187528753404 0.8095541417501424 0.03604790919430556 0.07327567391627668
11 0.5010689246775346 0.13490431022921157 0.030016114741388832 0.08239600593149907
5 0.1073494133752774 0.4514431417873235 0.0575228656913195 0.05697951186299797
8 0.39570927745107626 0.13451433247233296 0.03626611474138901 0.08265067391627659
8 0.37913022834541615 0.6120809169590133 0.03888196846486114 0.06090300790866543
2 0.43855782010104105 0.7080035706093349 0.03143314437666671 0.07620967292769336
2 0.3298426624253469 0.4158399283277198 0.045059233282500076 0.058032675893442943
6 0.4922355192829511 0.31322031121779476 0.02943423328249999 0.05739600593149898
6 0.0923367835319091 0.7275745602663927 0.060647865691319504 0.05710684585538672
0 0.4432492393633328 0.506441070609335 0.030996733282499987 0.05745967292769336
7 0.49490461797243024 0.3997480602292115 0.03590243882958344 0.06702567391627667
1 0.15544011483829817 0.5314370479091028 0.07013196846486118 0.062176347832553346
10 0.11898312329076374 0.15281464079874027 0.06780705547083342 0.09642401384016445