9 0.37048192333963526 0.7403186634989722 0.027784163274411532 0.054143671939110405
9 0.2638424197215906 0.8413320182516077 0.03452548620519007 0.06377333992388756
9 0.27977279342059475 0.5522376847535104 0.03198034034363299 0.04495967292769336
9 0.2795248891912947 0.36358902022877404 0.03362472749876275 0.04658583992388783
9 0.3486643928093393 0.264103673384804 0.029019114653892508 0.04795733893530461
9 0.28215300147033806 0.164688605209746 0.034197937584671045 0.05752333992388783
3 0.5366215004542851 0.8278783774156864 0.028111711894930735 0.060393671939110403
3 0.5463218063108934 0.6279102109137835 0.02737472749876275 0.046331171939110224
3 0.4943708819552054 0.5481709727767816 0.02556656603337366 0.041580004942915846
3 0.3917582163059447 0.4533452455141947 0.025566566033373483 0.041580004942915846
3 0.4557775299644691 0.25817998414548815 0.024331614653892684 0.04776633794672147
3 0.4026702193581624 0.15587999650277784 0.027784163274411668 0.05414367193911027
11 0.19969803256646085 0.8455048650955778 0.046527519221876854 0.08453150889724839
11 0.21870133310754386 0.14076828555181323 0.05269563206674712 0.08322367688202616
5 0.6059225356186786 0.5319318660469798 0.040447937584671224 0.05777800790866543
8 0.31113017752350675 0.8464214248676786 0.0434025192218769 0.08440417490485999
8 0.341448357079119 0.3571679238790956 0.04077548620519007 0.06402800790866543
2 0.3869301961795567 0.5603446620160975 0.03608798620519007 0.06383700692008212
2 0.2813097964728124 0.25515443771926 0.0465275192218769 0.08453150889724856
6 0.21561071687177158 0.6608751971108002 0.047353034825709094 0.07053267589344295
6 0.6266256184990798 0.2558959480622023 0.048751760515449584 0.06747134288963733
0 0.27432505484055547 0.462807770228774 0.040447937584671044 0.05777800790866543
7 0.2101220347141674 0.5722265325860637 0.06001680913596861 0.07416701186299815
1 0.5547938048405554 0.4513795444118808 0.04373671189493056 0.061030341901054184
10 0.5862120646786364 0.833653533537466 0.048908890773174465 0.10022017589344294