11 0.24866670402847194 0.35488850284266904 0.08212282218833336 0.03891822402541774
11 0.44021842439319414 0.34529749432125245 0.060247822188333446 0.038536394480112965
6 0.23621798936333288 0.5206635073068959 0.07572735182361115 0.0325591298696164
6 0.6253714083412844 0.5099661461082613 0.05694098423243048 0.03066934740221221
8 0.5348574707459719 0.4061201716758065 0.06333645459715279 0.03702844155801368
8 0.24890178695038162 0.41189247930371875 0.07885235182361114 0.032613676947516976
10 0.43016997074597185 0.4079474987854793 0.06333645459715279 0.03702844155801355
7 0.5394735419843747 0.3420031245979058 0.06835126291777786 0.05117276217486459
5 0.6245025054152429 0.3459854667251123 0.06181032218833345 0.03856366801906326
5 0.42891528885024266 0.4618537487854793 0.061664851823611144 0.032313668019063255
2 0.42929584213687455 0.512607725246529 0.06947735182361114 0.032450035713814884
2 0.5299861731589232 0.514754831984232 0.06184668977951393 0.040126168019063255
0 0.24374085505465234 0.4658669131510946 0.07576371941479162 0.0341216298696164
0 0.528806186076701 0.4647957422926575 0.05857621941479181 0.03382162094116268
4 0.3405431198722913 0.46730095373617353 0.0789250870059723 0.03573867694751698
1 0.346648955928333 0.40628163311932247 0.09000805737069442 0.042179591720169364