9 0.2984171712720647 0.8661538087247245 0.03072389448011297 0.060757717535011226
9 0.2945030129922341 0.7768365975998539 0.02907957386326192 0.05599744292790536
9 0.30078601502082897 0.6856486714211714 0.03061480032431154 0.05450771753501123
9 0.30334004505260104 0.5841225587247244 0.028861385551659246 0.04349744292790554
9 0.3041406603117208 0.4934611714211714 0.030451159090609536 0.045132717535011226
9 0.30433730357401767 0.3926071468140656 0.03204093262955983 0.04676799214211709
9 0.3066731452941871 0.30358103411761855 0.03206820616851021 0.048330492142117085
9 0.30314081655966124 0.19238882299274804 0.03061480032431154 0.05450771753501131
3 0.5639194403467882 0.8855567419327202 0.02598184740221221 0.05741439371369381
3 0.5679677865311844 0.788009653843379 0.02905230032431163 0.054434942927905364
3 0.56883658563768 0.693442016539826 0.024310253246410875 0.05109161910658777
3 0.5656354935104735 0.6080674427185084 0.025763659090609535 0.04491439371369381
3 0.5757838352306429 0.5194052030575907 0.025709112012708778 0.04178939371369381
3 0.573568544645564 0.422348266539826 0.028888659090609538 0.045059942927905494
3 0.5769583717552368 0.31773354114693186 0.028943206168510115 0.04818494292790545
3 0.58662547240386 0.21184741418246117 0.02905230032431163 0.05443494292790545
11 0.23590353450258955 0.8640240744404902 0.04505912986961631 0.07703768899896417
11 0.23935105194916462 0.17378006410140792 0.04977390340856669 0.07881851282028159
5 0.6272961477331144 0.8830353635205075 0.0388091298696164 0.07674659057054072
5 0.6514283120954344 0.21721131037735425 0.04492276217486477 0.06922518899896399
8 0.22738369683960996 0.769801039494302 0.05591480925276526 0.07285961124870503
8 0.23301350284266906 0.2680929902800903 0.05418866801906326 0.06341183664159918
2 0.6472299614468112 0.32335214846669547 0.04785684740221221 0.05843323821317572
2 0.6272746026838085 0.7946813389134015 0.044895488635914305 0.067662688998964
6 0.23673715179030416 0.6818836625298313 0.04484094155801355 0.06453768899896417
6 0.23181742126876942 0.38141062758364325 0.04481366801906326 0.062975188998964
0 0.6241553311734531 0.704619265092084 0.03541139448011297 0.060976041356328815
0 0.6377810491097908 0.4167382754311662 0.03845457386326192 0.05643409057054054
7 0.2353576582831259 0.5817381133156196 0.057477309252765355 0.07293238585581072
1 0.6287394655072964 0.6211710643062957 0.04810230925276535 0.07249573821317572
4 0.6360900896948698 0.5136132754311662 0.04634889448011279 0.06148546360606986
10 0.22857759862332352 0.4774316029765374 0.057340941558013635 0.0651198858558109