11 0.48984375 0.3819216231331772 0.03125 0.059450243102595036
11 0.49140625 0.569503510288307 0.0296875 0.06093085594746519
6 0.31796875 0.3541640360689045 0.0390625 0.06454717887824382
6 0.3234375 0.7513256411118586 0.0375 0.07696529172311414
8 0.4296875 0.6568939676606818 0.0375 0.06446529172311415
8 0.43515625 0.3767118227036359 0.0328125 0.07046963025772479
10 0.43515625 0.554836822703636 0.0375 0.07071529172311415
7 0.48984375 0.6733278731331772 0.034375 0.07836401741285463
5 0.48671875 0.7473828488229177 0.0296875 0.0765558559474652
5 0.37890625 0.5542326351189649 0.0359375 0.059695904567984216
2 0.31875 0.6534237296464693 0.046875 0.07120661465389251
2 0.32421875 0.5544915846894235 0.040625 0.06775406603337349
0 0.37421875 0.6524244736535756 0.034375 0.06742651741285463
0 0.37734375 0.3635257479638351 0.0375 0.06915279172311398
4 0.37421875 0.4633619736535756 0.040625 0.06931656603337366
1 0.4359375 0.47519026628120076 0.0375 0.07071529172311415