11 0.681519789494302 0.2679381413673939 0.06497433664159917 0.05567167984777566
11 0.49391062758364324 0.257954351824067 0.058578787427387445 0.052292011862998145
6 0.7028062462759463 0.4403543108350463 0.07064213978475245 0.04342634783255317
6 0.31448860897239345 0.42375181228073994 0.07035104135632882 0.037176347832553344
8 0.40388924917143043 0.31744741555050066 0.06468323821317572 0.04942167984777566
8 0.6833584253501129 0.3241563078692968 0.06773546360606986 0.04798651384016441
10 0.5067231507430071 0.3153994372993305 0.06831766046291676 0.060486513840164416
7 0.38989521567298446 0.25137674657713993 0.07961903349844608 0.06874468281352515
5 0.5071084485094767 0.37389768680503893 0.06282963978475227 0.04310801285158128
5 0.3123160252262784 0.25991214676742036 0.07100601282028159 0.05123884783255326
2 0.5010618097581817 0.42823501832596983 0.06878854135632899 0.03711268083635879
2 0.4049316724546288 0.42353824806001467 0.06773546360606986 0.04798651384016441
0 0.6937908112059238 0.38072464285026875 0.067662688998964 0.0464240138401645
0 0.40661829693790014 0.3760411655505007 0.06126713978475227 0.0430443458553869
4 0.5899573358130297 0.37805328760334167 0.06809933664159917 0.05579901384016441
1 0.5846298269216895 0.31389528710905007 0.07009848428423418 0.0652376808363588