9 0.357863132124479 0.19289128896352112 0.026163762917777778 0.05043637662320544
9 0.42601176044923583 0.28463272971075587 0.024455792553055567 0.04415910308425506
9 0.36420013184013855 0.39035662419086875 0.026018292553055565 0.04418637662320553
9 0.37482524126319394 0.5713475255708405 0.026091027735416716 0.04731137662320535
9 0.4713696668906591 0.7516196323085437 0.026236498100139016 0.05356137662320535
9 0.37449270725951317 0.8540509314150391 0.02645470364722229 0.06293637662320535
3 0.6436791183536799 0.8306098827155808 0.029397865691319504 0.05517842370110628
3 0.6428472362292008 0.6314865901019069 0.029216027735416716 0.04736592370110611
3 0.5844911819926384 0.5551928713514951 0.02590918977951393 0.03949887662320535
3 0.4764260684855204 0.46727190584749395 0.02285692496187508 0.04256932954530477
3 0.5302271349742707 0.2695377893705582 0.024528527735416715 0.047284103084255055
3 0.4730887418318749 0.17448043385067113 0.024601262917777866 0.0504091030842551
11 0.31408188412124927 0.8660384626646274 0.03931837955902786 0.07877956493480838
11 0.2957268080362846 0.1783572305215347 0.04556837955902786 0.07888865909060953
5 0.6998804458603468 0.5297507662386449 0.044986498100139015 0.05388865909060954
8 0.4246109549784024 0.3783690929412806 0.03419446846486114 0.05994774431795715
8 0.4204228030992006 0.8602776120160041 0.03790134992375016 0.08500229139585755
2 0.47949455746760367 0.5703014484611677 0.03255923328249999 0.05679547077900686
2 0.36207654701836783 0.28028219480771976 0.036157011967847284 0.07716251785690745
6 0.7039919432948956 0.2524479265470705 0.04520470364722229 0.06326365909060953
6 0.32066245849378416 0.6839663023562018 0.03582970364722229 0.06310001785690744
0 0.3666873925737149 0.4848060535740178 0.030996733282499987 0.0567681972400564
7 0.31096210980430505 0.5974521038983293 0.046985409194305564 0.07266593262956
1 0.6438681416237844 0.4534161371798075 0.051418336056041625 0.06181025324641087
10 0.695968316966909 0.8320399691607443 0.055379790653194406 0.09780230032431163