9 0.6747064464290277 0.11924352365163408 0.03270470364722229 0.06377333992388783
9 0.6796283761405554 0.20958202216875935 0.030996733282499987 0.05745967292769345
9 0.6118576882609025 0.30444353600892377 0.026163762917777868 0.05101867193911023
9 0.6699916176880898 0.5900826056668566 0.029179660144236053 0.046458505931498986
9 0.6036015918525341 0.6926929525108265 0.026054660144236054 0.046331171939110224
9 0.6715320146302076 0.792171687682079 0.030851262917777865 0.051209672927693364
3 0.38713883083461736 0.8045403309894581 0.029361498100138928 0.05427100593149916
3 0.3974061432393049 0.6987532460084862 0.029216027735416716 0.04802100593149898
3 0.40060583805281197 0.594815162510389 0.026018292553055565 0.04476867193911023
3 0.5054784420606246 0.41492739125585076 0.025945557370694417 0.04164367193911023
3 0.4037399829981596 0.12482099749136102 0.027908100873680654 0.05889483893530465
11 0.7388234978157986 0.11428942680766405 0.044042247150208526 0.08140650889724857
11 0.7325299449104163 0.48528767631337244 0.04491376291777769 0.051782675893442945
5 0.3398898096518052 0.4201135928524563 0.0403353656913195 0.056279174904859806
5 0.3238212132434368 0.8086813443353311 0.0422251740119445 0.07040534190105419
8 0.45395426928295113 0.31478015262455733 0.031214938829583438 0.06683467292769345
2 0.44640864732336755 0.6054369861226545 0.04193423328249999 0.05790534190105419
6 0.5028021580569438 0.6975807237653647 0.030960365691319502 0.05589717292769336
6 0.6697169011230897 0.702487105172565 0.04200696846486114 0.061030341901054184
0 0.50700653410059 0.31574047475394795 0.029506968464861318 0.060521005931498985
0 0.5609673354873609 0.3112002133852415 0.02947060087368065 0.05895850593149898
7 0.731980511780416 0.7100966753247893 0.05814111474138883 0.08354201186299796
1 0.3288944922131245 0.5907125943353311 0.051491071238402776 0.06609984387822046
4 0.4622428140202082 0.12633973513407132 0.03506729065319458 0.09821200692008222
10 0.618018728914097 0.2074093685184378 0.042661585106111136 0.08915534190105419