11 0.7252616523573606 0.5249889981424823 0.07572735182361115 0.03474318114108108
11 0.536090049583819 0.5384822256022911 0.06010235182361114 0.03401543507002262
8 0.7225919004574995 0.472045934660247 0.07412848423243049 0.03310790653397522
8 0.4437583856398607 0.48191120202864257 0.05708645459715278 0.0385573858558109
6 0.7384188818401386 0.36205235049984724 0.0664250870059723 0.03743153349844599
6 0.352445014248958 0.381590178454994 0.053925087005972296 0.03684933664159917
10 0.5468106504574995 0.4802330779596559 0.06170121941479163 0.03565070967712849
7 0.43692585097058984 0.5407596631535131 0.0679875870059723 0.03750430810555194
5 0.5457215823532288 0.42643598987031484 0.05705008700597212 0.03699488585581072
5 0.3541315347661801 0.5438354673301236 0.06010235182361114 0.03401543507002245
0 0.7347840823532288 0.41763026241050605 0.06947735182361114 0.03445208271265763
0 0.4481380675355899 0.4278594028144308 0.05697735182361115 0.03386988585581072
2 0.5461404628621871 0.3749098771738677 0.07587282218833344 0.04099318114108117
2 0.4455046832269094 0.37335383933219546 0.07289329255305557 0.04709763192686944
4 0.6364556851267704 0.4175275626581751 0.08056032218833345 0.0412115049623988
1 0.630368032866319 0.4779021364794926 0.08361258700597211 0.038232054176610394