11 0.6187362825819787 0.6906853241851036 0.04222517401194459 0.06969555737069441
11 0.5130129594437147 0.7040776365897912 0.03285017401194459 0.06947735182361114
8 0.6209728894395828 0.5945915741851036 0.04029899810013902 0.05403418977951393
8 0.4639052718484023 0.5998090170987496 0.03270470364722229 0.06322735182361114
6 0.6348392869503816 0.40140461863802035 0.0418978656913195 0.05563305737069442
6 0.4143813165856594 0.4127824489944788 0.030960365691319502 0.05537848423243048
10 0.5216086690748606 0.603150916225069 0.03604790919430556 0.07267508700597229
7 0.4582345404657633 0.7092567522811107 0.03641158510611113 0.08830008700597229
5 0.5223191435236454 0.5055310338162495 0.03412173328249999 0.05701371941479181
5 0.4123771798084369 0.7001733462209371 0.031360409194305564 0.07256598423243048
0 0.6302043787060064 0.49989667002479116 0.04527743882958326 0.06664329255305557
0 0.46694131250159676 0.5029158333031594 0.03259560087368065 0.05853985182361114
2 0.5252460814032982 0.41332535002065923 0.04193423328249999 0.05719555737069446
2 0.4667796179724302 0.40922038468993016 0.03582970364722229 0.0633000870059723
4 0.5740816652751384 0.49573715330729123 0.04520470364722229 0.06351829255305574
1 0.5692285514836801 0.6036042046940621 0.04876611474138883 0.08234102773541671