9 0.290625 0.8555970567888089 0.03125 0.06268180718159222
9 0.28828125 0.7641771712501895 0.03125 0.05330680718159222
9 0.2984375 0.673611258584207 0.0296875 0.0517352168225127
9 0.303125 0.5728572796614458 0.0296875 0.040797716822512695
9 0.30625 0.4830317103796051 0.0296875 0.0439227168225127
9 0.31015625 0.38383568627730413 0.028125 0.040788626463433085
9 0.31484375 0.292456707354543 0.03125 0.0470568071815924
9 0.31484375 0.18386295735454297 0.028125 0.05328862646343313
3 0.5953125 0.23471342680933435 0.0296875 0.0532977168225127
3 0.58359375 0.3346452491162372 0.028125 0.04391362646343318
3 0.578125 0.43773843285945857 0.025 0.040770445745273776
3 0.57734375 0.5338276376799188 0.025 0.040770445745273776
3 0.5640625 0.620469119627742 0.025 0.05014544574527378
3 0.56640625 0.7056390051663615 0.025 0.047020445745273955
3 0.5625 0.8001475292686624 0.025 0.05327044574527377
3 0.55546875 0.8993253726528041 0.0234375 0.05951135538619425
11 0.22734375 0.8474163972460843 0.0453125 0.07838862041330899
11 0.2515625 0.15927604781181842 0.046875 0.07527271077238851
5 0.66015625 0.24290317671113848 0.040625 0.06273634933607006
5 0.61875 0.9028185321955287 0.0359375 0.07833407825883114
8 0.24140625 0.25374821047780094 0.0546875 0.06281816256778665
8 0.2234375 0.7544249213483853 0.0546875 0.07219316256778666
2 0.621875 0.8153367129136878 0.04375 0.07525453005422947
2 0.65390625 0.34755431527482 0.0484375 0.06278180113146821
6 0.23359375 0.6654215086824028 0.0453125 0.05963862041330899
6 0.2375 0.36388173458010187 0.0453125 0.0596386204133089
0 0.640625 0.43810204722264334 0.0359375 0.05020907825883114
0 0.61953125 0.7246980773750684 0.034375 0.06269998789975162
1 0.628125 0.6411543243500063 0.046875 0.07839771077238851
4 0.6375 0.534177616504484 0.04375 0.05962953005422929
10 0.23125 0.4599391231437835 0.059375 0.06597043364502539
7 0.23515625 0.5646493490414825 0.0578125 0.07221134328594588