11 0.2156210807377082 0.2066903303564585 0.08248649810013893 0.05501611474138899
11 0.4126233673068401 0.20580389684520867 0.06522626291777786 0.051491071238402866
6 0.20358994016076357 0.38775849240055577 0.08045121941479172 0.034667247150208434
6 0.5973399401607635 0.3969231253780561 0.060175087005972294 0.035756968464861136
8 0.511822627090486 0.27611835647635463 0.05741376291777769 0.05130923328249999
8 0.2165283108860762 0.2684636317432293 0.08077852773541672 0.04872974715020835
10 0.4002129798640276 0.2688305737069448 0.0700592332825 0.0578501740119445
7 0.5197455362847915 0.20438882684107681 0.06722517401194458 0.07027743882958341
5 0.6046835807377081 0.21574586056041717 0.06370013050895836 0.05301720364722229
5 0.3995577100123956 0.33056750750253505 0.058830792553055566 0.045095600873680655
2 0.398993359138715 0.38839819129812536 0.06962282218833345 0.03910017401194441
2 0.5044621091387149 0.39085300370281295 0.06816942496187509 0.04375130642076393
0 0.208896342421215 0.3276931613785071 0.08681032218833336 0.039500217514930644
0 0.5040633720564929 0.3408166361116324 0.06337282218833344 0.03895470364722229
4 0.3096594086256247 0.3308201210096531 0.08866376291777786 0.05203658510611113
1 0.3135669650463887 0.2636871723964239 0.08895470364722229 0.06453658510611113