11 0.23493802830778635 0.22929143196965068 0.07970734736759477 0.0489512303552929
11 0.4315674916472975 0.21309058147431265 0.0641369110699257 0.049785984284234266
8 0.24175351269868975 0.2900106081483331 0.07630952885594056 0.04099318114108108
8 0.5322966671451935 0.27413078122664364 0.05777778366526398 0.0463698858558109
6 0.2348810085223385 0.40692628039807416 0.06973214664195541 0.031327082712657675
6 0.6293031311176768 0.38542569210384514 0.05577877404661713 0.033797111248705033
10 0.4228398215916972 0.27688125372405364 0.07060516587924912 0.05632708271265772
7 0.5368725505403049 0.20349079549466728 0.07104167549789597 0.06882708271265772
5 0.6230828690519592 0.2073006921038451 0.0672619110699257 0.04993153349844599
5 0.4288467741314351 0.33685556720628906 0.060684528855940556 0.04026543507002263
0 0.5306275289407585 0.33837521774440826 0.05901290145127884 0.03706766046291676
0 0.23676840153609682 0.34893184388030946 0.07932540145127884 0.038013730355292895
2 0.43156503556418047 0.3922879299027361 0.08099702885594055 0.04121150496239867
2 0.5347173174153459 0.3882660558337495 0.06391865626060227 0.04353598428423435
4 0.3344519333872623 0.3451646809361934 0.08595734736759475 0.04924232878371626
1 0.33682047603820087 0.2785401071148758 0.08946429328391084 0.06032537799792799