9 0.8119533661242306 0.1296875 0.04233798620519025 0.0625
9 0.8165379675491401 0.22109375 0.040447937584671224 0.05625
9 0.7459178510862252 0.31640625 0.03699538896415202 0.05
9 0.8052774044564426 0.61484375 0.041355340343633175 0.04375
9 0.7342887957954438 0.7171875 0.039956614653892684 0.046875
9 0.8047883242895748 0.81796875 0.04184666327441171 0.053125
3 0.527909236771017 0.13828125 0.026631099050060315 0.0609375
3 0.6282622823393182 0.4296875 0.030417840343633172 0.04375
3 0.5172418159218319 0.61015625 0.02737472749876275 0.0453125
3 0.5157025701057034 0.7140625 0.025730340343633175 0.04375
3 0.5046245499793154 0.82109375 0.02778416327441171 0.053125
11 0.8769199468569251 0.12734375 0.0574650192218769 0.0828125
11 0.8713295296257847 0.50234375 0.06108798620519025 0.0625
5 0.46313192729636404 0.43515625 0.031072937584671223 0.05625
5 0.4451267192466208 0.8234375 0.03164614767057934 0.0671875
8 0.5733877538451873 0.32890625 0.033126760515449584 0.065625
2 0.5689304686807939 0.62265625 0.03559666327441171 0.053125
6 0.6255722150627493 0.71953125 0.03732293758467122 0.05625
6 0.8062080613992763 0.73125 0.05985303482570918 0.06875
0 0.6320633910003169 0.32734375 0.03608798620519007 0.0625
0 0.6900396653105765 0.32421875 0.040939260515449584 0.065625
7 0.8733136742441463 0.7328125 0.07909435775648746 0.078125
1 0.45346592096478605 0.6046875 0.03756859905006031 0.0609375
4 0.588065486771017 0.13828125 0.041096390773174465 0.0984375
10 0.7557642418593996 0.21796875 0.0641244549975255 0.090625