9 0.8518261119885064 0.4937379318993041 0.05988414627652787 0.024294345855386902
9 0.7625999578281941 0.4971401631162237 0.05367051386770836 0.02560217787060921
9 0.670994992497465 0.4347582268426574 0.049019381458888844 0.026973676882026253
9 0.3922329064414232 0.484394835018153 0.04589438145888893 0.02684634288963732
9 0.29052624249746495 0.4192553132693232 0.04436824905006951 0.02834517589344294
9 0.19917323746347182 0.4804382109881457 0.050581881458888936 0.027037343878220453
3 0.8526489552627428 0.22320259741262377 0.05712282218833309 0.03979201186299815
3 0.5656373049021525 0.3248964541052445 0.04291485182361114 0.03296900889724856
3 0.3868784848980207 0.21047983254669508 0.04000805737069442 0.04221667490485979
3 0.2805921173068401 0.20771297680547646 0.043060322188333354 0.03921900889724857
3 0.1768495214671526 0.19644787155854943 0.05715918977951393 0.04135451186299806
11 0.4949572097280551 0.53940994026508 0.05065461664125 0.030162343878220456
11 0.8552225625015968 0.5493976828878873 0.07565461664125017 0.03118101581733086
5 0.5602627399320138 0.1526394521280781 0.0575228656913195 0.0569795118629981
5 0.17285365890996518 0.13294378707186905 0.0668978656913195 0.05736151384016441
8 0.665474957162604 0.2687512248654912 0.06671602773541671 0.04954901384016441
2 0.37563120716260395 0.25694099707143153 0.052871733282499986 0.058351010874414924
6 0.2836060549021525 0.3134045612921568 0.05414329255305557 0.0459146778706093
6 0.28596472264583295 0.48084672927693434 0.05381598423243057 0.03185217787060921
0 0.6649469738801039 0.32503305836358837 0.06188305737069442 0.04310801285158128
0 0.6659633068020137 0.3821598088578799 0.06181032218833345 0.039983012851581276
7 0.2840015259324648 0.5315961457788372 0.0679875870059723 0.03711268083635879
1 0.3886423130702777 0.13469858254669506 0.06420927678548613 0.07598417984777565
4 0.852193707162604 0.27635943091072096 0.09505923328249999 0.060070019771663576
10 0.7655989776798261 0.4354850801124182 0.08688305737069442 0.044126684790691505