9 0.1150361093911874 0.68359375 0.0638827175350113 0.0296875
9 0.20537001096276394 0.68984375 0.05599744292790545 0.028125
9 0.2969581974805286 0.6859375 0.05130994292790545 0.028125
9 0.39933833478408154 0.68515625 0.04200771753501122 0.0296875
9 0.48985417287342276 0.6875 0.04349744292790536 0.028125
9 0.589745010962764 0.68984375 0.045059942927905536 0.028125
9 0.679588760962764 0.68984375 0.04825771753501122 0.0296875
9 0.7902715498378934 0.6953125 0.054434942927905364 0.028125
3 0.12662654259918316 0.41796875 0.06046661910658786 0.0234375
3 0.22588167990273605 0.4171875 0.05585189371369372 0.025
3 0.32037654259918313 0.41796875 0.048112168320799585 0.0265625
3 0.4052416941707597 0.42421875 0.044914393713693636 0.025
3 0.49470445450984196 0.415625 0.04491439371369381 0.025
3 0.5906526552956303 0.41875 0.0449871683207995 0.0265625
3 0.6953037679920773 0.41953125 0.04818494292790554 0.028125
3 0.8019176410276065 0.41171875 0.060684942927905536 0.028125
11 0.11052623780340017 0.746875 0.08016268899896399 0.04375
11 0.8013502909465533 0.759375 0.07725601282028158 0.0484375
5 0.1373136395798645 0.35625 0.07518409057054058 0.0375
5 0.8048650126153938 0.3484375 0.0721318651776464 0.0390625
8 0.20231347746431796 0.75546875 0.07747433664159917 0.053125
8 0.7081632171252357 0.7640625 0.06653683664159918 0.053125
2 0.22474086497275864 0.3578125 0.06758991439185813 0.0421875
2 0.6978701499189468 0.34765625 0.06148546360606986 0.0453125
6 0.29319318858918847 0.75 0.06282963978475227 0.040625
6 0.5941734917323416 0.7625 0.06453768899896399 0.04375
0 0.3151111538478881 0.36328125 0.060976041356328815 0.034375
0 0.6029386395798645 0.35625 0.05487159057054054 0.0375
1 0.3988504530620999 0.36015625 0.07086046360606986 0.0453125
4 0.5061364141869704 0.3546875 0.061412688998963995 0.04375
10 0.49726210442878865 0.76328125 0.0651198858558109 0.05625
7 0.39301125207142384 0.75390625 0.07278683664159917 0.053125