9 0.8475123668972675 0.33382404907480423 0.05952044574527378 0.028111711894930558
9 0.75917202956325 0.32829442333963527 0.05327044574527377 0.027784163274411532
9 0.6579458728491958 0.3914295884230691 0.047011355386194255 0.025894114653892596
9 0.379366354895215 0.3278805020361649 0.04390453610435348 0.028855340343632997
9 0.27110894818116077 0.39138415931768267 0.047020445745273955 0.027456614653892597
9 0.18005670130441878 0.3226961143152083 0.05485112646343313 0.03099105042954129
3 0.13169751111828978 0.6073477532793603 0.054851126463433084 0.03099105042954129
3 0.2402776255796703 0.5993128459978425 0.047038626463433174 0.030581614653892687
3 0.3449923966569092 0.5985139066041493 0.047020445745273864 0.027456614653892687
3 0.5381924299325923 0.49382864936806004 0.040761355386194256 0.02556656603337366
3 0.8139196586589618 0.6044165100652237 0.05328862646343317 0.03090916327441153
11 0.8588720477136225 0.2714911454113311 0.07834316861791066 0.041594357756487635
11 0.49391012304558757 0.2702992961341281 0.056486349336070066 0.04357293758467105
5 0.5126116887131911 0.6639707310052658 0.05181703005422929 0.04645227611928178
5 0.1180122610200939 0.6729284876755282 0.07680793969514968 0.04619997060135787
8 0.6307344539366975 0.5499348072154047 0.06268180718159222 0.03452548620519007
2 0.34003218588452067 0.5518845680695386 0.05647725897699045 0.042010437584671226
6 0.2552844811622563 0.4922439744465451 0.0548602168225127 0.03255355042954129
6 0.26838794827935664 0.3266632400503773 0.061155668617910844 0.040693599050060314
0 0.635099246189371 0.4942203957500154 0.05953862646343318 0.031236711894930557
0 0.6433930143397436 0.4422075163968017 0.05953862646343318 0.031236711894930557
7 0.2695959242752516 0.2656438528952475 0.07843407220870695 0.057219357756487635
1 0.3407321435336512 0.6721970680695385 0.06593407220870695 0.056564260515449404
4 0.8190475201934759 0.5455361550222696 0.08928066861791076 0.04216756784239593
10 0.7524907583878153 0.38881916553771906 0.08457498789975162 0.038796906377006654