11 0.6251978052991835 0.22962789166299596 0.03993520401018138 0.07636409255827141
11 0.6167933172740481 0.4150023964723194 0.04127952800763594 0.05766865626060227
8 0.6804825525939124 0.5119567528255888 0.0538704346753633 0.06591766587924912
8 0.6813932612985469 0.23235109837908513 0.04616702267663584 0.07501984736759477
6 0.7940023492998197 0.21904751181126353 0.05243520401018138 0.0768006021769182
6 0.784006447247004 0.6083009847694216 0.05541475334181776 0.06440972958158006
10 0.6809285426082299 0.40651528467675424 0.05545111600890884 0.06753472958158002
7 0.6172013025939125 0.5141665827699885 0.04763861600890866 0.0672619110699257
5 0.6177820105824584 0.5984870190676577 0.04135225334181776 0.06391865626060227
5 0.7332268392743664 0.4085936506486706 0.0507454346753633 0.06580853847458741
0 0.7361989399665925 0.22028511879750517 0.04772952267663584 0.0750744110699257
0 0.7359513025939124 0.5100197413928435 0.050654528007635945 0.05799603847458741
2 0.7878779766072754 0.40980892106709066 0.05708634134309047 0.07383929328391084
4 0.7436472659532294 0.3184225184346855 0.06186474801081765 0.08181548439090332
1 0.6811018126193659 0.32451131652791976 0.054143154678545004 0.08935516587924912
2 0.7897939179265034 0.5136060436624289 0.05541475334181776 0.06440972958158006