9 0.12033228469497721 0.5172361668924561 0.060831084186749595 0.028111711894930558
9 0.22266760039528816 0.42856317051050075 0.05145608418674961 0.027620388964152198
9 0.4021815241716335 0.5351417983933764 0.04511507892507769 0.025730340343633175
9 0.5821497452324383 0.5531935148108628 0.04199007892507769 0.025566566033373483
9 0.6863891951759686 0.49910023631673167 0.04520608418674961 0.027292840343633173
9 0.776316974185751 0.5696384656245168 0.05145608418674961 0.02762038896415202
3 0.7992756030261241 0.4579982807533792 0.05467208944842135 0.02934666327441171
3 0.7050775529696544 0.39350533355776973 0.04391659997176518 0.03189845318850333
3 0.5049263635494677 0.439437552011421 0.04208108418674961 0.027129066033373662
3 0.419245739759005 0.3228874598587656 0.04557010523343692 0.033542840343632994
3 0.3429709370716993 0.2601174649471483 0.05200211575678075 0.03699538896415202
3 0.14228069233337118 0.24803246551297517 0.058252115756780666 0.03732293758467105
11 0.7879300373964003 0.6258851435982494 0.08150760523343692 0.03542624491161739
11 0.11310434264395472 0.5740626990046318 0.079945105233437 0.035344357756487456
5 0.44321313175355775 0.20738196856519292 0.05621917889684287 0.05590916327441153
8 0.11690344780680453 0.4684711182719372 0.08150760523343696 0.03542624491161739
8 0.5950739504376404 0.4927473377416412 0.055036110495108835 0.03559666327441171
2 0.40055738196531926 0.42848236261772765 0.05861613680346807 0.04357293758467105
2 0.6890899899707665 0.5603652849372507 0.07838260523343692 0.03526247060135788
6 0.2930193557981343 0.5795734718445533 0.061013094710093266 0.031236711894930557
6 0.7200941501694091 0.21640724502315897 0.059526189420186525 0.05919793758467107
0 0.4900077478632743 0.5475809226582073 0.05476309471009326 0.03090916327441153
7 0.37854733212061104 0.5911085153766896 0.07231461575678058 0.03805992198083885
1 0.5213234502258789 0.26554635063194 0.06457771046687384 0.06569359905006031
10 0.14459362123021405 0.1948665219354103 0.10069722099021768 0.07070200361804461