9 0.2882037641334942 0.17063807508545992 0.034116050429541286 0.05559678213245363
9 0.3606287200355309 0.28741404961692385 0.03058161465389251 0.04769335391920828
9 0.2932984571452322 0.37204145071228056 0.03346095318850324 0.043096782132453625
9 0.3568817588179689 0.6773343559642723 0.03214411465389251 0.04773881802583091
9 0.2892648908847161 0.756493007059629 0.035596663274411536 0.05407974623907634
9 0.2956587330373714 0.8487259711662517 0.03904921189493056 0.06042067445232178
3 0.5718394527342181 0.9090259398252207 0.024904824739800803 0.05844899749271733
3 0.46627669097557306 0.591590735747728 0.024249727498762752 0.045948997492717504
3 0.5675858061952924 0.44086697321131574 0.025730340343633175 0.04443196159934022
3 0.5685131411118587 0.33948632963780645 0.025730340343632994 0.04443196159934022
3 0.5765945567611194 0.24065402454409926 0.027538501809022266 0.04916492570596294
11 0.23024293645301733 0.4638137620741939 0.049741050429541286 0.056051423198680436
11 0.231063966529028 0.8367056927947217 0.05080558344622812 0.07636392319868043
5 0.6305782083884276 0.6306940028364869 0.04077548620519007 0.06359113855894431
5 0.639544936114333 0.2510663388090065 0.042501760515449585 0.06676160266556704
8 0.5214732033000449 0.7070853551063425 0.033290534825709095 0.06961381802583091
2 0.5212497167561706 0.420017264119258 0.03748671189493056 0.06037521034569902
6 0.46407794662978263 0.31148569860070946 0.034197937584671045 0.05715928213245362
6 0.2905685255534549 0.26041362892552594 0.04718926051544958 0.066897994985435
0 0.46608966248144207 0.6922128613745487 0.03131859905006031 0.061755853919208195
0 0.4117330331282284 0.6820505996960662 0.03452548620519007 0.06340928213245363
7 0.22622274253676816 0.23825983260730732 0.06519563206674713 0.08302310015828454
1 0.6381406456344144 0.46242137595602506 0.049986711894930556 0.06073892319868044
4 0.51493435549318 0.8948892319868044 0.03797139077317446 0.09939224623907635
10 0.35172062528088377 0.7723513392712249 0.05154256784239593 0.09042642319868044