9 0.386690958041914 0.12553070182194775 0.025354524004105095 0.06181051923729369
9 0.379137012394836 0.21561998848243663 0.02530907220870695 0.05399801923729371
9 0.3825160215682182 0.3061085792266095 0.02530907220870704 0.05399801923729371
9 0.38115298858712265 0.4061358610777749 0.025236349336070062 0.0414980192372937
9 0.37907233811958446 0.49525292478010574 0.025254530054229285 0.044623019237293705
9 0.3761558954975685 0.593772270333602 0.025254530054229285 0.044623019237293705
9 0.3756422902095701 0.682053520333602 0.028397710772388507 0.047857146641955416
9 0.3687605102535366 0.7908655251429254 0.02529089149054773 0.050873019237293704
3 0.6491610825604395 0.7927900905745368 0.03157725292686635 0.05734127404661713
3 0.6419621817983138 0.6875941590861911 0.031504530054229284 0.04484127404661713
3 0.6425530551384889 0.5860316590861911 0.03152271077238851 0.04796627404661713
3 0.6478177929400446 0.48664921797919847 0.029923849336070063 0.04166171034428636
3 0.639737648228043 0.39866806834201823 0.02836134933607006 0.04160714664195542
3 0.6464830727978822 0.31329356353269483 0.028397710772388507 0.047857146641955416
3 0.6493813347017389 0.21789921797919853 0.03155907220870695 0.05421627404661713
3 0.647605732144215 0.12032481353269482 0.02844316256778647 0.05566964664195541
11 0.32577163876007326 0.12453368621285113 0.0379545179539809 0.07943452885594056
11 0.3077548325604395 0.8047122595338287 0.04262383723582168 0.07647321996293295
5 0.7116364158874363 0.12355645173712974 0.04418633723582168 0.07652778366526397
5 0.7139775614832007 0.7952131969278063 0.04571247579950324 0.07033234736759475
8 0.3166551931129952 0.21467753657567085 0.047311337235821684 0.07663691106992569
8 0.304384913746137 0.712661168789656 0.0472386143631847 0.0641369110699257
2 0.7138144559006147 0.6889904787789718 0.051935204722264317 0.06586310217691818
2 0.7111228105994379 0.21183770173712974 0.050381795081344015 0.0673710384745874
6 0.3215921571068376 0.30589281361751286 0.034747704722264315 0.06526290145127885
6 0.30660191959986943 0.6001066050873252 0.0362829336450254 0.06062996515360961
0 0.7035552294137405 0.3042707383976186 0.040970433645025395 0.06079365626060227
0 0.7065564678044713 0.593950797290626 0.04249657220870695 0.054598219962933035
7 0.3186848048439013 0.4028496591710091 0.04573065651766246 0.07345734736759475
10 0.30714279596510674 0.5071378550873251 0.047220433645025484 0.06101191106992569
4 0.7102541604264874 0.4954041698859643 0.05347952400410509 0.06279266587924912
1 0.7069706000234411 0.3885093291417914 0.05353406615858276 0.07216766587924912