11 0.6870769638795331 0.5622746817983137 0.07340300790866543 0.03791815651766246
11 0.7014989026245573 0.4575280944642962 0.07314833992388792 0.03166815651766246
8 0.6020692469970694 0.4057752178044714 0.07002333992388791 0.03164997579950324
8 0.5902337973776304 0.5620570340612501 0.059213173916276673 0.03471134328594587
6 0.3984773788985611 0.5717643530485033 0.05465300790866534 0.037809072208706954
6 0.4137999258562619 0.34907174161218474 0.059213173916276673 0.03471134328594587
10 0.6020891516359741 0.46279283226585194 0.07483817391627667 0.03480224687674216
7 0.7124164979856527 0.4004468474893583 0.09059050790866544 0.03801815046753827
5 0.7042020913695815 0.35284968482337586 0.07965300790866543 0.0379545179539809
5 0.5059954016359741 0.4633518893492484 0.054525673916276676 0.03468407220870695
2 0.41388349749136105 0.40452685607356537 0.06396434091247091 0.03630111436318475
2 0.41302665163597413 0.4638927657144857 0.05765067391627667 0.03470225292686635
0 0.4962927963890471 0.5672899556060271 0.059276840912471054 0.03627384328594587
0 0.4973817469970694 0.4063842718628058 0.06064833992388792 0.03159543364502539
4 0.49386547475394804 0.511848476683266 0.06396434091247087 0.0363011143631848
1 0.6025865587463368 0.5080916967272325 0.07952567391627667 0.034829517953980905