9 0.23796542451188502 0.16230559904148248 0.03541139448011297 0.059574987899751616
9 0.3480183088457282 0.24653112899751592 0.025927300324311543 0.05327044574527395
9 0.2547706895261234 0.4537800267345796 0.032013659090609534 0.0439318071815924
9 0.2557406745085897 0.6436101411959602 0.035138659090609536 0.043949987899751616
9 0.3276623133066598 0.736206707354543 0.030505706168510206 0.0470477168225127
9 0.2600811213416091 0.8475209363754999 0.03535684740221221 0.05644998789975162
3 0.5147773405023534 0.13345038777811463 0.021348894480112967 0.05949317466803503
3 0.5276433534879968 0.33350492993259234 0.022693206168510116 0.047002265027114645
3 0.47607294520816634 0.42225835772388526 0.02255683847375849 0.03918976502711473
3 0.37334914001259073 0.5341493036655509 0.027298885551659248 0.04234203610435348
3 0.4375458279171564 0.7212225776696559 0.025790932629559827 0.04545794574527377
3 0.383273159491056 0.8341765747427898 0.025927300324311543 0.05327044574527377
11 0.17244951866768637 0.16817380396013853 0.04974662986961631 0.07528180113146817
11 0.19657772889009106 0.8791794816532356 0.05298072402541769 0.08154998184962707
5 0.5853797613607904 0.4189884328594585 0.03223184740221221 0.056431807181592394
8 0.32052987743068906 0.6408623910977643 0.040098894480112966 0.05960225897699036
8 0.28463587296975745 0.150859559813871 0.05147277110331831 0.08466589149054778
2 0.25690948254353907 0.7553243460164204 0.04667617694751698 0.07838862041330899
2 0.3660394261334428 0.4286487374087723 0.035275026785361166 0.051762487899751616
6 0.18971665949435132 0.3518493671918551 0.049473894480112926 0.059656801131468117
6 0.6041878571381496 0.6909452460911751 0.03379434740221221 0.056440897540672094
0 0.24932130478524311 0.5443641201187213 0.04475912094116259 0.058067030054229286
7 0.18273204829242137 0.44398687021691713 0.06682503571381497 0.06913179508134384
1 0.5338366266199102 0.5093043606507516 0.035465941558013546 0.06269998789975162
10 0.5621881286518003 0.11966514373004296 0.03924550649282175 0.10021816861791084