11 0.7562353429268184 0.4578086868328131 0.07627333992388792 0.03299564437666671
11 0.5669818419382352 0.44872070829996574 0.06064833992388792 0.03263196846486114
8 0.7544937707974277 0.5108427678548617 0.07464717292769336 0.031396776785486226
8 0.4757148547898165 0.5074761528291323 0.05771434091247105 0.037246733282499986
6 0.7722317105310351 0.6205268923798964 0.06702567391627667 0.03590243882958344
6 0.3862305435348407 0.6099815973582989 0.054525673916276676 0.035611498100139014
10 0.5787125207974277 0.5067514138470491 0.062274506920082115 0.03423083605604162
7 0.46785859243252687 0.44875511626000036 0.06858817391627667 0.03593880642076393
5 0.5785652821661342 0.5606031124602783 0.05765067391627667 0.03568423328249999
5 0.385077925930624 0.44760888392743087 0.06064833992388783 0.03263196846486114
0 0.7676277821661343 0.5650035909931257 0.07002333992388791 0.03285017401194459
0 0.48103636615852297 0.5614551380114934 0.05752333992388792 0.03255923328249999
2 0.5798850430405491 0.612147428664688 0.07652800790866543 0.03924564437666671
2 0.47935846102532675 0.6160517190335421 0.07365767589344294 0.04542290919430556
4 0.6693812831547173 0.5673999327487506 0.08121550790866543 0.03935474715020852
1 0.6622426038012333 0.5071345799752088 0.08421317391627667 0.0363024823325695