11 0.2379303312380953 0.688665273067064 0.0786340773392725 0.04784435775648745
11 0.4300541965706863 0.6840619029861046 0.06299089600572709 0.04546298620519007
6 0.23055527792809424 0.5172815959978425 0.07378294533736349 0.033536196291098365
6 0.6195995965945488 0.49845419437053434 0.05661362667090888 0.034197937584671226
8 0.2394115625795949 0.6284680794894992 0.07539998933799978 0.03830558344622812
8 0.527692812579595 0.61335989936806 0.0629727146721816 0.04390048620519007
10 0.4214155405792767 0.6212719759168831 0.0676965773392725 0.04727114767057934
7 0.5331701059039136 0.679438600747541 0.07252952800763594 0.06001680913596861
5 0.6191712405713226 0.6694660572154046 0.0645715773392725 0.047107373360319824
5 0.42520415925368554 0.5640769516066235 0.06600680800445428 0.036251760515449406
2 0.4250410745942306 0.5109928951841886 0.07223862667090888 0.03501680913596843
2 0.525840505927776 0.5041486736783195 0.05981135200509069 0.040611711894930735
0 0.5237143845878672 0.5526680608334493 0.05661362667090888 0.034197937584671226
0 0.2345882499204582 0.5732859345324532 0.08473862667090888 0.03567190637700648
4 0.33306211258754914 0.565002043759279 0.07856135200509069 0.041594357756487454
1 0.3354416779121859 0.6289007694490195 0.09117044000636332 0.05162445499752551