11 0.7356218433711456 0.3405644352323683 0.07267508700597229 0.03521134134309047
11 0.7476698613229165 0.2256115972310956 0.07605466014423605 0.04618520401018138
8 0.6341320785535067 0.3386212219128222 0.058830792553055566 0.04442270934118149
8 0.6381143297877776 0.1675274719128222 0.07318423328249998 0.05708634134309047
6 0.43691158643729133 0.35575581993954825 0.06013871941479163 0.03350339067472685
6 0.438860518617361 0.10423877327341184 0.05766833605604162 0.06159202800763604
10 0.6445084937317359 0.22837406524509496 0.07950696846486113 0.060284066677272284
7 0.7539393515392707 0.15758830323045928 0.09538654160312525 0.07140338001272668
5 0.5397664423449651 0.23193596459263982 0.06206489532659738 0.049146572008272396
5 0.7448377616835069 0.11239398189850466 0.07630923328249999 0.05712270401018134
0 0.5369843216196525 0.3514672145926398 0.061737587005972115 0.03508407200827239
0 0.5303018297877776 0.16878198392745788 0.060684233282499986 0.05694089067472694
2 0.43909429511850673 0.22842116060632095 0.06366376291777787 0.050727253341817755
2 0.4382416163569095 0.1643859326066391 0.07325696846486132 0.060211341343090474
4 0.5322617604492359 0.28591493992682154 0.06998649810013902 0.05392497867599957
1 0.6455975618360068 0.2822530432447768 0.09498649810013901 0.05421588001272663